0,1,2,3,4,5,6,7,8,9,10,11,12,13,14,15,16,17,18,19
-0.005341142107315358,-0.019859334498633592,-0.004733033500302689,-0.023616066977625375,0.6462971843804592,0.11973020287058687,0.12232731437045041,-0.500940482688456,0.14718089273885426,0.3004605249084383,0.3819671072359878,-0.38543678831296346,0.9155574178153487,-0.7482427381782009,0.8556839846760769,0.7484171691673744,0.21196209788988396,0.7409113419137108,-0.48547513171603884,-0.6507761541195309
-0.4052725051767022,-0.029690124395993105,-0.010093494777060605,-0.30536560939126717,0.41200014154448117,0.08224900753774296,-0.4210269000181241,0.29913878330528665,0.12132169338865023,-0.0049963856197966505,-0.5252977480294438,-0.786668684614336,0.6860393109481349,0.062037345337520255,-0.5854543440673243,-0.48529570654576926,0.607114418893929,-0.5526111407142698,-0.4931950562079741,0.2974758108281619
0.0572035051911815,-0.015421317748775518,-0.05019928953446411,-0.023158048277634957,-0.08251937315673295,-0.2260847995141192,-0.18239899248882924,0.11452728731003259,-0.3241682582888293,0.6512280386779029,-0.6666690478500423,-0.6116991319714771,-0.9451628315956948,0.3265283416032392,0.8898932216812576,0.9670517470728264,0.07550352471330046,-0.20011530060385563,-0.9015879682150636,-0.9780732270531887
0.14698412888660028,0.31757618713481806,0.1827436951276571,-0.053715257093920964,0.07445638351887784,-0.2360008859291292,0.2987752841373045,0.02424990708036112,0.1778910906778118,0.47456523127847605,-0.6947582746035961,-0.3014966619895272,0.9106893584111238,0.5106153255829098,0.43139881680401415,0.17540390668509986,-0.7395785148429475,0.16011261308308988,0.6121074674313893,-0.005653686309148531
-0.05888430917309645,0.5200946319503187,0.18051804088768442,-0.340459835892143,-0.003939162424655335,0.20885151970379912,-0.15841453022492055,0.19075197343478395,0.43503318836769167,0.08982939720496452,0.24074061320509443,-0.3845316469516753,-0.612456289687322,0.6814801021674985,0.21102712359527076,0.7861075578590235,-0.6134085043008455,-0.36515544424404744,0.335557121036691,0.6849932258636942
-0.0012245417756062763,0.040641636279499405,-0.3011905195584327,0.008146322690864884,0.029815758730789437,0.05243729584018647,-0.060182407748374925,0.5921464989185253,0.020666716444108144,-0.03139390953978399,-0.00032195014920133325,-0.9822859845676173,-0.9407632408982041,-0.5384830135225687,-0.14166658538922317,0.5205071748861569,0.1303218922564333,0.5378775608570918,-0.551287907228627,-0.750395232513716
-0.1371940671212658,-0.00857342442791953,-0.01517631777222711,-0.19583350188458626,-0.09690110159078813,0.3685374235162725,0.24685016513044988,0.051736037646425204,0.4100120661151867,-0.4228811625890101,0.22480123367719917,0.6719401550894937,0.5876048714886724,-0.920702011611888,-0.9887335406062907,0.6996398376509174,0.449482415943246,-0.9390600778163525,-0.7761262168050016,0.4940821651463665
0.3505519929080907,0.10338252236677836,0.5181255000454278,0.039529165644523856,-0.036831303094922524,0.4484199036156262,0.29424987460826957,-0.058597219905136604,0.006143891018516631,-0.3530782657645648,-0.06425337936805264,-0.09232903650498048,0.35309955025076256,-0.015965574500486968,0.8568661636855992,-0.503262815147717,0.404157915979549,0.16103858958683115,0.870213914393253,-0.03854972194321693
-0.5022120476815177,-0.025331941778908712,0.5512292207526358,-0.032678429917100404,0.049737807964360836,0.020836252391885426,-0.0617058644041667,-0.0244182893727852,0.2330563791009439,0.18827708227403905,-0.3453366125715829,0.6240422736334865,0.6395914537680141,-0.7861840931620194,-0.9670946665218962,0.7368451349742746,0.8333422486768274,0.03847395410003274,-0.05506732910804346,-0.5056042907970715
-0.09799489829979775,-0.21492090411593304,-0.5169043772351886,-0.0660396903057579,0.0019214529328210536,-0.007205189671439079,-0.2047113742001905,-0.10235802272520073,0.15984696240278595,0.19759848485242665,0.19321429087356723,0.12887943746484365,0.3662183793462781,-0.2880294073162182,0.3053874007908324,0.2916111798906764,-0.47405541072003254,-0.8850713721856134,0.495499266189388,0.5522854031258042
0.035950474487589534,0.3866591383050644,-0.14048181280947247,-0.6219076326973935,-0.024037517441876724,0.04960513296349574,0.20138120215509586,0.19954297625098272,0.24964238422537707,0.053275126576512746,-0.6514263791644965,0.5930259851943998,-0.23799730424218013,0.931417942999367,-0.02500391397592061,0.9977753744305216,0.44885464441417144,0.767552968640907,-0.09482371741474349,-0.2870517267589139
0.06797106483451196,-0.007225295608934812,-0.5077378781574032,0.5046907955570575,-0.01881674557350463,-0.19419961165640964,0.16464390823765312,0.32454194395257896,-0.04385701491775015,-0.09838548751425441,0.7224987774268086,-0.35998418123648235,-0.2840936368931204,0.5241407987779196,0.28234245521675505,0.6429860534509488,0.20302450063838728,-0.5709303905483047,-0.9002424994002933,0.7465950922174776
-0.09310583842141504,0.020097614618229676,0.032924927676163465,0.10168766879503363,0.046641398768616976,0.6391411323765936,-0.0669670392092599,0.07633955222136335,-0.03153035520201293,0.029604611159958688,0.5993873667496163,-0.6972067706895899,-0.49281004292316344,-0.5670894873733239,-0.7328838140798144,0.1183313566359947,0.36724284433737653,-0.5872524767791343,-0.846674100880628,0.2473263716964318
0.1878912706977415,-0.03404402248092231,-0.029941442270331603,0.11182310341128887,0.14245280234307012,0.11000848230831423,-0.16592848638461416,-0.38254416996109053,-0.16134751340707934,-0.6079573378496805,0.25273885907786764,0.9049937101627377,0.8463930284533676,0.27651879525500767,0.2829400095187853,0.9856475507497948,0.7717834212061263,-0.8553101434348971,-0.5039797575442577,-0.8194112584122204
0.002950676511872313,-0.0005570036691210649,-0.7498700634795903,-0.040827746768760415,0.22152025157779703,0.06813499883422681,0.03059084147068431,0.056130013398326774,-0.005444343000277905,0.009256927430196972,-0.29047105635192727,-0.5293903542350995,0.5977801328684966,0.6609958480671501,-0.3079901528794611,0.6785893492305863,-0.23462471734198487,-0.9279829294274355,0.38597860460294964,0.5511285925866694
-0.005169090380914348,-0.08987032396513456,0.07091163868452505,0.07786505879850136,-0.42988357216662326,0.04286651113210208,-0.16596133447977757,0.00890853840689114,0.7662124617474819,-0.10468806630586064,0.28152114582401144,-0.7361705761324919,-0.26028073776953686,0.9426596581470881,0.3059070740237837,0.3954541002407901,0.4226162511676681,-0.17610398636051516,0.12776101583325072,0.0975394741474307
-0.01820791306486609,0.136042587588662,0.010713427555036237,-0.053365908235200266,-0.19010711188132856,-0.09299913307227631,0.6833078164513282,0.017462362304933733,-0.37067734843007566,0.091443174569039,0.4226860761113831,-0.3544662268340313,-0.2725468986841184,0.050777692982901135,-0.45354561878387,0.9406648382994314,0.28096038767434717,-0.6352884123530205,0.3099293414100257,0.5594265211822358
0.04321482944593441,-0.00975794918448547,0.08005165543345397,-0.15427825721223848,0.0051687421748925,-0.13207516891904883,-0.4110140542472543,0.19558932350571073,0.1349355784592025,-0.15305550624578884,-0.6548756188441853,0.4574477865519673,-0.14012518240045124,0.3347757770673714,-0.9341864367494523,-0.4060596203184015,-0.3141495338854725,0.9842694207346792,-0.9203807759548774,0.2527336720814848
-0.16223201595694153,-0.03323475580477678,0.24099977011431478,-0.009218501550075753,0.14281635773839793,0.051888638414667565,0.21463919861725878,-0.5642244850876377,-0.1479570201526399,-0.2090512398749125,0.43363212347854496,0.05878762435608831,-0.3215809785014192,0.9842687424722272,0.08138853331096674,-0.8396906610727568,-0.7145210675960882,0.19167265377553,0.15288125277269704,0.8005225452999063
0.12462386875006261,0.13642787282338145,-0.026532026882252042,0.07698996617004154,-0.03725795374805471,-0.6044230936850079,-0.047593547662562435,0.03031667917432311,4.986346604993197e-05,0.023908693237922815,0.8368609576882136,0.9725143288563916,-0.04823928681574552,-0.04068758788027482,0.1885529216700237,-0.11153211067659763,-0.9842769247233052,-0.9012203309794731,0.6358911694674239,0.7527783125413017
0.3427966460338918,0.044942871584373614,0.015441446623095684,-0.27691115304488323,0.10130345103228508,-0.012624343397770021,0.017212777148510466,0.4307297445926761,0.02722425254969485,-0.5048240784105944,0.7900012138881849,-0.8934250515846522,0.9392271920032953,0.7211798814770722,0.6096373917396387,-0.13008165748798284,-0.17397361826331448,0.002734409853970776,0.37470850499317976,-0.8097754064403635
-0.06806123058872235,-0.08962340798336471,0.16821031207309073,-0.12846765075843686,-0.2223635382638082,0.09227189937074137,0.7689886811027189,0.015427201170232198,-0.00488524645262484,-0.0548141000126014,0.5580017447341252,0.17701732293840688,-0.7769154046828077,0.9166171812562816,0.02537806001170395,0.9282898761905001,-0.19100683557248588,-0.8461082414259575,0.3415364625855677,0.13719540788815343
-0.08384208138065015,0.126563797255911,-0.010781700130389621,0.01766099373192879,-0.2888516665497189,-0.04481499940958979,0.21941458207076353,0.026540541783005026,-0.013826700666379893,0.4991276134121223,-0.5310910575520282,0.010078097966512933,-0.8094437591090087,0.04752942620708822,0.8779941795185007,0.5733153176722772,-0.6226963661707536,0.8109028979829462,-0.49207495514876376,0.5665343333513304
-0.06176462658414328,0.11848256570747995,0.10171201090531323,-0.015825272912373664,0.16092278954830608,-0.20660431061501203,0.39323917433836597,-0.054326551612596065,0.09139234180463143,-0.5771224188569984,0.5036291613671613,-0.5583720618752732,-0.9866141754306395,-0.6574295650181645,-0.9118976304889073,0.19110305523592475,0.667714816820828,0.9874568827214623,0.7341405496402893,0.11320166187159786
-0.5291054436015057,0.11129794922916625,0.1636337177522812,0.17517874999607042,0.031397496377349565,0.33582858788372183,0.4095976078100363,0.11398169014638264,0.19658843962868877,-0.10011754036941808,0.4480944853655864,-0.11571514768584601,-0.378540233242743,-0.7110190374747998,-0.558709176031531,0.26450990929413387,-0.713486233359194,0.03222457868714668,0.9674806676233052,-0.6318609058181208
-0.15367707581801124,-0.1639960232060712,-0.7336406653057624,0.006424347502256407,-0.09202854676863603,-0.28348093021620197,-0.27807450980606646,-0.14799871086467664,-0.18787117828892097,-0.010489319878605949,0.5456102232712174,0.035075447170196616,0.23175872997491753,-0.7576271451423995,-0.7269024050411741,-0.34583448789947746,-0.7934756043743982,-0.4868062203722068,-0.6960152753068414,-0.7343283941384122
0.49216912711591937,-0.21637611232500473,0.01868902148626205,0.4872289093235652,-0.2289366980971955,0.03790749648871769,0.07946298463063572,0.002618220119345333,-0.07611863818944645,-0.13075053231898026,0.8286712444349895,0.5815257551525481,0.23185652803026469,-0.8950481138076645,0.3812762381044055,0.7657152859328424,0.6530615620310074,-0.8188665935863781,0.905072384357251,-0.8871145453262905
-0.10068854922170571,0.48978527808524597,-0.13788448215310076,0.05320102820864499,0.1019777601949152,-0.0788515810540428,0.03886785903202293,0.12689961758854607,-0.2225261003770888,-0.20911140526747782,0.24780813843309346,-0.4916008359847446,-0.5048299392188871,-0.6248899553491656,-0.5407015529595338,0.6858795109575928,-0.1796829508650717,0.3688474826837269,0.4954204015525261,0.24739275777169567
0.057713206919414034,0.5090343507710298,0.06916103517535493,0.03004705794032373,-0.02237786081659021,-0.2534190192686298,-0.15136755105441468,0.33651068665931727,-0.019266832590741974,-0.3471395225511089,0.9040530189713727,-0.4124019566710577,0.6816377076234537,0.45322643278455965,-0.4697658358380077,-0.24457550270627926,0.3896846304298014,-0.39208882771002185,0.8730518026729435,-0.7114563664391098
-0.7184193129265778,-0.006145160215535378,-0.340897589210832,-0.12051802622297741,-0.11977350208960942,0.1262843959187968,0.2111106977221175,0.1509988671003111,0.06070920926119358,-0.0023625178811679665,-0.5294478221213181,-0.3051890571855984,0.651059371375273,-0.8732928426186337,0.2347608585576515,-0.2852361529327134,0.0727072969169289,-0.8263244314015925,0.5016589578181183,0.5567504337751727
-0.07588235066656877,-0.07888323897029859,-0.2987709909399402,0.024980279331603912,0.1879250397883664,-0.31586945226031027,0.0595184197595166,-0.22834439315364385,0.21361793232867587,-0.1754292812418255,-0.9999139095588563,0.43579246600487864,-0.4565114986093801,-0.6360274076121193,-0.17555495462312565,0.012027785840492022,-0.20917464684707077,0.6910712007698816,-0.4911955246207438,0.47479723282232644
0.4634835339109211,-0.030861399474056445,0.07613671017580698,-0.13667391171709353,0.17549779200254734,-0.09502260960128883,-0.007555823975341824,0.3234752599744501,-0.03048338323700306,-0.28393250422238525,0.42381397323418923,-0.1381349396277125,0.45470125201066613,-0.45886321701852295,0.31215625789763224,-0.4643372504770562,-0.015068109572553112,0.8659724262025297,0.5754219361295598,-0.7979054083892358
0.030911843435020597,0.31714373800629403,0.16992639306724744,-0.41121964762066004,0.3857511679131417,-0.35040531650598655,-0.20281388064191574,-0.11537828618382995,-0.0954730612776637,-0.06903195559771114,-0.8110618448395022,-0.5639376824292082,-0.26169903090235414,-0.6322308899117957,0.43291272059104413,-0.7120573031141451,0.4407363941422222,-0.5514769879989379,-0.823139573930967,-0.5907057030770726
-0.08774156536920216,0.034855395800759525,0.11733959993528711,0.2028097683540918,0.007413625158524062,-0.3678542458953412,0.12543683607008987,0.26248855575253965,0.002047922777318134,0.4457058011888603,-0.9633703635149189,-0.8595838946556096,-0.39386572343400794,-0.6547830991232062,0.3283289491864838,-0.6060953962201416,-0.25630946218124406,0.06500363012908084,0.6716928439126428,-0.5729218870858148
0.10344544913577075,0.5074239103668117,-0.314156475652849,0.13961127064269818,-0.11220514659808208,0.03385177923199985,0.053796138380643,-0.4659056478834648,0.2109883119896121,0.08566528931297246,-0.3737100179020687,-0.32615529803002197,-0.9882781645272274,0.08366380056197897,0.7862377686002746,-0.7355975409784701,-0.11319834734676171,-0.027514267977813534,-0.7311700833130139,0.4236788278670294
0.3856582535309908,0.6517071723985045,0.09254497502368861,0.11747088142902917,0.060657353194332464,-0.08894322935390356,-0.2222156376296936,0.15778634523609514,-0.021302799593360955,-0.049626879104104696,-0.9556991713010654,0.17489519836906764,-0.6411081654335216,-0.274984865786817,-0.6322517846548927,0.07818509348296065,0.9301931786765754,-0.17121015594657107,0.03566328648666861,-0.3381302408523481
0.20900697023837284,0.02589503019801037,0.3350737624097776,-0.39635952642261396,0.037813517783687634,0.11566042437322946,0.3455624858563672,0.0030007080995092528,0.3037689476375175,-0.036464456296216155,-0.37675234754403153,0.8887821650611623,-0.8701435839707801,0.2720053747377784,0.8032119972655964,-0.003714362943335825,-0.7173998113992097,0.43545554625172,-0.7887341330191497,0.6712667546463196
-0.048709886891654286,0.19748992460508275,-0.1331329969838249,-0.003215657622552104,0.2033683863811721,0.39090965310603043,0.19942576085117816,0.414930276757422,0.03785437591751317,-0.3817255797410327,0.38973322018262935,-0.5631290728549769,0.5658925870987699,-0.10457146170138465,-0.4277218790206736,0.27073875983002904,0.4810786291096125,0.7211611520811718,0.7444071628991298,-0.4542623090176774
-0.2231810189982452,0.24866733491562537,0.03566310853419086,-0.05163597565458085,0.15942699262108373,0.5710135132031138,-0.4507623190507921,0.10818297733614807,0.150034744419143,-0.22363588525069375,-0.33203658450594964,-0.13899159828813534,-0.4834800315114922,0.22100741445957017,-0.36454841405347693,-0.24173148722517235,0.6486083842988861,0.5585208767922052,-0.38650074383421074,-0.324381702603983
-0.5561481143109386,-0.06366916771786679,-0.27017244607651675,0.11985960378574567,0.004616135641935748,-0.17492243187811984,0.2973423037459646,-0.1240946435169708,-0.11078114857530821,0.16585872330382168,-0.11457389092418602,-0.17961573678499887,-0.8155801940272207,0.6779679708978823,-0.5815259763564324,0.09205628651734843,-0.17281210869468455,0.8332226449628366,0.9934620202062228,0.37686397988747355
-0.026800564022533988,-0.20181591356373457,-0.39981957667182777,0.04174392294496055,-0.2570599156190989,0.18301394258320897,-0.00822129191849951,-0.25833918625012586,0.1237281673258917,0.08411707002345953,0.0199765253846369,0.7645170888562456,0.46029250979519487,-0.11447789578959466,-0.13493102438609839,0.5284083621484701,0.031057431624259557,0.14013820280949174,-0.021899778354306676,0.6801715385128126
0.35843931861291584,0.410432603192572,-0.21786482009719602,0.06746904160294234,0.1062046285423003,-0.29462373587554125,0.00765736182254767,0.08754704807641009,0.021832689562686643,-0.07539805048069063,-0.751737270095199,0.2582535032111204,0.7555199483595447,0.40661317310831735,-0.9434318441619978,-0.8372308111064037,0.6792370916442936,-0.8614241680829913,0.09760978060988101,-0.9415858127930559
0.05297771590473627,0.06606184283895233,0.09396047239547015,-0.4363917497241863,-0.2838331915370408,0.2888206760898947,-0.24792586315637183,-0.39860879685512685,-0.04330098065891788,-0.06922362126423659,-0.8859457314923689,-0.4309655634430163,-0.18948770592231767,-0.5235209034289652,-0.7121770340270825,0.49706933028936895,0.4341445779647912,0.44898529971078394,0.10684726737121153,-0.5505492599520125
-0.05053095840813182,-0.05266059178992047,0.0015592044207889122,-0.06417240968574875,0.24277706307104518,-0.1543325862475724,0.08676756248674358,-0.6358400956015978,-0.13226805751205578,-0.10682809076347383,-0.649705448984941,-0.29333257530897305,-0.09488874734566166,0.8269115697011005,-0.12274132601733667,0.46918340039504103,-0.6750616822829436,0.8693202540428611,0.9821149891950853,-0.04792398805122455
-0.17408455184355495,-0.011190406482308068,0.84491888962127,0.12850682294163907,-0.1631920118159832,0.13982766177049744,-0.24072319913999707,-0.058665832545451324,-0.001534708837220955,0.012928661128037283,-0.3145142739524833,-0.49508785061830296,-0.7666695677731179,-0.8880621772879378,0.9982857077237672,-0.5257969622825858,0.29709843048515183,-0.7565053608315075,0.7967732455831809,-0.4282966117088538
-0.10505128906356534,-0.20877300108346775,-0.254951214898981,0.5056751625555734,0.18109748618167731,-0.0951561521064439,0.011534257416133231,0.40340454255357905,0.16842801072385602,-0.0753479026796065,0.38377971874673356,0.0004193824338969421,0.5807102177003876,-0.4923176848257056,0.5670780095715766,0.570425810861825,0.3797275218135896,0.19684831897828325,-0.9358940230607711,0.8084608090611631
0.10489389537579666,-0.23832441942905377,0.06553884340903941,0.0017239243753739142,-0.20000716877263275,0.03386214099549294,0.07563460591984475,0.07112948770209115,0.5652933117779131,0.027363544261159653,0.7451788650288647,0.3265946851289161,-0.5547586822352817,-0.9619265957407983,-0.8239511953711078,-0.29029650325851986,-0.7007525101388077,0.22134215250214506,-0.2604452769437806,0.021960703201597154
-0.006622714455360327,-0.15719298737318224,0.039509094796350175,0.052149843855328906,-0.09881024062673897,-0.0030630416024698673,-0.05158798855334059,0.6489490461788482,0.172947449982429,0.10879730966341453,-0.13020070567111275,-0.9665835142728736,0.7928745921426057,0.11459919035837873,-0.6010368475601244,-0.5540719500586808,0.17327770094180694,-0.178043750415255,-0.6420877222510941,-0.5608885092841616
-0.2086533659427079,-0.10467947798857286,0.15139656626615566,0.3629528762096704,0.37682271832154196,0.5135765498984793,-0.05974056732639699,-0.18656268454320551,0.010477786413455425,0.051163983807840444,0.5173129556909963,0.13596386472032007,0.6251446393260165,0.9546042435183504,0.9394927801543662,-0.7144179842213927,-0.7337224083386857,-0.07382787958263526,0.6299776886170434,-0.1751724761779334
0.09472903975397334,0.3735364860870961,-0.747606207306742,0.15719477007349664,0.11201024668119089,-0.05330218369184056,0.19822923745698784,0.12992828691826325,0.10526007255365333,0.03421340262279454,-0.83294654892702,0.09151232482355898,-0.9989664181642297,-0.8035789183788797,-0.38432748140996487,0.37881820800329735,0.6513492133173606,0.17588133096642333,0.6297250413850977,-0.3471691483127397
0.03110713205364575,0.25232569573878244,-0.18732659734530238,-0.03553573875693783,-0.18106761813486685,0.014735212944212941,0.5037307589299526,0.3995718627847993,0.3894992214697993,0.08024876399554412,-0.8569917807900005,-0.9074025930631671,-0.25554486094418283,0.3748207879003447,0.6175604706798181,0.8399708882527646,-0.20376689931201808,-0.22933000025828632,-0.6904571438010743,0.5384529691080089
-0.6360814888757033,0.004915158527720731,0.0011805859624165471,0.14386714503910822,0.2696922302743127,0.06222519984145798,0.0621485870059075,-0.31988189512239823,-0.037569308482135605,-0.02109759429579261,-0.17984977479746145,-0.4896284858726345,-0.4850504577944035,0.532761186956531,0.4089416700916406,-0.332161730216024,-0.6854496123972347,-0.33718601628499756,0.5978947687051122,0.5024970093427557
-0.10033388488283304,0.6831974688564333,-0.05117363404934577,0.07178001289499797,0.07423152699752747,-0.39687095094975683,-0.10097397642028212,-0.006143443746876455,0.002114494186665733,-0.3791875061289456,-0.983671329455793,-0.5625555726743767,0.48323190532296434,-0.4034687387301148,-0.08058204144501246,-0.6747098357537094,-0.7155077775626806,-0.5282103086525172,0.347195637688283,-0.07825399636949149
0.5315642300883967,0.08052556977031677,0.41140252850881776,-0.05370041833453559,-0.018931707133710285,-0.03350385309584473,-0.15253581138645467,0.0798675809540168,-0.23214733965005013,0.2445061145608174,-0.024319662142638476,0.429590667393555,-0.042603383105165316,0.11520945424516871,0.19211089581116192,0.34649345956713073,0.9294787562943576,0.9950702174676194,-0.7737869883913326,0.06218343721061759
0.18050319142695878,-0.25601182214320567,0.0874823457288334,0.028279978819574003,-0.06712000363540938,-0.4832111873426629,-0.03747883821489503,0.44440607998957804,-0.22005157618546553,0.017808429193931552,-0.23184846755898003,-0.16681612019867642,0.50568345305755,0.6095347651277687,0.9976639900962929,-0.14611480398492538,-0.17007742136073367,-0.5048022200879756,-0.9552106483129785,0.7104638220965962
0.051978368909757586,0.08067252573702066,0.3104997630115723,-0.6652301076890565,0.22959171571335368,0.1267308570920202,-0.001183088559404577,0.06149837939079397,-0.17162557160986147,-0.004408432312387092,0.09490674954612066,-0.49716436522599494,0.06531898350819931,0.9413415154005176,-0.1812243891362162,0.5356990116850089,0.7968050076239455,-0.10461784250217332,0.28610105321161705,0.6241723904308176
-0.098093693790824,-0.09749515647344298,0.2781811178054927,-0.08724927877353915,-0.34231078036482365,-0.00734132189003861,-0.0189630118885189,0.040972520740229806,-0.3171994860746687,-0.12835227392578902,-0.043153686433043514,-0.35775697949588614,0.6994727841303114,-0.17678218546825453,-0.23316588972844277,0.5346118787519667,0.8467192219803994,-0.7929175850311823,0.40649351038059933,-0.210890814122368
-0.6592191651817825,-0.09015146598213188,0.11311531741538428,0.10832372124600953,0.3926372364509087,0.2420303226580726,-0.1606005349098164,-0.01078401994766498,-0.004993133388335097,0.06693823268543753,0.16699873880095573,-0.9725173178711606,-0.16952131089826716,0.3636245667323341,-0.20461206691998068,-0.5148455238604519,-0.43238804217037763,0.8576385233380661,0.13361878264845273,0.8530320850323942
-0.05278928021504899,0.030216314742717243,-0.1680482740508874,0.0486729361160913,0.18091423290461028,-0.5272309828426783,0.22094691174148656,0.16914863164760596,0.3042618305730484,-0.020527408868981266,0.14163194784278832,-0.5359496207070469,-0.9964445180271266,0.055366216172272775,-0.8263235827933277,0.1467474505226971,0.060490223348862227,-0.5881371508351487,0.8890304786316918,0.9838159118212295
0.02838796197909106,-0.0306692112343308,0.0243742568562722,-0.024098667472810083,0.8292976622442773,-0.0054698372909334275,0.16909874743241077,0.27352301007003765,0.008277329717270859,0.03802075951197838,-0.14648960223754037,0.9877636816363131,-0.7895510969040558,0.2854668009739316,-0.9609068145788979,0.005451502474596692,0.6396288868811784,0.547247007493695,0.7913439299810303,-0.9481289498677403
0.35870291824336603,0.0303770229648892,-0.35340414657829244,-0.3434351853485459,0.1077561553733477,0.06734703798923429,0.15868096881369273,0.5007908565179299,0.15968720119677593,-0.02951829488887149,0.7305262658560849,-0.25524861364940343,-0.7130031134470558,0.5455292452470542,-0.702017219536202,0.45332473463846656,0.6493697998666417,-0.20824116275708882,-0.4642256322088336,-0.8953639408852017
0.17988370878124882,-0.17233586463478778,-0.18246652781507683,0.10605671135036476,-0.059607898523160535,-0.11654501616564988,0.04392681945437843,0.22070840978423067,0.2686241396019966,0.3908148609116376,-0.267891169640986,-0.42446847488655437,0.7298044883501429,-0.7155245026857775,0.7485223781404495,-0.43718308466390643,-0.6805458839612073,0.062498847472480135,0.011099782335980635,0.7108949001277423
0.0826358465695757,-0.08401760169374281,-0.22759097137890705,0.5671908043523395,-0.1750158376912227,-0.026200906488971915,0.0003347672738975016,0.09329202206776199,0.051330861193330496,0.06780314708487191,-0.8661845175856902,-0.3612283503988094,-0.6342308580421596,0.4098874287420742,-0.07487392023503125,0.03307972968026651,0.9001859731449704,-0.4062371600617567,0.7084741748471677,0.46570629993454804
0.006244042593108328,0.011259205059421504,0.008600236468611853,0.3354406029283823,0.23820008454067007,0.04146013950790485,0.04897632487607885,-0.2079860375723094,0.6258720895824245,0.004964065354940608,-0.019089650267488878,0.6571031322882368,-0.4197287370429743,0.6636173280193147,-0.18310693427796765,-0.25543641800300443,-0.11421046416819647,0.055315434916377804,0.1707484078691477,-0.9803210014871109
-0.5081605819937337,0.0998014542219991,0.10077515151216299,-0.3646082480005835,-0.14380551636222294,0.36687628144656315,0.07050547269186838,0.1045772251260309,-0.09873599177224748,0.11587492323524473,-0.7869101571206727,0.6607327598560193,0.4392821118276993,0.6153812622253132,-0.5978631801443137,-0.9919303472235872,0.6747623084036016,-0.904792043027431,-0.02720990762570441,0.9727561572582919
0.42330663169422433,-0.05100087948036369,0.20298200349943085,-0.09292926985291661,-0.13840127390145335,0.23317729979540025,0.3980433907698935,-0.37845610200579527,-0.19247784421059683,-0.2055606669035428,-0.36346324006103226,-0.9374607256039527,0.39681248333882424,-0.21246666954622362,-0.18715084984337382,0.504955329080832,0.1959684345798134,-0.6663204906081812,-0.6608602406264867,0.07998549566458757
-0.01665210736617101,-0.059397897678635195,-0.7840216438462526,0.018141287139628023,0.012491144610162777,0.08221966184492388,-0.34189617596278,0.014146416999866296,0.22614913024953404,0.007398437571556633,0.6476160608694124,0.16322152614590202,-0.8750521979959416,0.00737969924805526,-0.24651273644771798,0.1154062139429195,0.24587873413801864,0.10114271890661386,-0.8046056621043891,-0.5681301286214442
-0.15229894987798442,0.14119052736592252,0.4046299312171354,-0.025279537738867527,-0.0007565485498379895,-0.03969423460782488,-0.05385618861413355,0.11575294958605034,0.6876116085221904,-0.010215469450316256,0.387258345764125,-0.5418433909289084,0.7500501706613383,-0.530943244996054,-0.45669982930237296,0.26605881086286964,-0.6922908397437271,0.28046428975687765,-0.8433454990621176,0.051363047395707184
0.010805366341220979,-0.186188845004253,0.05619877444357471,0.014856155977402204,0.4223593162947483,0.19369963224593806,-0.016622446851368156,-0.19569323904892494,0.04572198659831046,0.3551340168945061,0.627535106142391,0.4006405948488512,-0.5930298712360595,-0.2297330283716792,-0.8084378106944023,-0.8635922839393841,-0.02495930892971021,0.851587756031513,0.09961682077213108,-0.9068914496868326
0.5466311488669929,0.5254545702484517,0.022125883683398823,0.08301395002818421,-0.10758443440982593,0.10255736467590162,-0.35059383580052284,-0.19765992873446303,0.018395603577223488,0.16640166197238976,0.7119849563853724,0.1251310219997135,-0.9483239051733494,-0.038913775097185965,-0.7971351608207713,-0.9303334352068617,0.1901519022893534,-0.3649064817454981,-0.17505986339145085,0.8476139722772256
-0.053180344530691065,0.08977840913045826,-0.16121749617953013,0.07819252668897697,0.01510318250646936,-0.21196041500897111,0.16558535901482652,0.14589279498072283,0.6366424254953378,0.008873997012486187,-0.20627902984345559,-0.020834087480591457,-0.42438807160304126,-0.6197683161102023,-0.9946179278366429,0.9637173708753577,-0.4658183266310745,0.344506507574341,0.5865333241216129,-0.8864114400585379
0.19095365538850662,-0.3810831658484659,0.35668064217811213,-0.31133234302507096,0.17332394533866247,0.4038428232615455,-0.026462603705899646,0.05260149855125118,-0.029289562338101205,0.19527138615023276,-0.20469016190941458,0.2690040260530895,0.5324100377374681,0.051651072787536556,-0.8404938235413928,-0.4798533753368397,-0.4500522489781986,0.7308672385631196,-0.28911120044902683,0.009840101625101072
0.25446791804057917,-0.6525701445149797,0.09230325405256526,-0.3828749389580711,-0.2315814579330133,-0.1290189036776421,-0.05045992395561108,0.05538348656592858,-0.1971639495649098,-0.06561335885615961,0.4251696833162857,-0.8492215478573686,0.20719843616961353,0.11232864486117022,0.38851314110198,0.7910636154741792,-0.06952819167151758,0.2790486117680997,0.18071629180659277,0.325858796560091
-0.04073750301947139,0.07218440666064613,0.8057293008860279,-0.0398687572162735,0.03089577350277181,0.16685705209493323,-0.038643795174962275,-0.011341959697998664,-0.021834355804515752,0.027338937420439233,0.17433485560372053,0.46396411280462857,-0.29120344619039384,0.1667874420552793,-0.6106718635300399,0.5666308276941143,-0.04660233045507467,-0.13734920916174254,0.5629950900469807,0.4452200121193455
-0.12702034090499886,-0.20380123172965545,-0.30146238819520343,-0.0011068975834151104,0.10658834523380653,-0.31034226139986,0.17386938348822434,0.44923235252955673,0.023603566887630822,-0.3236994438004284,-0.2248409550136361,-0.018569887986432887,-0.3615219024788223,0.7609215726746041,0.3620971405230664,-0.8850969650438572,-0.6366232817220572,-0.3963521919239301,-0.5480273406892262,-0.005581323264076898
-0.22563965716541828,0.005698368855639069,0.10011619026721,0.20279009936923698,0.11815428717524964,-0.21666433734816526,-0.7794210159678542,-0.16845888412208163,-0.04547097901173387,-0.11288463047871489,-0.24071280323526745,-0.9544374219220395,0.451139881037919,-0.8105907917598294,0.36387425232314596,0.4082029446792763,-0.11566338740204074,0.5128728991373632,0.6394147550040141,0.5779436525378567
-0.521491213294184,7.954293088302533e-05,-0.01482406544094253,0.01849309142371547,0.004638516078505628,-0.060589865177699265,-0.34197951249135594,0.21839884677311888,-0.2168267355899713,0.07795226035672997,-0.3764819355432094,0.7505915392903608,0.885152227584735,-0.15015279066999931,0.37074058182474334,0.45729404219359227,0.4375735070472633,0.9515212639881123,-0.4613894753450274,0.624423864753791
0.18196992550645152,-0.1318254578708437,0.1736663041362979,-0.3105597642482203,-0.20822153564460108,0.14859392097081608,-0.01602758476328281,0.5142260749862813,-0.4665301640719719,-0.1501745907487152,0.07235985662119138,0.4621390358090247,-0.7043790875513702,0.4360878601171183,0.7939320768223115,0.3649090853068413,-0.33042878618718974,-0.06829085908006882,0.3710766367785445,-0.7057340246118116
0.029088787962354756,0.24949225720150212,0.14019292615332152,0.21977629321587988,0.14314229167589904,0.408345828299596,0.14229656112247413,0.38674244996627877,0.533937344630813,0.22485768672499462,-0.46479183069123686,-0.4052250259033068,0.43246047188606784,0.849716299115012,0.3851837287670765,0.12186547626088284,0.8323277831208511,-0.8217924187072054,-0.28860803514629274,-0.20636716476742545
-0.039261276251720406,0.040655299620996024,0.13091994446782987,0.0010930048487861332,-0.011481760977439005,-0.6605902248505899,0.0037302997671569,0.34648293081287507,-0.08380013616076137,0.18978414673302058,-0.5812800826910209,0.3539539479515521,-0.7302615208653405,-0.6654402903982053,-0.9590587558901569,0.6410613597130748,-0.712858566134049,-0.9195882314274604,-0.4118504283858395,0.7775549704766167
-0.1752882141097225,0.14073238359343976,-0.09404179889313227,-0.06550187053399724,-0.3199204363043126,0.3549129035900388,0.1365806227332252,0.4311624387628997,-0.2028205247973025,-0.5199247330963241,-0.9899358010846606,-0.2532893447874578,0.8953738349376108,-0.3785474804943145,0.034704560514981386,-0.6350419128299418,0.8430893067278213,-0.4856625735787774,-0.2801717211511454,0.2700209626112198
0.2834689339294002,-0.4938726626722631,0.07505800994152123,0.057855419934601415,0.16737056971657416,0.045835955392363736,0.13320846497598748,0.42185954091852657,-0.1598715380552218,-0.2918894022693675,0.7576957360616556,-0.9656393896949329,0.11033465797039077,0.08891626842721645,0.04947870616025285,-0.3837732660291031,-0.03550800776402818,-0.2650009604269439,0.036768366328805424,-0.5242162961114776
0.1641180228136857,-0.12871076877899934,0.01425007351132379,-0.07126576855366928,0.009095594788311949,-0.013934020183060697,0.2890722133631275,-0.03382041557399906,0.07036944067080367,0.3307638682116111,0.6451703943670202,-0.788865501087813,0.19753547598989263,0.4527373154175929,-0.8293612100115242,-0.1639190110927755,-0.012533906674426332,-0.78609469012928,-0.9816607143015221,-0.06638182643689783
0.022158675545670747,0.03590559579618194,0.6388505984034021,0.3020755414362416,-0.07484638394992715,0.3579127310656053,0.12575537573508655,0.32610199725594935,0.021980439510598082,0.06195516007579982,0.24374823009415336,0.7753237277885352,-0.9651089547974436,0.6280090510757268,-0.9833982746541106,0.9682752513854693,0.1492840809098861,0.7268686531953084,0.6697498085145259,-0.8358210744265622
-0.02213366636236104,-0.008833960076995565,0.015787808970321116,-0.00654658337584639,0.4253974242143775,0.2941926035230238,0.5423429988099159,0.35037361393672917,-0.3663937617354413,0.05681130182835242,-0.587928253511198,-0.22986828173767115,-0.4444068638986287,0.525444894339353,0.22370904169571149,0.13695323091275835,-0.9672439608305703,-0.8581545778993971,0.23579681866181534,-0.824292842601059
0.3570266374886128,0.2723691420416533,-0.032177661958068905,0.5245540469232362,0.08245818637214897,0.14610346891248105,0.10164426869198295,0.021018175375479876,0.024849372865972046,-0.4641184529604268,-0.15922999642157776,-0.8431650917791689,0.787258834150862,-0.7307844733334592,-0.0011561787986731353,0.49162290081567783,0.3725231146467678,0.09544607657093662,0.8199535069344259,-0.10988651670698757
0.0026529943678745005,-0.2519174316586288,0.29717411095648294,0.030257960321249056,-0.17736259666874415,-0.09428854286534419,-0.48814296085061304,0.07997962112431987,-0.07386543903550888,-0.07723737765703051,-0.07488004968669437,0.0022277515562891814,-0.7326099600803959,-0.4393975793301821,0.6413916612107755,-0.10584319712437273,0.06751836920011645,0.14505456418416296,0.4797557037772753,0.5172633470001409
0.305297498931433,0.009031506805078901,0.07062665077222274,-0.6505601293429142,0.0557237297598816,0.1727028038436804,0.10463492722302353,0.4007177435601814,0.09726848503115881,-0.04843747173256141,0.9343601741970948,0.5068556763383385,-0.9012327581361703,0.9524105525707032,0.736659188578213,-0.9832502033719361,0.9969122527772794,0.2948332958377704,0.4294754848988549,0.8700915423799902
-0.009362136413852019,-0.5301060578636768,0.27165217604066494,-0.09279841713605946,0.07132932981303353,0.0072410029006281795,-0.09857132789837722,0.027486314727364652,0.16964468937129865,0.025972112412022994,0.31226584684996816,0.3169549083944485,-0.44377398396347867,0.17110308623634318,-0.5254980427997795,-0.7532657423651576,-0.05716531750702969,0.6663199257317451,0.1316412102329978,0.431874216244839
-0.38888241588451006,-0.3148081405654746,0.08243370194848823,-0.20238289648458696,-0.2742717995867717,0.02342004717110094,0.3892991665403872,0.08289590749558429,-0.09050427755719043,-0.12277961171517263,-0.3609316943364511,0.04097961196843536,-0.7139248167093879,-0.6831792528507286,0.5212841848862491,0.5650073663866173,0.30827648472918745,0.16301674726808857,0.3905584030327709,0.31612006592890673
-0.12994955538138797,0.05686760103569488,0.1550510854016616,-0.011662459780214927,0.1755685274802376,-0.07352725769010074,0.4942347505647433,0.2236673630294089,-0.054104915122852065,0.05621429083373233,0.8438954496859128,-0.35652369532285455,0.5488855915189057,0.3928084589638474,-0.7027685483515735,-0.09993566484296634,-0.4389563831693031,0.2501426051368174,0.7635426401117782,0.672999029536204
0.7057002131763759,0.09088316800907961,0.003853213545776792,-0.07522436806726075,0.00607844339320332,0.10825097660461594,0.501645674630354,0.09233092671190217,-0.0015070512461225053,0.039874226404961494,0.45065635860194275,0.8987127555958407,-0.030524161147017503,-0.5383598713754392,-0.017135862572899452,0.6954670722517742,-0.08012961669896823,0.23063662223133075,0.054702016440941525,0.6110985618008997
-0.6354801213723161,-0.0456672170391412,0.08996775020958286,0.1750176765265517,0.22025738141414905,0.20651583390468747,0.1236074195779383,0.12201597568280032,0.04745430220374887,-0.04305676828518371,0.5094119744491916,0.016943937603893566,0.10179977066484125,0.637872628705026,0.6417016744609718,0.5599884659865206,-0.1054089179916542,-0.3024760312862902,0.2770107640562045,-0.7517986236302765
0.24695494535801665,-0.10568318390432285,0.4478179046173791,-0.2991516018548354,0.01802819989802701,0.02628434881286179,-0.2931003489682719,-0.18444123822013236,0.09712318039083967,-0.26676805265935455,0.29746967650166845,-0.5724374168717459,-0.5776612923691569,-0.2616444556042048,0.06952406672635814,0.44216674935420386,0.49248372609068536,-0.2312176607761185,-0.17694708757641675,-0.3944424788444123
-0.1446217846731608,0.4567738842034642,1.5528033943557062e-05,-0.18705481174336525,-0.16212588753880453,0.2724587005688859,0.07051457549968754,0.04755671784857671,-0.6244551365264475,-0.07558411343487663,-0.27418579959909106,0.42924454078497987,-0.537667025003878,-0.6985117243982246,0.34147739038555547,0.9325908905193523,-0.3768251372248108,-0.44715481644680954,-0.36255558378918784,-0.5897616130059236
-0.03635023249430019,-0.5127388549521112,0.005637496171235577,0.08139396036013158,0.02958354035427891,0.6265494688555937,-0.011959753118371507,0.26372125673741476,-0.03914688732080808,0.03667950530241729,-0.698948184926012,-0.31083753459140895,-0.39647006716023214,0.7582014507800325,-0.2793140925988433,0.1294452980833356,0.7379512223838931,0.24520750472600494,-0.7123273269309653,0.7063393197991168
0.4167248168186619,0.24767500909904017,-0.17332142547207446,-0.01660206846357115,0.3744421830928941,0.11307679793621053,0.06185320928639568,-0.49845534076113945,-0.22757212391373305,-0.012903014265775448,-0.6548405415090288,0.46729309003543684,-0.4896049425370925,0.5788755444245091,-0.9835047258159846,-0.06424847762484664,-0.6075564518007928,0.39389434507035315,-0.5859481066436203,-0.9422128725393957
0.0732235663477299,0.42118906428021086,-0.3134018049449465,0.669020895551012,0.226312991068638,0.13117863930257873,-0.028958012265571584,0.10908742439927258,0.1438682433899654,-0.0238972916123319,-0.7770189208711786,0.36643994207339214,-0.5567951314194672,0.4537406192378164,0.499292646928829,0.2903497885882613,-0.6425426070872271,-0.5459392255058717,-0.20834224208986152,-0.04541150311373965
0.06223759598195139,0.1394451029324149,0.39892532719375884,-0.12647481696524396,0.015151520868123547,0.27484531820633284,0.012197787119251333,-0.003987453480151948,-0.47600381238575024,-0.47976500422249896,-0.4905199047787481,0.386214106632492,-0.608791668219224,-0.9288043870149247,0.4420075703645603,0.9309692934961578,-0.8006951691096122,-0.4320991289808733,0.401795738903743,0.5933652431215508
0.030519831178583423,0.6934528858666654,0.057053789001771306,0.0006780071041613649,0.14381837859160768,-0.006962674461997095,0.1985700652028472,0.02324717764568337,0.0037263086533829634,-0.47248380272988705,-0.4525392063036484,0.216656747738444,0.9232782914459292,-0.6912538809310611,0.3308083244124893,0.49743170495612987,0.8190218793347863,0.15114273853610927,-0.7922903949471463,-0.39530204818656633
-0.059523022009865645,0.19804679531881403,-0.06563184196119244,-0.09117607730838448,-0.6806830379885153,0.4413120388359473,-0.16395135392163823,-0.04842606786258953,-0.002547727600959962,-0.009217513615785516,-0.16476134319875024,0.14559556573192745,-0.6960837659989496,0.4148699733941943,-0.8772602007814336,-0.9921878053449213,0.9514984862213016,0.3877252851349364,-0.0120661627805696,-0.5820267929453464
0.156311778794534,-0.22602321428862124,0.04299257496560163,-0.5274217559549192,-0.22034359043271945,-0.2187541737561984,0.20597795677141492,-0.16007009284807444,-0.1858132948924125,0.005951534740760177,0.5408622866173551,0.5809690127972567,0.578039060204858,0.7510883737042582,-0.5813185831509284,-0.10573161349637217,0.4543946415462081,-0.8955966209594108,-0.513128780881503,0.6022644245172508
0.02365374486153826,-0.05955181798842828,0.010502313693514662,-0.1551231577025079,0.036936294245230636,-0.2589213968855635,-0.7466091410349343,0.1874618082655951,0.047682651238735566,0.06826652060139343,0.5700606536401445,0.9593948135563517,-0.7314311457484439,-0.36384632701956576,-0.968083615544401,-0.06403689966085402,0.9476838530232503,-0.893333845914754,-0.35566724704573094,0.12619701134070072
-0.10185038662363324,0.07513779648052882,0.18737918585827973,0.389582585770178,0.23614285799218665,-0.3138757055905276,0.10605051822350653,0.07264803791703345,0.26453634941781456,-0.40551633166638773,0.7030591579093999,0.9459316732467953,0.9814701810007915,0.731835713719672,-0.8697602193094283,0.6502659886345903,-0.5530852422080299,0.7985337101641978,-0.9096993753184415,-0.5728756644702078
-0.7833451406076171,0.12516660951508923,-0.08389264154026818,-0.1416131332353102,-0.27438162285712603,0.057451731020895326,0.11300284257579787,0.1234118051228246,-0.08079062581362334,0.029196667995335268,-0.2868587049859159,-0.8840344091537538,0.14480711772278565,-0.8323163252486616,-0.7692465215822184,0.2304370455305793,0.6875816312715268,0.4966333405924499,-0.8928945784841869,0.8698499039624696
0.03922853680617472,0.24763719134547346,0.1259000166300125,0.1982470044980516,0.39402200876830584,0.1679259010914195,-0.11550935151455521,-0.1603936145799083,-0.1277154261950008,0.601990277971377,0.7086459480836715,-0.17315964863380495,0.6101862727446421,-0.11419317400920814,0.2714807154763166,-0.41970865907776034,-0.1347358704176913,0.1007818560863376,-0.4933103928059419,0.39308295650851965
0.21439690329590888,-0.1718827778721118,0.11324922071816479,0.3385333256905423,-0.13699659836705894,0.4522249262719433,0.12103631566829105,0.36683559002376287,-0.037728716524372125,-0.05029095372109439,0.38047056320121797,-0.2911555514060751,-0.9146070492691054,-0.0052351858382599925,0.5064568088385395,-0.4123279898874308,0.32720841607765583,0.9328410921618986,0.8403256816955871,0.7685744073436798
0.272768528512785,0.12976295712061003,-0.12253033427822678,-0.21044203107763426,0.3336188549492566,0.23765598915766395,-0.022996591079014694,-0.08316559843373278,0.39660523183971774,0.234918823993294,0.26137849264999935,-0.36452609187489116,-0.11397121373138797,0.08294970527140255,0.37480279588487697,0.5739141952430742,0.6279866851774789,-0.3133856703574174,-0.618977964817466,0.3858450445595081
-0.03564567918913242,0.13903782408791443,0.09279454000643539,0.1494830603629368,0.09980905747902946,0.22681850394123773,-0.09007308440805539,-0.15847808766726923,0.20398895630612368,0.5181200799868759,0.49032357666228066,-0.7244476306430696,-0.0034631015903181517,0.8740009491225489,0.7985749233953245,0.07841096370148937,-0.7107296214540626,0.012567639533956898,0.7309514586436523,-0.6839735391064958
-0.2387997568946993,0.06953094144483261,0.07440654363530305,0.14573061236417306,0.12788968073754015,-0.07596739273563216,0.2525061559727829,0.17823044485541922,0.005408813591043143,0.7404764290004303,0.9646176504406714,0.4822978632595962,0.07898917614249035,0.6192147193314328,0.3929661637633024,0.11053231290553422,-0.2104305961554147,-0.7212792700622535,-0.22601972173745777,-0.05750924543279634
0.05981345551427175,-0.0860494058291108,-0.022303563281411497,-0.001889047777954636,0.2698532342713904,-0.02786107601798396,0.03691624241507341,-0.1857593752249977,0.11147585427084006,0.2776850566429244,0.13910689609235405,-0.8986122667758734,0.1356784393605701,0.6069712723427416,0.301068390880054,0.8000977406356704,-0.17760203896132598,0.24853633855807655,-0.7920162307702412,-0.7856755759649721
0.03847059867760383,-0.08763939082894137,0.10545213896586308,-0.07327711386697677,0.16260934255932044,-0.5444483753445541,0.15447550176506855,-0.2888991429737686,-0.1900515220569471,0.0004820644234332927,0.7627525630151664,0.04211759273379734,-0.9426170480328067,0.9117292480716919,0.1381848689607872,-0.06096567554949184,-0.41567872842349707,-0.9372341528437969,-0.633845844452458,0.17970565845356634
0.16131776370317297,0.10869215933707271,0.026883435747981466,-0.21634009569459123,-0.010957347077821145,0.28265822731391677,0.7233871119019796,-0.11679171647618891,0.11600432118693499,-0.2758720279076978,0.6465885761738777,-0.9435683584290118,-0.3446448600610419,0.9739538986162442,-0.6473539302889408,0.3556859489298845,-0.15686603833691182,0.5829958456968538,0.4432483546641157,-0.3760418802410255
-0.17972613947448238,-0.11409732795732248,-0.0458170944546652,0.04675315824148181,0.2410054213541862,-0.16436532706511933,-0.39859703107666344,-0.4750777244208527,-0.16747441515590555,-0.19625403339954478,0.47895781281342176,-0.8553533852946156,-0.4043300846794544,-0.20373917483003323,0.7337549450823664,-0.6385974749655767,-0.85533765739478,0.9219118582844164,0.17169329342522,-0.29905858466569035
0.006288554765113332,0.06586117421208618,0.28164353505210526,-0.062264671940532285,-0.5626523728637434,-0.022313227124096516,-0.15784821786216807,-0.10190441028570162,0.23499421338056742,0.05659831361668829,-0.4188722050970364,0.1269715571497645,-0.18763714180905033,0.4549136028202896,-0.6443782459145635,-0.28187018501790817,0.7828146629811057,-0.4686185990724867,0.27136775792272383,0.5227447203309776
-0.06522357064978472,0.11294419074278872,0.47477232017773796,-0.028409174163851594,-0.19210688179268076,-0.13170556081804907,0.705178479030408,-0.02989275010611435,-0.10873593469065443,0.0622810679424014,-0.6563154161278686,0.47430133364374205,-0.6831641952805849,0.8836868612333661,-0.8618826762739793,-0.18247356301329165,-0.39940123552782825,-0.3243451085595963,0.8609066102432541,-0.8983586897076943
-0.07445830034084398,-0.2950703499496359,-0.46594633529738283,0.27775164617622206,0.16974335711736754,-0.5385762538634185,0.11183241079720509,-0.01683453208332264,-0.013427677926504095,-0.2293183988953751,0.881218020824323,-0.0010963423689058782,-0.5438216136522642,0.5190305154930439,-0.5759226599984164,0.3094007237985372,-0.4067111737242022,0.5527982959013615,0.46360685196052565,0.011350144591041555
-0.038599808455522355,0.05791307995748307,-0.019540380230624897,-0.0524808331987155,-0.04389892361403162,0.0061863006868453675,0.08856954519823201,-0.01763906896194639,0.4911635430450876,0.6118355107200942,0.835090656599109,-0.08345498870551982,0.21606649770626096,-0.7833707279883095,0.5306039935097775,-0.4463965145753268,-0.2300895299182475,-0.804805812340448,0.8882556380388285,0.23161859594559764
0.15242352164924633,0.10784276425441655,0.40773517001467163,-0.24278885798184602,0.1336524306663363,-0.0222361660051245,0.370051752742531,0.11739091114777364,0.2214093108148204,0.06444728966835175,0.3765833245956527,-0.9662958280129434,0.32250384954991174,0.127975246684223,0.6776946339894114,-0.0858480742336547,-0.5306253681044273,-0.935974733098216,0.8398128799616014,-0.32104826202329595
-0.6773734239410975,0.25251465765911707,-0.004896064024400987,0.14935535979189607,-0.35444590185325736,-0.03860896936016513,-0.2522878218763521,0.068512047852513,0.0026272476023384006,-0.16050666562107455,-0.9262481835881726,0.2679072483487668,-0.45622969165041294,-0.029672610737452088,-0.49946346419692245,0.06654490762194754,0.17601396595654384,0.3259830728873958,-0.732676937450496,-0.05673576421032345
0.10144451740671068,-0.275449831778204,0.05830154274924898,0.5679108243825192,-0.18925868575939953,0.13615757289410657,0.13865680496867552,-0.16045249020548435,-0.06551661786362839,-0.018025233459042944,-0.3734363529564657,0.928465333746425,-0.40181085869325806,0.04404372856708805,0.22814625225144014,-0.4111078599615854,-0.539957639344981,-0.20181105644062014,-0.15568394498138516,-0.9378371938681573
-0.008024447113893055,0.04410827990319568,0.12926382073937004,0.007002375437963993,0.022339233062272444,-0.7798063086630871,-0.1027771584284441,-0.08711664295356766,0.032945619634918905,-0.013157303186637138,-0.6734424009638762,-0.47080346897909053,-0.704820238207331,-0.7571107404042787,-0.6155820600790458,0.7817105458652265,-0.5508391290998742,0.7305041323587538,0.46570092053048007,0.23136387407758585
-0.2809539635472182,-0.2331433576014339,-0.07407615645199486,-0.052625265055286974,0.06692594395017148,0.0573956567813127,0.4602820342389662,-0.029653776177522462,0.41159109212842704,0.20339301788761988,0.3688217055135621,-0.15942904399452384,-0.6485246640008921,0.2617493648131486,-0.7796868523062059,0.3536039190906144,-0.3118821022992475,-0.7739561622242375,0.6645081707844176,0.3009342636500183
-0.07321426547833848,0.12470422616731491,0.2679785299102061,0.1453972542608033,-0.44075092076260136,0.02241642757634153,0.185547610071322,0.07187012342189278,-0.4475987797304907,-0.011262431159873736,0.8049761296114046,-0.9052407792374313,-0.9559059230045048,0.9218229343020095,-0.4901959694567519,-0.518467242176698,0.5840446447386218,-0.9109663679149775,-0.3086624591127207,0.4905604969750623
-0.3732346810110437,0.47486467440743046,0.22702790944787948,0.05812350218905271,-0.028016679157509994,0.030955532318490603,-0.06443008041929582,-0.5711182719954737,-0.10129308718411667,0.12044748064744867,0.3674949027049119,0.6383600063798676,-0.4251068362112611,0.449458177546894,0.6056280011398285,0.3436232640920871,0.3148786812103086,-0.19165880419238235,0.4166471205464737,0.08828232388237978
-0.07033881519935115,0.08019510554245579,0.2566201399331046,0.17377273091006185,-0.14910566343700454,-0.04410671810127362,0.06480156381285329,0.7184159520164837,0.10637246876869957,0.18114285786586562,-0.45018571829666154,-0.8890965799345989,-0.512371882984745,-0.43476988769110525,-0.7564246156364649,0.3982168933889607,-0.7312051637138748,0.038047707633816374,-0.34256823814384485,-0.5166347946155385
-0.10531866700646933,-0.11299058404660281,-0.2865561120524296,-0.21116545118493374,0.03398357745517382,0.5622789746183028,-0.18523958691898845,0.0859943948774325,0.11585132582393226,-0.13441039402027494,0.40276731307035996,-0.5524214581051836,-0.00848064676770477,0.9259710159535726,-0.46887373658888776,-0.3078078342010535,-0.5532805851237281,-0.33884311140695766,0.6039502794766212,-0.4506612681295359
0.29021465186943673,0.01952801224728762,0.14718326516293323,-0.05451885015007397,0.26996704654351067,0.7770390223603322,-0.06155362869618287,-0.023587812505885236,0.033371949639398255,0.13984917347790976,-0.7296368772809179,-0.42277183012264774,-0.21276552918672276,-0.21446311244690275,-0.21000465683879743,-0.48871496190728037,0.45719832433425944,0.365584542909815,-0.943213293437507,-0.40670563008649174
-0.25210472812128226,0.07969323613205831,-0.23397565567180434,-0.18219713340747096,0.025624926755843824,0.33089901588298326,0.11916170749281568,0.5096518972845905,-0.25781962018148263,-0.1406606172591533,-0.8003372402832711,-0.24208033907481807,-0.7037341081134074,-0.20718141034505977,0.6337852292789026,-0.6661323993056956,-0.02710067578982489,0.12700329974014934,-0.22010908161224396,0.9609437171854918
-0.00310178236352468,0.1054495247915142,-0.0026046491873181025,0.023604922813226653,-0.10394197830643534,0.1201393833123946,-0.3242102825895294,0.20206049153053285,-0.7000105998144044,0.3052780182775503,-0.6060084140285389,0.08619456076877774,0.9561933690414446,0.36107366002305774,0.1759983418068345,0.394803836603562,0.7714835017548975,0.5257385358880085,0.653245761276819,0.46646838669931956
0.09998504165453237,-0.1306729674121079,0.5374489466447563,-0.008824306156432087,-0.5809284621628205,0.16225029947821978,-0.018903253342304333,0.2167118732997909,-0.017535189834652576,-0.01950208784431113,0.3722281418150495,0.9513169128413272,-0.16763838692263566,-0.9963362263216964,0.6534504801812626,0.08403633178838055,-0.35486029063538416,0.8076723923316085,0.4765252665014381,0.4342440569553043
-0.2619244796608911,-0.06697591378279644,-0.036215167458795106,-0.31542501864611205,0.34462395752202535,0.05063000378463778,-0.1544029577671459,-0.1864601736864521,-0.5166763664660201,-0.2818250499723062,-0.898139294570055,0.3308038959627868,0.11895093180514915,0.866767839237873,-0.785630169855609,0.4799081174859603,0.6467927113767118,-0.4086946422945712,0.4128801311999646,-0.6088573044260728
0.03658252684257269,0.06077153431063978,0.009541682557408747,0.12918493223370361,0.5635870537185682,0.19255492445096767,0.4447442535165641,-0.11399184584426918,-0.010054953469707105,-0.43682871569328485,0.3598785022122537,0.10260838283994467,0.9724003283719482,0.4238924426404225,0.6255599691294282,0.3584611083685485,0.8705874536089429,0.9701348908176806,0.4838382445970273,0.21813696842347952
0.036495334113940986,0.3309431254356998,-0.00013825381853360685,0.07068864444774481,0.3506042446359393,0.3506453434564677,0.2286461927803104,-0.027055874372565014,0.16942341986620735,0.17129225600812858,-0.8753558709617353,0.7355036005296312,0.28150702206787703,0.6521771212369434,-0.5080312795624242,-0.286890541148735,-0.11193948479342741,0.8228251782525251,-0.3662302006395026,-0.2978637231367498
0.08185440029800933,0.01652978758328366,0.04223149764763995,-0.1433983381997347,0.012413366989929703,-0.2050980481468181,0.38650389766052573,0.33873585104428094,0.21206284353911636,-0.4033285410317711,-0.9221639494750802,-0.39792201838129126,0.004968710899332596,0.6886586845521223,0.010654245355189884,-0.7716855436098105,0.6763857722053179,0.451506681698576,-0.31727732393473485,0.28577271748249866
-0.0007695158738143179,0.21664260508751776,0.16285672632243342,-0.11771479828292686,0.07297253818646315,-0.028382492565002054,-0.1697382898261085,-0.24468944698227746,-0.3467089576555892,0.022000643074817437,-0.12476550958918353,-0.1089274836874683,0.08762995067866286,0.47488089741435546,-0.11517903419943787,0.6383981207760823,0.5572877581154687,-0.28497811558107666,0.7618653326961193,0.2813098872582098
-0.07144697428641608,0.556864033057519,0.01935316832113812,-0.08335975607464552,0.5064372369259371,-0.01635982940887986,0.25863921933829936,0.15658997275450232,-0.010065720047796035,-0.02384673868237437,0.5788886824335442,-0.42126853821906196,0.7270696471255531,-0.9057019912020896,0.9892571693682235,-0.6542896231839852,-0.402038387583564,0.9579228865415894,0.03385951688887068,-0.6952710375493432
0.007601066030269766,-0.0031020545714121554,-0.018866705347680313,-0.47571885396222113,0.04999310833693745,0.0710927574277906,0.1251344108058929,0.19075775513170368,0.23790258315014567,0.5075325407437529,-0.583451904940806,-0.41727500666667994,0.42169898310471665,-0.7643753513499973,-0.95852282379291,-0.6082365565897969,-0.6273012381226131,0.01977527921768729,0.23213789295426546,0.7891693938724256
-0.40694942328401484,-0.0738966302195368,-0.11661800306769676,-0.12950654196438344,0.4571574508391938,-0.0075844909831606355,-0.02377567083956303,-0.05015436363915332,0.43611187747662594,-0.06400598836024002,-0.17775676205829072,0.3312306808798844,-0.8133623815451556,-0.599688183735549,0.17297994022967966,-0.18466667775089518,-0.6701766939533336,-0.9744725693258958,0.35373442421169776,0.4261839383422761
0.09224474812775818,-0.7832104460979212,0.06152463965904988,-0.08401261919782615,-0.37170366784397496,0.20147434242535744,0.04751624048550144,0.07642930313402152,-0.06680097675331928,0.16875060721881646,0.48676465050341844,-0.8913225606252031,0.030443610195065807,-0.5544985093313526,-0.4802331205334025,0.3913515165834691,-0.821343309179503,0.7759534171688194,0.27392279163161515,0.2980826048539409
-0.0433043785703051,-0.6649813313401265,0.015603094414656495,0.10099571749829897,-0.020483907783318517,0.43457094281690956,0.0033336526982447566,-0.03419636886269159,0.11510330172773658,-0.1170074801749276,-0.5416850299006897,-0.5763093808012403,0.6551370233522777,0.4555800297202579,0.5963103004712123,-0.15250605832257036,0.5134739629181115,0.6238325933358302,-0.8628895779141945,0.030561109162047906
-0.1746082500201785,0.0017920772880141572,0.18167224144411728,-0.03013112378199269,-0.09527981542278721,0.04043048529478584,-0.6846368529692658,0.42206939629336815,0.027391548477965086,-0.06096475973951986,0.9557196890999184,-0.0897384828580019,0.8347232124385193,0.7443517523519463,0.5877883155140018,-0.3851965520120928,-0.587882295519516,-0.5201072960317643,0.49025466827068254,0.39260271612634634
0.11769132720274404,0.02728980936309302,0.04864498443470233,0.040734784144764155,0.6770293199021434,-0.07147912462753898,-0.21455763296644492,0.035469981663247774,-0.009796812340164426,-0.023281051329182532,0.9914864651451882,-0.5296019972063437,0.9548247235362564,0.5953054172941656,0.8032711990292563,0.3615797493068429,0.9473694134511532,0.7437893265624667,0.3882548176101692,0.0821243940963301
-0.01649628356871853,-0.0504080246835181,0.015177512535322004,0.562580416029433,-0.22778826874293678,-0.2982293191086972,0.5448586807538284,0.0937425764117326,0.004430608975781129,-0.04653044262972319,-0.5151977040846987,0.3010445822324399,0.8872025462786173,-0.911982768758667,-0.6873295312415768,-0.10882820929679404,0.4958157841874462,-0.16142394938697402,-0.7729929152225681,-0.5774687645943524
0.008183564537991656,0.24976777518117216,0.04562974928922914,0.0299163869005242,0.48047030736045027,-0.05482530879022057,-0.02218174764947739,-0.5857776379273039,-0.0847671967096561,-0.14701464045367707,0.6301304759356989,0.3037750947075415,-0.254236523259449,0.5084489699065871,0.37903905623411593,0.9533707217473795,0.2784008877457427,-0.8701709690715025,0.9688743668795803,-0.804027306771566
0.05891178998804314,-0.19518410676929254,0.03007642931837746,0.009548799952156448,0.24414719687238717,-0.5332598399640682,5.8575334505400756e-05,0.37438884552735924,0.268787641280832,-0.1303143157503563,-0.9601962167757754,-0.33487585437512224,0.7893482349713066,-0.6355643348154638,-0.93264185757943,-0.6071810942579647,-0.253845444001513,-0.2635775435411607,-0.571672692023806,0.09902366410492824
0.18691366611198434,-0.059945046815840036,0.09871414762341693,0.08258338002858001,-0.05297250027893098,-0.11090302239257208,-0.1333434712597341,-0.1622202224884415,-0.019013201734933816,-0.7508854390494997,-0.9388295283740937,0.916585528128075,-0.3092407972445672,0.730704751552445,-0.7036332414620274,0.49916368299528613,-0.35968343936168456,-0.11213918020669866,0.38720548026344215,-0.7857495403677941
0.40794304873270804,0.1455235476687101,-0.13399368002337342,0.11433746410467299,-0.07635267490091169,-0.32491248462219413,-0.3374558686130843,0.2765095502207868,-0.03361385177238914,-0.25625803649912904,-0.8516369899069145,-0.9227475301131798,0.25012725198216623,0.2684216148653431,-0.28002988200169465,0.09876672365132189,0.17893111082542124,0.5777756551512532,0.33337906947256246,0.7352868506877341
-0.05959303847099602,0.0005422297654905338,-0.35476084918967915,-0.010239500485555131,0.41781079909199836,-0.12088903495719072,0.1161674678149417,-0.30408917125859797,0.17688293640495023,-0.18606598000023178,-0.848507507593631,0.837480232245915,0.039498774800190706,0.62826094213039,0.5214678905663119,-0.6965302734687837,0.3584212402418381,-0.8916954666757608,0.536743661763323,-0.8386902948754522
0.1887767319866445,-0.08864708634342466,0.30446493308693234,-0.06089218402722377,0.16560621024520963,0.1491124322101144,0.08295888112650146,-0.19132942820064514,-0.5724913713541916,-0.2082759598664748,-0.2768742063126095,0.1459023667302708,-0.44200574529755365,0.6869753607109963,0.5568880383128685,-0.04281027610987276,0.6242961242009506,0.33826662167269106,0.7492390346389153,-0.5475709131280897
0.11519234802879035,0.039997473497811825,-0.07453786796265628,-0.12044556768925997,0.06278371977118141,0.28616892308329034,-0.06180839715051323,0.08454402886919937,-0.01776100496987254,0.669189604112612,0.6178263612758992,-0.5073968613343454,-0.29020517507539734,-0.3754329275631787,-0.3531579982799984,-0.10763240977016952,-0.14802091958605956,-0.28425849201548625,-0.8652112362902284,0.7520396928849207
0.1652626295999431,-0.31255317602628013,0.015152327817789829,-0.3297491548631847,0.11146082018109044,-0.13247732461303094,-0.08555498212416238,0.39181075602434523,-0.27210846399086036,0.14143260654027157,0.08684326381932794,-0.45551137604641756,0.6911321947341609,-0.7347313215146452,0.8754753371460875,-0.6865234916750336,-0.08566097167652131,0.9287759986163648,-0.7225086623133932,0.2763333890728985
-0.1218988881027134,0.21442281873018312,0.008880877225388939,0.13920056435419464,0.25568140506945325,0.3583453456309935,0.18853050795015336,0.20876235053157188,-0.5568385672848598,-0.10638105201396064,-0.22053321596001485,0.17695461953974045,0.42242895918588985,-0.974715592671815,0.6049795054583524,-0.8917132642490673,-0.8864818483464676,-0.4785875764891998,0.15880068353841215,-0.2728228765951948
-0.3579972419015076,-0.1671276293140565,-0.13003404062337054,0.31189070996399537,-0.21678277464033874,0.28279004200129887,-0.11111766804544237,0.28741375324458424,0.13524190542289982,-0.30892542862755684,-0.21150162544676232,-0.967654323026742,-0.07729337036719941,-0.3451235950665137,-0.5242238326098785,0.31928073200578666,0.502315534408921,-0.021422155343179483,0.6686369722881855,-0.9067739724938619
0.23634329395649056,-0.17849206374290416,0.2781034257681238,-0.16564822882318525,-0.18351082187400158,0.36029484940331447,-0.09790427314335032,0.08913854994702736,0.4048570440022214,0.11063369379674652,-0.0500258581560431,0.9901534432529602,-0.4910193162436607,0.8644130660111138,-0.9171526282504499,-0.9542165816225243,0.824772652245624,-0.7788244716453339,0.4318974988850346,-0.1749008718660845
-0.010810840556355013,0.02810577092458183,0.36547238441332014,0.04047480238609778,0.09578389873488347,-0.044995902815122585,0.049408381860673756,0.11498603716807589,-0.594367580601752,-0.2838979282667977,-0.8500163723953682,-0.9680614368698213,-0.8351201727919595,0.3243148167531933,0.8875324884001681,-0.5708106573284955,0.6843470150392781,0.1261187298191755,0.7700629545741391,0.9602572287316218
0.05490498645640998,-0.07291798217574369,0.3780022280212185,0.0020861198970660126,0.10659284049200612,0.0025596928466462172,0.0027482994613979525,0.06358887070489858,0.11318035857023981,0.012121481475206846,-0.7272458375120994,-0.46764131841666057,0.3252229811804843,-0.7621186152083881,-0.07219699348972286,0.852562781585884,0.8976874129729036,-0.2399724099165581,-0.2214415695902352,0.49327870008269303
-0.3517480741439364,-0.12342556697243134,0.2062092841627311,-0.09078858280033211,0.1213791659132667,0.2186495610225081,0.4298808657392065,-0.0045657675575451195,0.5039859844465812,0.008963842365995053,0.6864531415341426,-0.40887672543790843,0.4922387138617359,0.9707074480327307,0.004392064217721092,0.10740498550666344,0.5159391789529109,-0.32246734773067276,0.7742271181543523,-0.906483054930634
-0.13593358942842826,0.07463407570638858,0.005431011574149963,-0.039467027705417546,0.4587380263780195,-0.3682499643794419,-0.05327468265613322,-0.20110943333144204,0.11552784077506906,-0.056095040595405654,-0.07764590133664151,-0.09461351867938594,-0.09043382040259429,0.9424176498225232,0.9919643927823618,0.01730949248979008,0.6794311170720364,0.28685164729955326,-0.6505144294438963,0.8793601526937003
-0.15054988451874834,-0.12787681048454036,0.32987672514064864,0.030549127096515638,-0.27500098575333054,0.012997083137814447,0.08677717764413884,0.49163199853964046,0.18198147358194106,-0.06436833223197258,0.913246374208861,-0.6964570485511883,-0.5726347835461068,0.36400293064757094,0.4716366046136977,-0.4642797477232212,0.3553410217703379,-0.08042115291511176,-0.5783274346853109,-0.16178346611940175
0.07550430153311516,-0.5575606014349684,-0.021933960159735075,-0.19864006117051564,-0.08603418767668372,0.03484758763701594,-0.4620135176362369,0.026533527914877987,0.057611303187959234,0.006186051714748911,0.8896312961079567,0.3761191678064002,-0.9071181866552875,0.6715751725195607,-0.1695598889461043,-0.5497171975522337,0.39820705898109354,-0.3798690607367541,0.665650373835172,0.07821711333874815
0.0016745136667137553,-0.22051301065079515,0.032356746814462184,0.1970980751384308,0.3526369626818472,-0.0515573284033628,0.07919641402197916,0.22790343449232087,-0.07846347997949255,-0.034063152354055375,0.9663946238346623,0.5824692945138947,-0.3890365525333621,-0.9129109446152595,0.944663569744457,-0.6826299980616926,0.5769851088802982,0.4648876363432273,-0.9898068297501479,-0.7208404306951579
0.12368799802056771,0.5136774604470018,0.052205218213399414,-0.1842968054280073,0.33739526571127865,0.49281104143359605,0.20290513061236784,0.051344724895047045,-0.16130977550847148,0.023464483159589676,-0.36909254510277933,0.5552804331124852,0.7919596457115714,-0.9676708150799074,-0.7551746738378264,-0.13692420955773876,0.4185689301997644,0.3800182295841017,0.291450211254747,-0.13978192336270667
-0.022474127342867675,0.005480194832193287,0.2763276472165825,0.10206329489575028,0.20015013893613232,-0.11079062283987576,0.005854671331940231,0.09038013284553986,0.6725257258025233,-0.04667109274917637,-0.03920098874721334,-0.15348923496788247,0.9528322345934941,-0.6994311336397014,-0.6110163906142976,-0.7369443338633934,0.7147103365987972,0.1391724100415035,0.24269668509769637,-0.7733768563307055
0.6407743412805841,-0.3571759363712499,0.07387639237013005,0.10660028890674317,0.007807938397053946,0.09481042368876125,-0.08456819846326788,0.017669216859716536,0.24922703013160763,-0.020044016824422042,-0.9912888728355238,-0.458742047947283,-0.9690957614838598,-0.45498816654324714,0.1973412295215371,-0.03990574330560315,0.4029074689120167,-0.8099824059906451,0.013613064814046005,0.8949814405325258
0.22016662394047,0.1470196947668605,0.10217078153059031,-0.038918808521699766,0.07708311704754817,0.4502120844947455,-0.13192089849837424,-0.6329282041731437,-0.046087409504448784,-0.22966861783465853,0.7846724380873766,-0.9897776051798406,0.22534715435543995,-0.5787596838748126,-0.8273155433470081,-0.1785389899875709,0.5282812011306164,0.5893512887834507,0.5319938279266954,0.511126932877263
0.09709689849899183,-0.29616030934464765,0.01691706543282201,-0.4712901750104922,-0.05184626609079135,0.14182181254753445,0.20130753202048862,-0.052509625853713104,-0.20501003417845984,-0.2587691637463206,-0.861265211739181,0.5101372117393601,-0.8576494573806133,-0.8272857481974392,0.5634674463618068,-0.97754036799176,-0.9401025865546049,-0.23698270360482976,-0.3697126985136159,-0.966365665517861
0.03427082836211626,-0.04239451065890493,-0.006130726117190122,-0.1184427756908889,0.01801882617197595,-0.07842035490037241,-0.5433514516232268,0.26288092443492656,0.43953954165764886,0.09984738503081919,-0.03610881362654883,0.6984166740960389,0.5197862712832719,-0.16440517294075851,0.05180482437636558,-0.8908344702505127,-0.43865764915525185,-0.4993457700281796,0.9736492744766534,0.1771383444235799
-0.09231780557497973,-0.06847745895962307,0.09081828662337765,-0.22758719966210145,0.335590981974455,0.020513075170853323,-0.19521776805199312,-0.08375802144899129,-0.2907198689841944,-0.4500209207375186,0.19764712636048376,-0.4424279859618767,0.38559680023129017,-0.2807983696383871,0.8656498151008623,0.5627342565385143,0.40311765997648097,0.40099021704287385,0.4179411105047257,-0.39360625060051246
0.04576504487606675,0.06601397700864473,0.21305911328321137,0.5286034225336647,0.010274163765387277,0.2523806360744844,-0.4711862403331245,0.06346986709445933,0.1037370535061587,0.35756924363933207,0.7849878551707463,-0.8635770033681418,0.3466232118567274,-0.06328481208236947,-0.12213162417164924,0.05024142662549669,-0.7183568539951533,0.2716147218272724,0.149225747633144,0.0860378633763561
0.2748595413151811,-0.22047765886306014,0.2389343899886506,-0.14080982125470048,0.2549846417626018,-0.15637101296040756,-0.36269724245233603,-0.08617098315312523,0.22234453702187712,-0.18596043630281944,0.17524671466427644,-0.6262866638879137,0.8212190481324015,-0.019597661908754782,0.9446623373803205,-0.22192224278465011,-0.7902915155019412,-0.3398338851003102,-0.8086488492189576,-0.10404982356255688
-0.30037649222567075,0.1533530884095935,0.4577929801406093,0.12547432888258647,0.3975088797944583,0.2357814915300659,-0.394964692899216,-0.26881315029963043,-0.0150049354207753,0.3148341808238983,0.009151104552822087,-0.40378836213368374,-0.024391021811493774,0.48627168441680335,0.35944008679746986,-0.4851032499579908,0.4437471442566914,-0.37699463758014207,-0.018375084507058492,-0.7425529107868514
0.018360007618646867,0.07983314974945455,-0.12104645509809454,-0.2008388051526644,0.014360381400566002,0.08560039197061653,0.004257655065813326,0.4372719499665101,-0.48159560039503274,-0.11951075666605548,-0.4342510030224285,-0.16135236582500045,0.44283708467903815,-0.6147311861380735,-0.9293952993480772,0.7307053812429327,-0.23135042320863564,-0.017706350458679854,-0.3776290171933643,-0.2361819772570819
0.10351682147799313,-0.016644615222187298,-0.033087221194555816,0.05725677583966543,-0.06920538439214274,0.10515256239770165,-0.43282476513618373,0.5445452076795205,-0.2880558496631652,0.13375072490341028,0.16056598307117187,0.008337473016303054,-0.3311587046271576,0.5291075456827188,0.6305893793332991,0.053959062293877924,-0.4401652951197115,-0.5178127848824468,0.5729078535489012,-0.7729707576938045
0.05454038349195017,0.08040197017066732,0.1887164868833665,-0.008478583184779842,0.01032777331991408,0.01996989679479086,0.1792594969310326,-0.1544206843448368,-0.3063301551529209,-0.06810358916412446,0.9758978839657833,-0.7876212850432749,0.3754843272473447,0.5139114950005916,0.8471011444685261,0.6621850203364448,-0.19121256387853913,-0.419870157328623,-0.5282774449199981,0.7259499937437508
0.39494137181416744,0.3917646581622177,-0.08443005980175225,-0.14844189528268698,-0.30589488071528304,0.2125301214214154,-0.029930029145213574,0.13267420079322045,-0.020337303263076593,0.42924124346896236,0.32799178057305367,-0.422324732605746,0.5798510600475906,0.36910858037418204,0.8995295882047547,-0.43479248465437936,0.0521223607642709,-0.6197416914287361,0.823629582887095,0.13075357738331617
-0.4582133636178847,-0.2922118591370547,-0.10852664651047741,-0.02728740645500294,0.25131160540059166,0.2851924715428775,0.2960040587563056,0.3418329172446912,-0.0025397681662468613,-0.08042323516852456,0.6943364452170613,-0.6435590366303354,0.7187651302866191,-0.4550521869787074,0.4819260831670842,0.04366920650353334,0.47142260851850315,0.9689738719344774,0.9856689057354302,-0.3475476217210709
-0.11931398370947985,-0.020622024083175698,0.013497678407044467,0.07473257346344508,0.5499240079521095,-0.10022516293339694,-0.006138117402941623,0.5822144036948926,0.005443713354278686,0.020395910580977755,-0.3885388252090287,0.02756346578682689,-0.990539343510138,0.24211250797924744,-0.05696581041840121,0.5743034816895656,-0.5298047837100845,-0.39895404211291097,0.9574646506409192,-0.8546234467822877
-0.025119130046664977,0.12142366199092315,-0.0006050574384202797,-0.003755181453108082,-0.5066636491791572,-0.3783895807760163,-0.11153440049458498,-0.020492422093499017,-0.5237528841772309,0.055992809511642344,-0.4737489347831121,-0.08581320430747463,-0.8816719918743314,-0.15707448123567347,0.3277769578224481,0.5672002758047832,-0.5127594509158304,-0.8947551956238637,0.009684777577760428,0.8396402199530226
0.15060769214672642,-0.3229463717609581,0.11893741546777686,-0.1094992953297154,-0.13381900631232724,0.25423920074459205,0.002337249784384765,0.0812009911226399,0.001985640824862245,0.6932590920524725,0.4814296089111847,-0.6959094441956535,-0.4404694623359249,0.0785634663255248,0.8774034618949211,0.014887358700541364,-0.8201923743871498,0.20654494109589394,-0.6863406151186275,-0.00657636730500899
-0.11963195787095386,-0.05245424362513934,0.1506067408605752,0.11699230946129341,0.0999438030007449,-0.12641529362378875,0.02430073052265766,0.5491607781073873,0.38128887881923557,-0.3868163003140629,-0.9472888099383627,-0.27001231005377413,-0.27619561168651297,-0.8559089039337369,-0.8882877915720295,-0.18304258640807736,0.8998733175566878,-0.6774003228433043,0.35885152055503844,0.7255755875989565
0.09268796631787302,0.10760684999370362,0.001657588915704944,-0.03401409820771378,-0.1833172547646005,0.1242566751430172,0.422769422641073,-0.02280591421967859,-0.11963928953233882,-0.7434925189053793,-0.238801864233958,0.0867115391150981,-0.26872721265568456,0.07865246281349725,-0.07826500102347622,0.6478335263825388,-0.6958341607357363,0.43643346315076625,-0.08099690753786537,0.3264076702334442
0.05581000196191127,0.6455638813588408,-0.2901076530075943,0.004445513564678039,-0.14903572043036942,0.40624792341065097,0.33249255321813675,-0.03265596325909944,0.03576347776050132,-0.003061784462163042,-0.9052776023298845,-0.2164191385218166,-0.8561407133575318,0.6599396855608413,-0.45868831437387847,0.20510530154345363,-0.4377539453079078,0.4108473477253096,-0.30075889954373225,0.9358105113402553
-0.1529752924302874,0.03213372997095254,-0.13466632221717995,0.20406157815645254,-0.3714119388770999,-0.2614259681467226,-0.46042105297804675,0.2436752391266631,0.3147936134763728,-0.2515484448440497,0.18944600523958743,-0.31853613004476666,-0.7538072946359202,0.869782901219641,0.34752601266938954,-0.6436579279889234,0.9601466305947743,0.25109417880828455,-0.5381315226584826,0.6740726798275984
-0.11926679826331729,0.04036469728327696,0.03881114667739095,-0.1402721563287208,-0.024243412610655032,0.04864862777285352,0.24246913143500973,0.026610697655508633,-0.7945405812472764,-0.016826707199778232,0.9928537039515908,-0.6772846226058487,-0.13805458192326792,-0.4383485435231753,-0.18912261713846434,-0.0006909540102131295,-0.596079919535863,-0.24609207252530307,0.02983123487948891,0.3725018073952868
0.06074865871495344,-0.5535356750935455,-0.1149272781811274,-0.049116674622739276,-0.00842749541091814,-0.2866412942486482,-0.014980450934289014,0.2686248249449671,0.10494585070835633,-0.0667374425448982,-0.5531448900459506,-0.7769351746399842,0.4203674194947873,-0.12066228016391167,-0.33119480310207816,-0.029219110126551984,0.9366411996296231,-0.1782557021650122,-0.8167644529289426,-0.6583499832405317
0.15769313570324672,-0.03538017597780964,-0.00308561169690956,-0.029543447195379824,-0.06257321038039583,-0.6684302672870531,0.03439855330152415,0.2526907809793875,-0.07454074585452673,-0.02599788043246029,0.6300639650398259,-0.8294259775334867,-0.48281999619224214,0.2191853859437236,0.7199308531776427,-0.1285466992523212,0.20397819845366505,-0.3004128600387801,0.7456513061540031,0.9878976193992401
-0.27107033278716863,0.36788754959774794,-0.3963103454944278,-0.023818268449266836,0.19531030835665142,0.24604614447981074,0.1266397973183856,0.4202767652037992,-0.01940659914376497,0.1444462822993421,-0.28027530417962954,0.49655800924521376,0.6025245704713937,-0.09188352397902566,-0.6841508083483436,0.7655865629593972,-0.7151691489892034,-0.39048138844789815,-0.2845220312433274,-0.25961948096008536
0.05628193070516457,-0.02078618418396894,-0.25010222744236654,0.4482085091708806,-0.646024331872379,-0.01762755722730555,0.09459629269590268,0.09776352751362004,-0.10441591796133731,0.1955992225853842,-0.4564605747529089,-0.6725212684661781,0.983638796850675,0.537253391749231,0.5285052342432517,0.30284480288987026,0.504509393890942,-0.00030158453835671395,0.9287702286230011,0.49302242096630233
0.04376596466992369,-0.21875591953847037,-0.24481673180469699,0.12673917715892913,-0.612712592745421,0.03887990188202623,-0.012658893680301646,0.22010671049746408,0.1656871416126683,-0.10884240449503135,-0.9144676385583619,-0.673771506064748,-0.08431847836482564,0.9383508701160699,0.1571233704937791,0.33197560674485915,0.07136827392355949,-0.08716167408413455,0.8417938686464517,0.35416643305077655
0.026839661346913096,0.16683073523637976,0.15854049675905324,-0.23074783022141002,0.1018335048546242,0.1290444107143329,-0.010574256557977182,0.17770258203751937,0.08037657724256786,0.6170418505436783,-0.6646977300067451,-0.9497285555513819,-0.2507976376144416,-0.19239607774875345,-0.7266585949728723,-0.7014749963865039,-0.5159628298058598,-0.795458181303222,-0.2472925492039042,0.6459700624759279
-0.02387581789142353,-0.04616836694570131,-0.1878961113580575,0.4140116918471638,0.15779829377864965,0.49138761437425615,0.22684188905963854,-0.0005349132478872295,-0.22711069153230806,-0.1158665888692039,-0.35238223138260105,0.8984193570722154,-0.5334304024061041,-0.4025103548062199,-0.07737158740127481,0.8304780787847037,0.018449656827743244,0.890959575183575,-0.7706632294530453,-0.45395626215860485
-0.01792597108841746,-0.0205905514873849,0.19529008253370692,-0.06767347635292553,-0.1829349469010881,0.18346833830256337,0.0019754350822780327,0.7656516301326002,-0.09981122999528136,0.026099327465214414,0.7961268106384332,0.29206170987094615,0.1108979477398262,0.8150285828555248,-0.21045866977733252,0.5640316120160875,-0.032853989527058536,0.1447839288240773,-0.060759637865024585,-0.9619761764731745
-0.011561413568090269,-0.2656642764347393,0.2861893959027324,-0.016071069726305308,0.1517248226714042,0.11186765299674128,-0.142573105132742,0.05204755936590433,-0.16826948377959278,0.1191234374259589,-0.20359154419641068,0.28183779490418637,-0.43741303549822197,0.272182059356036,0.8417849272515567,-0.40250557250542096,-0.4896411555509992,-0.9409786780232954,0.4631957636012145,-0.19282970456279092
-0.08269144225982905,0.12398222204556564,-0.021688227887491335,-0.1671017155475579,0.5726978489250875,0.18350773988864805,-0.29276624756970715,-0.0035210017205415944,-0.22982401071656633,-0.05497439597489146,-0.7475748378807441,-0.38656835763273856,-0.3854493985751035,0.6914296299660443,-0.5832412315273905,-0.15149722434895074,0.005125379963381027,-0.5802205345766349,-0.8097415274492614,0.11320335751746358
0.3564436848853295,-0.11448651603397407,-0.37339511498640027,0.11006834668055934,-0.022707878641838347,0.024806666760307572,0.5473148834349096,-0.035837966172224456,0.08943058474695693,-0.06687383685019777,-0.8309159044712291,-0.6457671936923717,-0.4922619367069385,-0.35534428478337343,-0.49842083909042256,-0.7187226282200667,-0.6587400386155624,0.03574507149138917,-0.9782581158557773,-0.9619104956383635
-0.006968191790170451,-0.17762716869110523,0.07924093614302474,-0.08554190309331455,0.02624036585996922,-0.14647600203854844,0.12945880388562336,0.2880889159751058,0.154625404504387,-0.7077430516999151,0.45018409888810407,0.5653342030934128,0.23125836299277447,-0.30391861542339127,0.08153211675610317,-0.8164576423029308,0.08185510516754357,-0.7443305359233465,0.8486073632327962,0.08049014189712711
-0.04447961212549914,-0.16113494081949536,-0.04042212563691083,-0.03278805558749909,0.7040113665141681,-0.28630644511241854,0.029174521625387695,-0.07767028570280446,-0.3284527766348375,-0.09649473569102152,-0.2238865087301074,-0.9547717063499153,0.39469356914382114,-0.11362423578756076,-0.27891461069944756,-0.6348084134037177,-0.726946827142507,0.5437927031841587,-0.8233128173810949,-0.8472937752166914
-0.4838889172844726,0.04251673231347189,0.09271912988304293,0.2606168355760756,0.49589119141014804,-0.14439796555128293,0.4015654561303791,0.06086046574972154,-0.07512592959664344,0.029175620010156667,0.5536826285642138,0.8729175685324708,0.2584996341753034,0.20455596187737002,-0.8115300001565442,0.34164199174658627,-0.9232761961516995,0.5618296219045613,-0.11687325233552093,0.17895181208139288
-0.04834390603548844,-0.19547481584137105,0.03834167740892819,-0.3681087706261777,-0.24097032530765058,-0.05571439843685261,0.22608839165264594,0.006205673182177185,0.3438848551918105,0.35657860470267644,-0.5271658419807044,-0.5983154889014792,-0.3248470546166373,0.615896112035071,-0.6303983203744405,-0.255202524252353,-0.01469900117738332,0.5850856998271978,0.5162565085906128,-0.38779846447249655
-0.5206184834207352,-0.09700935792299908,-0.2756123286477029,-0.08736801712319227,0.23756589816024343,0.05921612001210544,0.01739673465652035,0.10224463940607051,0.08350156265818828,0.2707335712230881,-0.04531152701774377,-0.7085143653375809,-0.898122079806003,-0.3041929778736332,-0.988485978113931,0.5700556241126313,0.310325243020692,-0.42686037144820665,0.8806879361262623,0.5713209813232634
0.37061154278757424,-0.15268397109052562,0.3254739673681396,0.2279799635147568,-0.29986108169944753,-0.012597383671407801,0.10891105924846728,-0.03460022812108232,-0.3580197170977086,0.41618286394858856,-0.9597873220546014,-0.4699232428012605,0.5375861578794694,0.3442862055157392,0.7550123982190744,0.267927443387743,0.752100220250153,0.6205723911400278,-0.6725374408620124,-0.6763980214232783
0.24428769197775807,-0.1053757473671556,0.190888215018709,0.20644755986689922,0.17726143120515714,-0.05684811286461042,0.025871006944566233,0.3112510495002786,-0.1588038450107136,0.13913699441002514,-0.4153834751344687,0.6076435030175849,0.7465599125978104,0.7629536236918528,0.7167874010626696,-0.6514457974383003,0.21335214946404157,-0.9331981900968027,0.013933168198094759,0.8483970916160879
-0.32799314161030346,-0.10976177909803381,0.5485383340603892,0.21331087758184458,-0.0009563092373022775,0.07582151241275575,0.08573598005481553,0.2178980087485931,0.11598479545142659,-0.21995821656089765,-0.06964141279991454,0.3183296709445598,-0.12731126446764796,0.627299570248808,-0.6921925105221995,-0.7468953751980802,-0.06742682952249557,0.6819192371307565,-0.3678490948857651,-0.31848142235637145
0.035925288762042096,-0.22015989559813556,0.045509795703309014,-0.09625119168763141,-0.029060466159359696,0.31272958567674203,0.00859456655624069,-0.11365538616306198,0.06867757659917811,0.5506792842632371,-0.7591908621665264,0.04093612856205331,-0.3852556249216059,-0.011737177753925465,0.32221083431911657,0.9758237978456499,0.2688912961483343,0.08499485980340937,0.5343538938115666,-0.173909056729304
-0.007240275933095619,0.4424014673231009,0.08557399742906416,-0.3402596002687248,0.03265235159252633,0.24468608186166488,0.13136699475762903,0.6650570231482655,-0.11180731759490253,-0.013521082749388319,0.7306382557659745,0.16346894150267377,0.7119825067344849,-0.8947676413845227,0.0003222050342903682,-0.07107396901416485,-0.2943083045569801,0.0002951617957587249,0.08911279976129904,-0.47501720581508877
0.2063966936951277,-0.02288212459343683,0.6482256818849654,-0.1493165759956242,0.1523427823047641,0.24582833228072806,-0.04472420464326089,-0.1636085901187493,0.020011743510009977,0.1896014953746475,-0.7302721826566925,-0.6872045414812209,-0.10513921312917263,0.9272594182387219,0.5208473467274941,0.681782040260436,-0.6122601831825976,0.14013026700083353,-0.08701036162387932,0.9541804985691043
0.003435693723964406,0.19578714250576473,-0.6070342387692074,-0.3549211895869364,0.1953910667453589,0.006119893479785449,-0.20677164066106796,-0.31604389956394163,0.0783844917051375,0.17926757841730723,0.17698670497892866,0.15087001872498895,-0.521753810000606,-0.4055878501577157,-0.5633513919832858,0.21532432094565945,-0.16214997291915112,0.5447359361045114,0.2208892598266805,-0.7620430811650625
-0.47351726970101177,0.16535229279581753,-0.16836537475648444,0.12243500306884786,-0.3692726769002142,0.05207107861586725,0.08741980989150648,0.11218335058258283,-0.530422883767343,0.15857135953625512,0.7872289374110553,0.4615614171797573,0.7510175369623304,-0.8442118414393689,-0.2691621920047229,0.8623889681092107,0.2442431617696179,-0.34172653045280477,-0.850489558891848,-0.06885039658779823
-0.12885964064815691,0.00168109579006262,-0.04864167127655741,-0.3770987473533648,0.010087572553088078,-0.1612004771493611,-0.449769183748499,0.2046537892901114,-0.03126042043936039,0.004095218076524361,-0.9075977986641501,-0.1053402363214444,-0.34904655722282296,-0.12646407391553027,-0.826888543112285,-0.30679331080511285,0.2718848895075163,0.7377449457030567,0.672353967704802,-0.014964449074977404
-0.06085733784580166,0.2675566820551575,-0.3069289885830795,-0.206794940598857,-0.23663663160540646,0.18846625156088953,0.18992566240214087,-0.05033110357490833,-0.05272378491188967,0.16503222093749886,-0.6285075731445693,0.4505052190440737,0.1265995746846027,-0.9585754195506955,0.4800833293715556,0.3131988236232175,0.5378931336107,0.608691783423982,0.2975917523787597,0.6500196912979697
0.059431099083519304,-0.036669811924075854,-0.6753826060085832,0.32191792967552635,0.2192278926837934,0.05944587830451865,0.04314891743529983,0.04916090488800458,0.011334895705844485,0.004382846869125816,-0.6565214101737358,-0.35540242016648116,0.5031774835767406,-0.8356950212098144,-0.7880937016266831,-0.5515688165087607,0.8383850029737876,-0.4435630658563605,0.774515594016334,0.8846611779312106
0.048129674802738664,-0.5054631371407625,-0.023275014982819586,-0.01606277382114165,0.034480990956777036,0.03906843273445153,-0.5860701015481257,-0.20415032881900078,0.16623864384906795,-0.06365693524284033,-0.3415878894737847,0.6825780766694738,-0.6493230547237767,0.39752727949974753,-0.7487948662344162,0.8642783076646021,-0.15221675508535037,-0.09428895239305257,-0.134237935354365,0.7148765963681429
-0.06801358338362273,-0.2106522432137684,-0.012105091602878926,0.1803224994196363,-0.10346005080325504,0.11062414973069484,-0.047614517040098114,-0.10318586899257787,0.5576444739175439,-0.24357377387568624,-0.9975963857613996,-0.7978981272414369,0.7535819322681823,0.8472806675498974,0.5418589091672521,-0.4631326576374235,0.4900240525412487,-0.6924122083247786,-0.5377103815048012,0.7710131270996108
-0.8499578936385614,0.0350282481257065,-0.016700489206855275,-0.03522306375139839,0.012056022157577853,-0.021275712068182226,-0.07205161206765875,0.21552213946550422,0.04870239502431958,0.05539668267833096,0.5353075003675087,-0.21520608291349874,0.7850937377100249,-0.15668601384085812,-0.7046886214140333,-0.882063439620894,0.5314653423769145,0.41995074176072933,0.3529057974761429,-0.44851539520795125
0.30282298143635505,-0.1408304964184549,-0.05186325335471198,-0.26133778621841475,0.00960583489043429,-0.16392974236632676,-0.007048973512613729,-0.19774313436941718,0.02143545915453693,-0.01033993973157804,0.4523480540140745,-0.4222619350236432,-0.7915370930276124,-0.5268153358017302,-0.6823875815824567,0.7299494257036723,0.6899829437204148,-0.21820575201458725,-0.2605691743926646,0.06842654687805516
0.48075344272356857,0.29433314825840023,0.24708854692075194,0.2283525807612232,0.012725872512570624,-0.5012131829654362,-0.15339447162646613,-0.06137914639650005,0.04993258946261156,-0.0024561730467996257,0.9649146666430031,-0.9983638402792419,-0.46255797224851714,0.0021959333047218976,-0.3740571647212061,0.9213055619954045,-0.8273248081370881,-0.4605697033706153,0.4690856954973037,0.5572685970091384
-0.31302249133000143,0.6781377144005087,-0.08483761395958264,-0.17661139632155945,0.052606638647553716,0.16784551543711745,0.11803422945390968,0.27314886842404257,0.14426984494199896,0.16729223837349166,0.1997021346255594,-0.12620333888395185,0.16373779643725705,-0.31994741800364146,-0.9060284083170937,-0.22268571083611488,-0.010091508826983508,0.616287506696243,0.6634053061645051,-0.050599641705969756
0.2826425957336799,-0.28077676635365933,-0.010726943955875319,-0.05432483503160932,0.4915991771329751,-0.030590721728416592,-0.44052156440332557,0.057073022030071016,-0.03803406197345109,-0.0886415547063827,0.020433158190913403,0.3547959890445793,0.2811425899413502,0.15490572973391958,0.9587169154832529,0.035186588007622754,-0.4347092041765923,0.23666045958469772,-0.3199986384564095,-0.868151775481232
-0.03263197653903244,-0.06878908377545248,-0.024218683637986925,-0.3211491404040922,0.037635316681177186,-0.10675055435244679,-0.02465693909940808,0.5931504781289575,0.13524304172594542,0.4220133729506515,0.913878164764631,-0.3278642357990713,-0.7236285070943942,0.4481308427349229,-0.5157293107444147,-0.7942701802814032,-0.7506234383407366,0.18989459055076807,0.9583742278972798,-0.29143936116936087
0.03967791184416608,0.5390690575312951,0.13271927440037412,-0.08060776275908602,-0.042524031230797246,0.0337078213317093,-0.34604232804474,-0.06925804468323665,0.2182591576788583,0.24175720735889356,-0.004015192282185609,-0.3973346425587443,0.5702241495526965,-0.2718232222557717,-0.06046216230948942,0.5459244898834832,-0.39429359087524474,-0.7791247653193023,-0.7882850285597272,-0.3118217189425634
-0.17639627682212977,0.09050885872966738,-0.015061972034578847,0.4490618721783528,0.042006326511428105,0.28262000815006083,0.07871616985230623,0.1464375940552393,-0.46313026946279084,0.010309519522104515,0.42006850626478043,-0.6635475756135387,-0.33239891304116376,0.4665573073839917,0.03548872496575606,0.08267058919525416,-0.3825882019565947,-0.7147888838406784,0.19958042212634397,0.050340052819732195
0.18489592448969427,0.017442784252323373,0.1078276674028219,0.23816427826011144,-0.21011751940577564,0.14779571033171185,-0.6215700748572468,-0.0842761714048132,-0.27874815873561704,-0.2975712646170117,-0.3550094250614555,-0.02994199142465548,-0.45428598879123383,-0.7705297904653376,-0.9379712516721321,-0.9502457243178,0.42374512298864375,0.17791017699536993,-0.057123903188469605,-0.2843952676137722
0.08622102860828491,0.25370231353315437,0.0837227876323042,-0.7328684553850016,0.01179350016551041,-0.05750029731045237,-0.23320917534167546,0.06597154077865654,-0.04722149799201228,-0.13350299250667536,0.028558456026457568,-0.508026981530137,-0.4958068540688041,-0.37313468630924773,0.6085024272384776,0.20584318091357745,-0.2120781433400265,0.1223202129409009,-0.5387844860617672,0.27100568753089926
-0.09164537977444898,-0.43508572338045204,0.1389120849690113,0.008940999695215418,0.09556801863240895,0.2630443212789054,0.04130812400700354,-0.37419082574494567,-0.36372227919506944,-0.22512879215529275,-0.03498042808245039,0.9679860984349087,0.6767005938669095,-0.687783908140478,0.6015181758713015,-0.5888392970869949,0.814932729733967,-0.5475167451397247,-0.851418878586752,0.6090643567126526
-0.022483816179367302,-0.0041253339004609455,0.009371667892662286,-0.09665678983457376,0.11341832433797361,-0.5994195821646849,0.09799616353859078,-0.36591656543863416,-0.006104168669081517,0.0660676034899584,0.9093734605336672,0.02760788724153973,-0.0836324428334645,-0.9088366959539962,-0.16093990438003236,0.11646786272270804,-0.6624924956426617,-0.6604716759121922,0.17962904415883796,-0.29227682545228406
0.034566725055397596,-0.5512630978884181,0.0060025135938124915,0.015342882709440175,-0.034396661037504606,0.11625645486135103,-0.07097197546657147,-0.2821230828480245,0.40419472080963725,0.12509707238590917,0.837293423524492,0.7758165041632799,-0.783183735252722,0.678573983126199,-0.5711987440021957,0.3265273110434306,-0.08693219512757655,0.9912642491511421,-0.09572224047441469,0.36139182365800604
0.4020067289058027,0.22182874786585416,-0.023034246971050283,0.3510113251756236,-0.09750457019365376,0.1097226309271024,0.3866160908189079,-0.2230844500945131,0.44041142597996397,-0.006264398454122258,-0.11737418813700229,0.009961328194662222,0.02548388577128846,0.5825325086573652,-0.16890226648932294,-0.8161930398344412,0.7288387744211173,-0.9832816012492374,0.1496621845114967,-0.5886104495975197
0.12910860975038066,-0.20811056217536356,0.05193646389220271,-0.012522002777361638,-0.2212776244556232,0.0407314370123567,0.176937327774345,0.6116140581768198,-0.23422151400339813,0.2597522236419045,0.33288594951030714,-0.14016457852659459,-0.387419502542268,-0.6876165513310384,0.5020322125229135,-0.965634156232499,0.8558178178421532,0.3211317161743348,0.8307884951652711,0.7163326986674479
-0.09792215038503005,0.05542160149527253,0.2770164226390813,-0.2491945717910375,0.29013747360191194,-0.3844509902119299,-0.020779282477138228,-0.42975860695540447,0.2032913072235466,0.06940395457611045,-0.9995803782172163,0.007735479349331609,-0.021996055575158602,-0.22240409462042043,-0.24422899349436888,0.35357315653879584,-0.9615104268933385,0.03068445294171629,0.24255728048892156,-0.782776193394467
-0.012426841299685937,0.5872729793392222,0.2321820240898731,-0.2517959661624236,0.2607159213324391,-0.02590397317342949,0.310033484797847,0.1898531128905171,0.10711678689129767,0.03307163926945082,0.7569593182810066,0.3290519816039532,0.33147536108595355,0.8300717978206806,0.7704477120728179,0.01285789650828284,-0.7427426116771441,0.7674183607968477,-0.4365461746335706,-0.39327603628670493
-0.030383304592562436,0.019702826901976514,0.251882826526024,0.012366057096290746,-0.05113265140467005,0.7458990772273923,0.02585973032419904,-0.0036890373321772016,0.0019092857648221676,-0.018423096079275066,0.7742933737505773,0.7165433882561723,-0.3531768817347454,0.37034104697689885,-0.6136773591558302,0.5759338783163288,-0.9923535120856175,0.00905995845822094,-0.7390700884753452,-0.7055000640500126
-0.30108592194092126,0.08186736900937913,0.1152450229890063,0.12963976993502346,0.22689498064605687,0.6635884434219652,0.02018231332063554,-0.12303858764396353,0.3770519005546996,-0.15154795643638053,-0.3087420709259996,-0.6506259604560984,-0.06926400547476286,0.285547761211532,0.44558095022509536,-0.5336307478017848,0.30816701026934523,0.4439058719655058,-0.22514031061737638,-0.49558899445747406
-0.18501218497182562,-0.0031819188737661278,0.11754472793275461,0.0425703193134358,0.23232931462752238,0.08285153364085907,0.027841218215289766,0.04684047901218383,0.026372317499021518,-0.7204984642237704,-0.889816716621499,-0.5686649167052313,0.006465479933697171,-0.49811598490948206,0.17839153312482892,0.558406809060362,-0.7308180900804224,0.039121046277320826,-0.5478145913670562,0.1503392694743262
0.07071810463634896,0.027941064652630916,-0.2812211846343035,-0.011171284149239812,0.007042225043232817,0.15224320111490686,0.009091907352151174,0.3882461421000477,-0.012715211934770354,0.5433599599923584,-0.11479495358809055,-0.26649537591444616,-0.801791891442367,-0.05382318740023151,0.2896902343046752,-0.5103815286054354,0.8992651632370974,0.9169345235826807,0.7162813516805027,-0.7616240895795434
-0.24982300545129704,0.17916732367522875,0.22160206548214575,-0.5448456029963125,0.14072394904694066,-0.1018169108373132,0.39315934182375656,-0.03430081138297862,0.06383066348111,-0.07194247677256424,0.7781247201743,0.9050061783162622,-0.15876260481727655,-0.5878264318560233,-0.15607577861964406,-0.8334456962591943,-0.17166195921397165,0.8465309720881555,0.3617062398321944,-0.7354791184976011
-0.03893385430427302,0.027862309226747817,0.2959908450007619,-0.00816244068961099,0.08198290321072055,0.0386014215644795,0.28833101985837406,0.1851090096474805,0.03730209637088377,0.5172976244606352,-0.14777139217795354,-0.8972755584888255,-0.5309738735866261,-0.01578502080834876,0.8559313190655837,0.852879469499948,-0.9548197108640488,-0.6578715543431155,-0.17553481477220378,0.6908858398712547
-0.09887288880477074,0.07779766685274198,0.5362101392191998,-0.06231207114444191,0.15204750771983946,0.4903465937423188,0.12135753100787683,0.23523348383005105,-0.0295625399938768,-0.13947679620908926,0.6439101344548808,-0.7143045249591398,0.5833548444771082,0.5800431189861592,-0.11465447552037888,-0.33423496703957767,-0.6008203079963466,-0.8033768494690308,-0.6004414606611053,0.5531953686840192
0.35441601864681016,0.010064784224520017,0.0019771307727927505,-0.7542773288123333,-0.23959140955616787,0.10317223464891238,0.018738393560629882,0.10267565626949171,0.0425788586774416,-0.0814365059369472,0.0273346213798773,0.4141757337242735,-0.12696553880215,-0.4158001314978206,-0.652484727504052,0.051682911965621914,-0.35645824020755956,0.6257047341921353,-0.6795626327931743,0.23262559222866086
0.3469022758759721,0.3492596635318397,-0.025316006209039482,0.31057408053499247,0.0484631482954514,-0.00651780927736253,-4.096174026785304e-05,0.29148300762986434,-0.05815064148836019,0.12490224604821804,0.9648203372557331,-0.9889817766912319,0.36384085141433964,0.5845143978170928,0.587899497772892,-0.5787080369256954,-0.7381063594323265,0.8945467229484474,-0.45190580051994145,0.7961360287397188
-0.027311691882877076,-0.18400341760288358,0.11489589699246094,-0.5199433349122211,-0.1600509462265292,0.09392402274146217,-0.37849440388370753,-0.10305302219834322,-0.41046888934576453,-0.0541226653938314,0.4264649337351356,-0.671164482812771,0.2919859005837011,0.21539506166452482,0.31520661307911824,0.775120683294668,-0.8889767267864874,0.0769194589434874,-0.10845065303020984,-0.17626909768871024
0.05945528759187668,0.45600404252873306,-0.11726409386241213,-0.17985252680777652,0.05947798530656395,-0.058855113518796714,0.44913056016050024,0.19522979781002156,0.3412835789533028,-0.22764776891357136,0.48860077792231116,-0.5080675202680465,-0.7441642776610955,-0.6503115538895792,-0.8248038335536747,-0.8587500166649329,-0.9072835115347089,0.008466411017036268,-0.727923624571666,0.47325885573262316
-0.39701362150280456,-0.20920929143281308,0.4194602981118136,-0.03289252655804802,-0.21562636719070216,0.03680418050643517,0.25327380811744343,0.07517887287493176,-0.13028247923661562,-0.02463412794832475,-0.10637266524311983,-0.6232420349241028,0.2758310321168387,0.5205016753839651,0.4366440238092717,0.0982250827389386,0.004295780643265745,0.514570486861488,0.9863079684418685,0.9518958249814555
-0.045829142543670015,-0.08647971236735508,0.026312508476403,0.2211700929732462,0.4734141838116098,0.4439932900287558,-0.11899888847608346,0.04864289979246471,-0.27204679554047173,0.23903799480590066,-0.021593317758096253,-0.6289143534188764,0.6766956182553603,0.25887266769729167,0.2568730390010254,0.7392890552111426,0.5183576259026239,-0.14031961546754057,-0.25918360164847054,-0.06900164550625809
0.16074005297107674,-0.6307540858676822,0.08142807698128013,0.06819528529723917,0.11558202001404294,0.11348503130344476,0.09242347078487367,-0.00151498960136566,0.022457435006625892,-0.3182791751965042,0.48824823478476365,-0.3309968965496395,-0.5442683544728166,-0.36584938775614284,-0.6070788018248214,-0.6888096886545265,-0.1722757367815042,0.15330350730971998,0.7359588001008917,0.5655283609934854
-0.19224325055725577,0.0038737333086946574,-0.1012776494523637,-0.18582187696826916,0.0551017718571205,0.07555930169128777,0.15826440335509379,0.20341662330235877,0.054683458469033955,0.5202921188694593,-0.4020947396836827,-0.46316418119639047,0.7130324932153029,-0.15779135071361083,0.14580864719568187,-0.04344058480804547,0.4128451617487825,-0.08753516447699505,0.23369967666145675,-0.6864659982106585
0.26222578073407693,-0.09957324664107675,-0.009111274572194402,0.11472597236297621,0.05768253537175477,0.2986900201038285,0.0672512973450238,-0.3452980411969916,-0.04277977046966652,0.09043178403270813,0.18558674922553586,-0.49529612989318283,-0.9774507914985651,-0.031034140277652833,0.22646605169115452,-0.6633124706829903,0.74774623806242,-0.6611132809845406,-0.5760581097914288,-0.26996532513646443
0.11246144579239178,-0.25062214331167787,0.03310161497335123,-0.08956737415063518,-0.8432980536267305,-0.019375031567273118,-0.009694999121598956,0.08812607357969954,-0.09080120829024207,-0.006628795854370845,-0.5636854108909923,-0.057294024162432455,0.2722642506694366,-0.5020079856428619,-0.15975132115347868,0.2586702889415793,-0.9822591824834679,0.4130771213326314,0.6630849460311212,0.2910277115875177
-0.049456388641210554,-0.1970065876406541,-0.09004983627976261,-0.18818540388370317,0.08396366033866773,-0.012158331142822464,-0.10404402492662874,0.19067868415707329,-0.2389213359231956,0.0073295156838704585,0.5276497649178078,0.5656883932258532,0.050402624066110624,-0.22887089162663488,0.26211799258175006,-0.42873409935415974,-0.1800703492328244,0.6005018702924094,-0.26156269018567757,0.769404766722569
-0.055555458767344516,-0.07595433754171346,-0.09686902263193509,-0.18050440901044723,-0.004928572016722274,-0.09558793179211794,0.6460378338328859,0.028903802979873494,0.5297455495391847,-0.01824449727801339,-0.7237434721184137,0.49371119103784444,-0.9814719819929616,-0.9399091439790854,0.5220007229416508,0.44183762319837405,-0.28510016926763737,-0.892770206595872,0.7323679255795139,0.3864437352107799
0.00811268036281948,0.030803322079992194,0.20419518206008047,-0.0007411792075783935,0.06548907644304847,0.007488289711142598,-0.25948157816306217,-0.07870870737433139,0.24737777291436852,-0.7697226781864288,0.9714952790441131,0.6737454343264797,-0.4500886262414865,-0.4217659741736952,-0.3219866319834266,-0.6470726745210917,0.6723616555723444,-0.8500815671338631,-0.7438944945346908,-0.9319146195654231
-0.010807862110089071,-0.11136301438875879,-0.3806443048408092,-0.240569831600585,0.059215730229327905,0.138056025717584,0.11005609866700151,0.0721034044592077,-0.1549152730971605,0.23531896251751616,0.7292456651284118,-0.710119850117938,0.6215878754627522,0.4231308203174071,-0.8635607798102989,0.10842009610157666,-0.934351950818918,-0.10380239458172902,0.3178029567032523,-0.3532237022528273
0.47373844282588695,0.4090174119549698,-0.24985953766261115,-0.02518450391634573,-0.4896250857351162,0.10496505609378297,-0.007829897552111206,-0.11173623532569,-0.044277977167225924,-0.1586752998228575,-0.08253583752508042,0.827894858011776,0.29653747814874243,0.17090262944576273,-0.8110014982773783,-0.5355981325674197,-0.5765386817621332,-0.039602360211311805,0.7124746800421813,-0.40668817290077586
0.2917480151693663,-0.224015895132604,0.24275815663231035,-0.058379521713266776,0.25267097580767706,-0.46259461678052743,0.1869137748891488,0.04137997136092267,0.0227114633252339,0.02299761377518756,0.34511754361710545,0.806425081126088,0.2720073573721258,-0.39686781407361726,0.9254313038468236,-0.15363208143726248,-0.472548904445955,0.738376201958608,0.6727355826096919,-0.38075365441668185
0.37121695026044643,-0.3276293431862675,-0.42747877050789745,0.011950642763889796,0.17735254006639029,0.27323826352426606,0.18411675699279373,0.03826501239768333,0.41741656265305405,0.12445261796539489,0.5671625218009626,-0.8343810299209637,0.6029659616499539,-0.17944475769477064,-0.11867684257555844,0.034468219446549764,0.5281576079529888,-0.39381090117809325,0.9015517108894968,-0.638439089007035
0.1381982488683279,0.5000299160754249,-0.2762068057976724,-0.000996768787851432,0.2351406407841483,-0.01953334999190483,0.16492985678679972,-0.08243469056872622,-0.042996087981966385,0.15885515483074591,0.7172084823328071,0.04793205044813886,-0.40831642048395334,0.17058546719796186,0.28335798418885516,0.8982985094595322,-0.10966444327269231,0.7572498683473088,-0.44974367119977976,-0.5149419628279692
-0.007019679848542175,0.04558579764370749,0.3960649412943044,-0.0701034190513104,-0.26248368929209254,-0.03043499455871933,-0.7062525756430097,0.049632877326554636,0.06983523445305281,-0.012850046586720579,0.4106987211341715,-0.7967808642272873,0.7005590617820903,-0.9195437769771173,-0.959029980076356,-0.9005530493748162,-0.4260687426204186,0.9818388535740046,-0.9585289969397517,-0.6752957303983316
0.09846083118202917,-0.5220286586108558,-0.08526775632469877,-0.08319158168349856,-0.01413579808122084,0.12491034756099972,-0.46655026102177066,-0.025886680157827163,0.3578156785519544,0.05262483065098909,0.5356763537674321,0.7141343536121809,-0.7463541159710292,0.23003950793055994,-0.5406392802575526,0.9806925556154198,0.9041141483796065,-0.9983662731102116,-0.8709527709186848,-0.08620562202206727
0.04629187627192194,-0.5308662171410996,-0.3783840392833886,0.05231028877330568,0.27329748391537806,0.011543209914653962,0.07934308853008343,0.00586850022269611,0.2716586853958117,-0.05606359612483745,0.8404392544691923,0.7470851661851075,0.6163255137240053,-0.17501534216106918,-0.9075295925686406,-0.912151870380052,0.42655171501051736,-0.7800050593526628,-0.8629628939051395,-0.47599709761165543
-0.05688782056172459,-0.6335914281925389,-0.06707515309644743,0.12447883201897308,-0.05558876306894678,-0.2115286379677967,-0.24124119778043593,0.17539734766079956,-0.021198269316603388,0.13345833663337203,-0.1657257427521901,0.4791398638411959,0.705853054593859,-0.9564739548332515,0.548656034878507,0.901486775160967,0.9563499255558601,-0.9968671887840383,0.33702223747764504,-0.6973084603623707
-0.29614130809238626,-0.12157411113294236,-0.2718413328496722,0.08187024634306467,-0.29687304446876134,0.11697904978736971,0.19098482416379647,-0.1050069629791186,-0.14030236951311087,-0.24127441926875362,-0.056757503778158025,0.35071842905656014,0.12707509586168175,0.42803331996516225,-0.8798720979293682,0.512615345292547,0.9495527906026087,0.15572017267169658,-0.7010653399914297,-0.7665377509681219
-0.06841802897094845,0.08541196636489484,0.04293509735603718,0.018920235729166374,0.025092483891580447,-0.07558426903099084,0.04617552242476647,0.503977801390206,-0.5696905126852315,-0.0694811057443771,0.04995388715734861,0.39287079281083614,0.4205698337424275,-0.33201829715085496,-0.7021549849254023,0.4817810324008309,0.642406376089085,-0.11965515104964419,-0.971698781296302,0.7899878364364239
0.008439977146867339,0.059657705130156585,0.4096470341169697,0.2557722565015106,0.1519438296436142,-0.5379652472623706,-0.2236354344930866,0.17788545643751652,0.11653424276058821,-0.2532400117274413,-0.7800728960804215,-0.08463915082511275,-0.8555838797765527,-0.3402699726497762,-0.3022678567686734,-0.4271813458663756,-0.4546759663745177,-0.11946968787274215,0.5770271138561491,0.8571651357560832
0.08705608739255231,0.020196522126071204,-0.02615054073238221,0.23202684981380017,-0.5321090666774375,0.0929670696812464,-0.2512905977165302,-0.15666019714185356,0.13252580704803485,0.24694816192404417,-0.11214342091496254,0.917145717309114,-0.6591007294754527,0.5165216740066192,0.11556576945186081,0.468678554528452,0.0859114507218508,0.9845162423415641,0.30339827136778674,0.1283812376598512
-0.4463704364461489,-0.06862938921107908,-0.32768965525798865,0.0329960712273981,-0.03100963436790618,0.07698428761053228,0.29291129909846464,-0.05041490032717293,0.5334215200207912,-0.0517891885689727,0.8824178925062955,-0.9261062893210037,-0.2743154633244864,-0.37501992554625674,0.23647987600604536,0.42587714749922,-0.7951956536115927,0.44534931635149366,0.06562795582525482,0.2665638759579778
-0.03168905143707004,0.29217737434849056,0.0028245764086086674,0.4994233408212776,-0.012550115108264445,0.018287336720815173,-0.02472755524307852,0.41685432720597515,0.005430063559310609,0.06460240537856715,-0.6682467842250168,-0.006815827291476895,-0.7389976763829471,0.1508557714908938,0.7303981993776771,0.31981710069382285,-0.2959377365486695,0.2250736935299884,0.5034379771857909,-0.2035897993541973
-0.1581368123578403,0.5711047220865332,-0.03490059957594692,-0.11855844773031403,0.1428710392648997,-0.043005669897722816,0.062351393374673644,-0.24101062652065308,-0.10343102201057192,-0.17214626220294668,0.18279228268971415,-0.7217017656606166,-0.8347995857346708,0.20219620518085324,-0.753087852431096,-0.8663631626159278,-0.3131035600239327,-0.7967253866853772,0.4316136629570426,-0.5134935063722343
0.6416867122338685,0.00320306195783078,-0.25671943443234035,0.018484237688193336,0.39045117214987923,0.07422175601814923,0.1422431057683039,0.11066304989994659,0.019675975215087592,0.06879514993836788,0.3218550348756135,-0.16712069982819178,-0.09203827598454084,-0.43888780767100477,0.5129565177427944,0.3116366084581095,0.869756772376425,0.7971346271836703,0.6638440175138289,0.4446276881076361
0.05302651815241466,-0.007965339231614715,-0.04288658719128369,0.1357933155967963,0.38661755171770534,0.040812663390744214,0.236669970468525,0.17223754489853887,0.6177785261362557,-0.06192357583886189,0.1387041824453461,0.5454528027595189,0.3869930977592888,-0.8015082380538359,-0.030889194621426252,-0.877174423588527,0.06916272585926264,-0.5077978106306307,0.644489647783884,-0.04384768398009897
-0.22025825730557236,0.3290483209009938,0.15407778320499183,0.4304733713326714,0.4453208772093503,-0.09458096533182221,0.05724052933734142,0.007642250006209113,0.11575361343800256,0.0319223667994909,-0.4528720440028544,-0.8919529070950147,0.45364162614694403,0.8088480478966682,-0.5476922505125772,0.874344394666317,-0.5977392568532105,0.12086976662802917,-0.25805828126170915,-0.34323880418515484
-0.09129557696056217,-0.35995422520515585,-0.09420393426673826,-0.19055755890841847,0.03180896828209924,0.07124039407907985,0.17833399867894298,0.133430637117811,0.2647549838816079,-0.45879105556539945,-0.09091502568195242,-0.6114539177014291,0.8465230083284903,0.4157040036062507,-0.8482618874923642,0.6050105954621834,0.751626225953387,0.3722537945192972,-0.8903946374940122,0.4598850765966527
0.019850807027865514,-0.6374949463719234,-0.30568028789502266,-0.05583433377304628,0.025416414279036625,0.370248762939431,-0.03524582333863234,0.11782491573666437,0.024181171127552657,-0.005160416458240766,-0.41801998284518893,-0.018600898845247293,-0.8696542769125761,0.4486374465563414,-0.3772545353611374,-0.3713697242217242,0.4588512031901726,-0.47203104962174036,0.9506126728660336,0.2288987947717902
0.7586957011612735,0.02568886844035399,0.13539548969059445,0.050270980601544626,0.021833817376970096,0.023908473844494453,-0.10115094496028557,-0.06933757712526055,0.011391191894409177,0.2332194461681414,0.8232012579777017,0.21758423970159813,-0.6263196338957193,0.21943294381832512,0.7157987747297418,0.3737801189055203,-0.6527998821292615,0.3612625210947784,-0.9397450301636361,0.06624911329585781
-0.2657530324938509,0.14440100019932356,0.19929906917603946,-0.2512824648230604,-0.3277920276080957,0.23233495073788762,0.15448562154934709,0.14518509294629595,-0.1281274314637112,-0.0347743698109279,-0.08667730164665244,0.8443326560994062,0.06803849409336626,0.6985444959144416,-0.8614255003469011,0.10876065577760863,0.30635133384745106,0.424037278200293,0.7831552532672821,0.9299561914625081
0.11053678551856005,-0.12454916987152542,0.06362173799705184,0.007087995456925511,-0.07645840105715332,0.06861090465069825,-0.05257074314624102,-0.7303584440010487,-0.06348366398649945,-0.1973674995041954,-0.7949605764172716,-0.4661453728288134,0.18391985490891294,0.21700625741995005,-0.491425639769842,-0.8866241538350186,0.9798422931643895,0.6530495378151253,-0.22272553007320783,0.7872811061167293
0.09272616375976261,0.33488517333000045,-0.05042881524708455,0.03289115686249611,-0.20228549102844573,-0.2571562113576004,0.12240088819574158,0.10267185307871364,-0.11875683286102517,0.019822949688215782,-0.20288941289082407,0.45571722836174855,0.581403540785532,0.7238318129317507,0.6878610310268132,0.43043227237181236,0.6952707451351039,-0.50163089934011,-0.8620785515400047,-0.6388677069297901
-0.022983827104600618,-0.25329519277723234,0.1920562452206908,-0.19796604787340344,0.05536812757704168,-0.47551879247440076,0.21409849715299703,0.042121425051116934,-0.17849263921418002,-0.039483835301404716,0.38330235676429036,-0.17474359411602758,0.7394993666308785,0.8225445043859814,0.8590286721583145,-0.2940550104196864,0.9842453314127808,0.8545196527509835,0.991511499446529,-0.32396417496103824
-0.024121911807592582,0.4572189189747662,-0.009197962284667679,0.599709686503607,-0.18677030013756826,-0.00024170973899186737,0.03071967072359072,0.02313462777087396,0.2679652027344497,-0.03532117478185717,0.9000960449938276,-0.706568480239772,0.5014684466634038,-0.6664785252010215,-0.8562547398375993,-0.7590770933642612,0.6681254427697179,0.5404040870509477,0.44749139270301885,0.5431662790693075
0.10443660085617296,-0.04234098802582044,-0.21889969010987315,-0.4228052490579212,-0.003398224685746831,-0.03612492752260009,0.1098446217762353,0.5209462004657774,0.04589407186494454,-0.22182364294332024,-0.7571711666820944,-0.7727756723366213,-0.23855665013856076,-0.6527951554767846,0.9687388053948807,0.9239431184109557,0.5742803509172523,-0.2609729368455542,0.1658709656906856,0.6027365248702117
0.3000161405927382,-0.023139114456051296,-0.06032502070432967,0.12114458188528927,0.6199139618321613,0.5031527972438082,-0.07592514960869091,0.06237266582514024,-0.23405798259748833,-0.006211421432171016,0.6152544681289283,0.5801625764643465,-0.47324527522679904,0.6541918215165599,0.4880816592386319,-0.6004823171140163,0.1576419892173282,-0.6649155156640125,-0.9969731945797029,0.8749332369925646
0.003054440192862662,-0.09948558952383163,-0.125163039156374,-0.37966373217086724,0.18767546262091397,0.20357280936783254,-0.48509650269554516,-0.0432997724923779,-0.13861085176029414,-0.10347609185968429,0.9663018035309594,0.8385831698076911,0.24803859245254412,-0.3749827240597561,-0.24731292971890784,-0.9598478745036487,-0.9529628904518765,-0.961287509745077,-0.3670674187621108,0.04848744077258038
-0.36849102917597465,0.2213324984189321,0.1901789669349449,0.04307936091876874,-0.010203704863424812,0.05573882652647535,-0.15784400002055463,-0.355716998825121,0.24522650578670252,-0.04807825623266601,-0.9385151240066418,0.22721586023305895,-0.17738805362311116,0.32672160449259446,0.6249398497042364,0.4734453067112867,0.21831853668397905,-0.6963935664254257,0.24140560266186784,0.6487675448938037
-0.19916006732375297,0.12926452380138953,0.001054653960107385,-0.07234601025051521,-0.5715224280698399,-0.21312053651712098,-0.02962897495299921,0.13775015862072262,0.010540383481180582,0.4784615884777964,-0.09471629097934264,-0.8101625271178072,-0.2309387162275962,-0.060729209889640146,-0.06646087999449857,0.7383147900931193,-0.6936448831195359,-0.06890458834189572,0.200825259724553,0.10997244554702545
0.051465084786698145,0.017473924704837884,0.023008613974409203,-0.6828131250284488,-0.24305095167755417,0.1866521518666947,0.21188226399209092,0.09394272149610969,-0.2077357852329767,0.19048599246083986,0.9371394043113763,0.987289309330194,-0.8165899413353557,-0.2882863904890596,0.7714824196791501,-0.18950903531239427,0.618990898946802,-0.02606289942287754,0.2668282032712994,-0.15495904740371103
-0.05534747836257298,0.032658502927628674,-0.07207945947258682,0.053160433982597385,-0.17216016237062742,0.09765706874695076,-0.24072394077406495,0.2702661504893775,-0.3340936322771512,0.24260408661618493,0.880212599871621,-0.12676155388991206,0.10866944420626168,-0.26559956697974485,-0.8025153523856632,-0.21246916536371518,-0.7498012846734476,-0.6145199541925161,0.8337897628963193,0.8094864832559545
-0.03784164062008282,-0.08144777053366302,0.17452365042960508,0.0023360466553552783,0.005916091116878852,-0.10327106303777212,-0.07450362847109697,0.9079409204563085,0.12284187746638922,0.1962035428884843,-0.6863774194974179,-0.33437692575426126,0.604584950280252,0.13169437338689804,0.5870436634448666,-0.5408794924833988,0.6481994243732727,0.5946215401686892,0.010918053269957761,-0.0964251613261724
-0.018876241791337733,0.14392552459998115,0.3490644833025234,-0.023354973682564117,-0.6170630079655279,0.05339451620619878,-0.2890392479797763,0.017336470836870677,0.24351814259735355,0.40120409348909203,-0.5275616635631857,0.05734422910804993,0.828654547041368,0.4330689832328667,0.2979022080553353,0.5129575820624666,-0.19541916112669044,0.8243427792790057,0.7741224063457608,-0.08257706535922149
0.032374004687898666,-0.3490799015533361,-0.35511623911792495,0.004891341175931846,0.22294361526239537,0.1618573960406975,0.705853288872478,0.14936337825529408,0.017088652410098215,0.032982190866219604,0.7713345742757229,0.6469929944889337,0.3535003119347626,-0.6294372420877545,-0.6328529285618527,0.10507124472277574,0.5598232813617154,-0.7961433796776631,0.07766483693357529,0.024408359444658023
0.4007378121414667,-0.1553208975838225,-0.06322795386258301,-0.18235643547117547,-0.16382349429339904,-0.008914526784773485,0.2826818776353491,0.1734664645488966,0.5908802436047401,-0.035251354732361816,-0.1502879133781394,-0.20603831319993948,-0.2736955311896885,0.6524382281466499,0.03115819384803231,0.5832265077299028,0.4010891299415411,-0.8845225963749634,-0.5232309304151121,-0.8794178482431216
0.19895062756806517,0.2499988527860762,-0.026159926377803802,0.003113963506969075,-0.433016286671273,0.012988418926775012,-0.14354992319438892,0.1123699842200087,0.018921217538602833,0.05355038029731035,0.418982373956045,0.5396384185248961,-0.08513066303352912,-0.9907466588389706,0.9771677886605699,-0.38576980775858805,0.19192697536600867,0.5768401447247242,0.653059266665915,0.7247318775545399
0.09131756513643652,0.03839851602111266,0.1657575825110723,0.35998193252978206,0.04306899195299829,0.2646237666106843,-0.013416937338121548,-0.2660478920112407,-0.007766102381702833,-0.03864531532757684,0.8786927437700498,-0.5398720615250676,0.387873886290901,0.9529544712847082,0.2851966273748041,0.7274794037610857,-0.27565951889591633,-0.939636560678123,-0.4013444028154347,0.6405837065259639
0.09698974956196965,-0.5117328708454321,0.5091543838197488,0.1529284429000991,-0.22546806698933833,0.02279396679643292,0.221586456278459,0.08972393409764448,-0.26350955444594454,0.11439059205199031,-0.7835211779710327,-0.7733781933831172,0.03469442727950134,-0.9851657930977766,0.690966032732214,0.8416834223776906,0.061226984497357195,-0.08645731564787607,0.7706500389009414,-0.8308836690006765
0.20226254834320612,0.11039705206169743,-0.10755988438015286,0.004997782744381632,-0.48568497182243486,0.34988033969584575,-0.07933413058701057,0.04478675335221166,-0.17885759223781433,0.3535915695686886,0.9803575813844758,0.7238297299960428,-0.550570665424059,0.2732487620120283,0.6534372421014323,-0.3959825278344604,-0.9083712338734764,0.46404893414746073,-0.5811085198960437,-0.43789769951767354
-0.04222781383393623,-0.06564524316047221,0.03269718765994789,0.04511121849658414,-0.06100004282442903,-0.10057349285658052,0.2973388001498616,-0.09675310636906503,-0.15473585976211574,-0.010013691409756276,0.35383708381707146,-0.9872167054827148,0.4304459681050552,0.15614347647378835,-0.5397752432267351,-0.8967716212715309,-0.01900086301260684,-0.7736037852666469,0.0866779745207007,-0.3003245417570435
0.08099061977144863,0.2774623945168877,0.07944524030645606,0.06924490824235119,0.33284328220201503,0.1517691375751905,-0.016769899390226356,-0.6575782950969403,0.02285439245623813,0.0047324255606441025,-0.7084934929276805,0.3000009436161921,0.19948746578408638,0.9690164798759671,0.08793829851911528,0.6064921768383666,-0.19393360482287214,0.33686579742772604,0.967262695257709,-0.7671739938339432
0.12115852770303837,-0.10906051160314935,0.2394234607877832,-0.04531319700466119,0.2752871454610408,0.015890231174488095,-0.04711189877768644,0.05270777362065058,0.3156541177340024,0.22502004290531996,-0.6917785645803531,-0.7768736784644412,-0.8631221123174824,0.33326113386535106,0.10961559163232826,-0.23584382582073626,0.6411832465966192,0.45909881945194186,-0.08038789447277028,0.2528563795309615
-0.00498337117431237,-0.5491403318052374,-0.18531710579419164,-0.21087414465031984,-0.26021196271772473,0.05450900704017566,-0.11737244000956636,0.008975010078139339,0.05073878052290427,-0.4956009172479423,-0.9184451157768718,0.1261411604550129,-0.0755383933282352,-0.45637976706867756,-0.5115710203962442,-0.9473456246154461,0.5908688199102636,-0.37120989798934545,0.9039719553633665,0.6867438936867503
-0.1149966938144773,-0.4637093611308383,-0.11453570376814631,0.19011867026223395,0.31407164132403753,0.049776684524838966,-0.07411206186916502,0.40311444850018335,-0.04341990746900193,0.026163755917444742,-0.5193685524347842,-0.21151749271903553,0.1566021505842241,-0.42579725396037027,-0.30609595152594093,0.27593700055505943,-0.8091965188234085,0.22790008803877204,0.9925951755906341,0.7098673117822931
-0.08326479309254747,-0.05823529313249115,-0.21351294175739205,-0.06448965971500276,0.1163528711030577,0.24855554740276958,0.08425820710256715,-0.08599183477043593,0.605273532563007,-0.16147855379224757,-0.4286067442117709,-0.39126896806696054,0.2668283419484865,-0.3680428278685892,-0.6125484219005868,-0.479636306248411,-0.2858657535177842,-0.20285739990048857,0.6474222519295052,-0.873656568550766
0.12215414052439921,0.16852551401529603,0.04329280368131869,-0.13294314483560826,-0.2178945903163572,-0.20054773087956823,0.05118076021006568,0.0009002485309984667,-0.06467807509424878,-0.7582052534438932,-0.9476843294963821,-0.3967581591494571,0.9152823944966939,-0.9285030666090528,0.8519966242087655,0.3534714171554165,-0.9237366152834514,0.4395393390392379,0.4116264189650427,0.9575599732134163
-0.20118601592976204,-0.06613140300421338,-0.07554125294095887,-0.7300055280943124,0.20977158489815373,0.27202895034579233,-0.018813614272157053,0.19524256967063108,0.01086416900778146,0.08144364079724314,-0.5193917051346593,0.01702626415758668,-0.8472478274394981,0.7667412367156019,0.4490648475228045,-0.7404922328667471,-0.9094415881967013,0.03356752045900535,0.6861564931989388,-0.1408977528284514
-0.08575602968352142,-0.013874648203553996,-0.20383270569781264,0.14888522557707629,0.595399913533252,0.039371140201628685,-0.013871779949692492,0.21068916839387353,-0.17766093732909224,-0.21321165935092223,0.37993970275913735,-0.1768055451707331,0.20969098872010683,0.7616234543466434,0.4625824738986837,0.23026815126854827,0.8681070113572331,-0.2624019291299915,0.6857626809171928,-0.8781909468268594
-0.39349840575221845,0.025029777113195484,0.24373153069571724,0.09078766143169373,-0.6345829866532892,-0.03847170382535525,0.024678341730980602,-0.0890926565499228,0.04708499525212134,0.0708223771364496,-0.5406113860663218,-0.6685968420115747,-0.5891897061867233,-0.2706257252412918,0.713644718277527,-0.1362799295583863,0.8299748840862737,-0.2267347420279353,0.2968747218814751,0.0716860060229636
-0.3427195245243035,0.007640974649750491,0.05260812543710233,-0.25236431347931676,-0.06518285122764386,-0.5097723441763775,-0.003261164733375732,0.3988609103021038,0.18623610840159088,-0.005295630678653053,-0.7747897357501052,0.9037281138375279,0.839037998849506,-0.5034414700665855,0.10823406344602726,0.1872033566370872,-0.09718525960611535,0.6550117856040327,0.11659176531997684,-0.5611004772670847
0.3311957090631782,0.10083000024321098,-0.17336221764417553,-0.0806489483136667,-0.25874240431335443,0.279518967607289,-0.07271228621591365,0.23086995753075001,0.21213456155889254,0.016223124801560657,0.04117991087247397,0.5359133272491567,0.5824281425765649,-0.47424689927877917,-0.7094500185861263,0.11937962085489762,-0.41997174752630984,0.9139284461803181,0.5267016523911432,0.4520414606220795
0.03555711656724067,-0.02230385271426083,-0.24686392914895286,-0.030117730179238054,-0.024446946304135797,-0.04977946734077765,0.32775815227301364,-0.5169637685895776,-0.06892498414032655,0.12537001540841203,0.9510884038247078,0.03267603767056526,-0.5576361680707338,0.5549405977795558,-0.3700140284404587,0.034724591192299314,0.8529804011940751,0.23758520084375045,0.20287424195450332,0.48470911465107647
-0.01549033660621544,-0.009043150818547882,-0.05223006172193846,-0.009289932226634979,0.34955430256682285,0.02932557655371698,0.7680169158962201,0.04298136270147074,-0.10902952478679304,-0.016745625817069155,0.6066668818344174,-0.7528826132408146,0.3988186333528043,0.0854419021428312,0.3285288318392363,-0.06184033115705434,0.04515251952635446,0.9730781760853409,-0.9121377678983928,-0.8236224775586507
0.03153414794796566,-0.258786316721896,0.1365859001255162,0.012495574594050894,0.1641336877228004,-0.0020821925085063656,0.02824441089603405,-0.02209922840611761,0.675924959123014,-0.08029915103070207,-0.07913905632287199,-0.8078510192567556,0.5064792430938714,-0.6389040577833958,0.5780517181475577,-0.7677338182036286,-0.651659271022794,-0.6888965207212494,0.2050355941062334,0.9406038293495473
-0.07786293643657846,-0.04525965767154848,0.19257983020784275,-0.35343975988714055,0.08162866223950241,-0.4383491800745968,0.27960923191962817,0.2706210593920124,0.30921912517372574,0.11034779190429114,0.25712244965888864,0.19940623156534398,0.5721762880199344,0.2586465625346419,0.29820611633549143,-0.06765976824575337,0.7681895415072344,0.1380451814598369,0.6556055715940212,0.11300774456869744
-0.049725761554200665,0.10091703011226816,0.09081046716796792,0.5016241832089239,0.012810443304811722,-0.028567802035648675,0.38687344458658823,-0.14474630038455705,-0.15208327104062683,-0.2018079405254865,0.7505411981270547,-0.9186274393580129,0.3798833051912942,-0.02824183570135652,0.4079238713175435,0.5008359620810616,-0.5687831660106271,0.4148284886248632,0.7452043758060991,-0.8961152418166092
-0.007991655268481127,0.45501298046857197,0.3606085590100212,0.03890655112963952,0.22525847858309445,-0.1411419455980259,0.06771907309960096,-0.27095704770811724,-0.13161771992476062,-0.21640879323583603,-0.46215019382351863,0.8271381602802075,0.7333982647796811,-0.7260065228870916,0.260478139313953,0.5176740992001614,-0.012276126190865266,0.9680749829190067,0.8297968444510517,-0.2837930135824822
0.09000775063331362,-0.31704528668897386,-0.08727215811587655,0.10590739856413922,-0.5279427892961661,-0.023610597430950602,-0.01963316985662627,0.055817987381147544,0.6236830922451295,0.011386403769189299,-0.6416864880969959,-0.3394754850073709,0.5221206216052705,0.8992479605288757,0.8705061165030983,-0.6383041925151647,0.4216377639671163,0.15624527073470795,-0.8569388611087976,-0.7384055252291439
0.02438128106034841,-0.020850700316552253,0.6241152038563675,0.02684055623197172,-0.21279426046909122,0.1042669621028169,0.15350754897920393,-0.040757944681393786,-0.1588289289239324,0.04291292026045632,0.034256413257676366,0.26615707649822484,0.12926144703020093,-0.2357030181891957,0.037567413596383714,0.41813187907588123,0.2792197786984494,-0.29260481915955894,-0.4863538556715854,-0.834311767666345
0.25059522826572933,-0.08165911203570425,-0.4054325231528435,-0.07370884242404684,0.06778087674735062,0.02200407746439792,0.6773714403099876,-0.06294635874504172,-0.23449798517771298,-0.11783275846789526,0.7328473405988594,-0.8079265280101997,0.3091408565256546,0.26075036231285553,-0.8377654591075259,-0.6978493898941072,0.9966821458015553,-0.33494858847614073,0.7171420986880459,-0.24031244131571095
0.32337310363538063,0.50791792227972,0.16469978937095364,-0.060118789265102446,0.2403058612036837,0.2030569357836549,0.003355697652789258,-0.3286887849608263,-0.11501570847156364,0.2506073830356311,-0.362686900146751,0.22492965849447777,-0.4766921807533322,0.49016342662974566,-0.8236911709747086,0.02191633756646416,0.44028736818969927,-0.9921429403109818,0.7485244008231762,0.9969105926184756
-0.2784717643315158,0.06319579029541511,0.02897444493451036,-0.00538899391904881,-0.0054932715006577254,-0.12971625846665205,-0.02467195560560526,0.3763669069398238,0.010126809751530545,-0.5547167849812357,0.14336891811822272,0.9043376331838984,-0.5032787578024669,-0.298607265224631,0.3594240962663249,0.08620003609180271,-0.9851143629282548,0.10424183735009884,-0.03807742420635596,0.051282110957955984
0.005539193891770509,-0.7406402034944973,-0.05141993157765584,-0.042305660018792685,0.0453325612382931,-0.04542063612378708,0.19051300491335563,-0.22236483486125608,0.047522440221688333,0.11105349393458816,-0.21894560939856333,0.10952546966175403,-0.6803160292959172,0.7211245017979433,0.4640726437580147,-0.15205011719396233,-0.6486198994356793,0.47292527570381604,0.5902884973008531,-0.7245284637355629
0.13089934078258858,0.06036093957566174,0.04099264343752561,-0.058719121406145935,0.7137180105986868,-0.00610089291395817,-0.018607224495728,-0.20582408190322643,-0.19895037881663247,-0.23767573284266008,0.25053881558244684,-0.540072560102598,-0.8572958204778025,-0.2939887999111681,-0.43704651296975494,-0.24330018745683102,0.993236556798937,0.42860055518522744,-0.2355280991074733,0.2209731122267642
-0.028945610781165837,-0.03552321372990752,-0.11406443944835402,-0.16031038007509735,-0.1756840333233377,0.5888658789349213,0.0056262907377547244,0.1692956495752627,-0.006272356497404513,0.13175451213885384,-0.06262596273318666,-0.03473340176428574,-0.31737305229552293,-0.07048272643448872,-0.6408953200872662,-0.5730309779059797,0.03171349744236274,0.32878956605441934,0.2349447266314244,-0.6106819363607907
0.5280686800998915,0.11596084272412205,0.06794978886310898,-0.22456898752090412,-0.050094007440508515,-0.14341193779177108,-0.1535095594877336,0.2621097469550017,0.12420826993953532,-0.36856565164376764,0.595553093002416,-0.7694156577683346,-0.3859063463765011,0.45654071401381513,0.4668940659505758,0.38827510074947824,0.8484127937256787,-0.5357029170658432,0.21447761487019834,0.9392170067628105
-0.03910192997485497,-0.14776802984072177,-0.612488537138224,0.1230948155574489,-0.00439482625912261,0.053117448575454175,0.09664234109487413,0.0156916789228963,0.2978563844383822,0.18306588171635824,-0.1527213008960544,-0.7409548550423961,0.24103110735927724,0.17437113258102044,0.8074683757466903,0.5395157724600228,0.28771763214264734,0.7337364308434029,0.3420151061671224,0.7642437485160427
-0.005677670399205331,0.049995106181852086,-0.11898698897287016,0.5911225128203378,-0.058980723885263854,-0.14966095027156956,0.41135292662700806,0.2557035233748652,0.04249277748668388,0.03512100408615448,0.639462748336753,0.24013706821561875,0.7276467310355543,-0.08713907201645266,-0.6652975342772418,0.07883712517491048,0.6614017397326064,0.2856524504605047,-0.340406410598616,0.9674413580147239
0.15253876502596994,0.008646629160888254,-0.4564575971757801,0.007971731681754676,0.006773359132883341,-0.4589232624623067,-0.12110289508764027,0.06887757515137244,0.11036685789682099,-0.10431243291672035,-0.8481914429664883,-0.26236205607917995,0.9061803975686193,0.8878186741202796,-0.5109199072456332,0.880867133619091,0.37079006636159795,-0.892463299098228,-0.5409759846349456,0.8943247602871685
0.07124103591393185,-0.09016268828957599,-0.6564580189095466,0.0015325743991420056,0.6365272286801937,0.012878637966599493,-0.12748183877371225,-0.01685644499422856,0.023037386010803722,0.014018564566049338,-0.700190304307468,0.08378848017847407,0.21673307850777324,0.7210974255714582,-0.8623092752310353,-0.10741280966536038,0.0877618284137105,-0.9944079361934937,-0.8516556480779394,0.6574817382319671
0.026611713976975357,-0.0627174724912746,-0.5052399465333218,0.06171947509644907,0.039316078586466796,-0.0009157156411716133,0.09320715882927044,0.08779969805585863,0.6727646152757878,-0.010569835245831702,-0.6881473347069882,0.4599224271161928,0.770215869576572,-0.2878108586090862,0.40831498431033464,-0.7618230083109141,-0.3604829972706334,0.3761179669013084,0.6773133950440835,0.29785923111652957
-0.004976225951434678,0.0009613504316781929,0.015253173548651775,-0.7358389576981015,-0.3404644172142547,0.06344393285259023,0.11127810556015855,-0.17514110634115942,0.0763628618729475,0.013581551367730524,0.41008952701978374,0.7439794733619101,-0.9896668236348283,-0.047086857902957746,-0.36855471330935363,-0.8452395405223914,0.4903490120026419,-0.5922538066743783,0.9916285694119145,-0.840555526814285
-0.27670986681811727,-0.13718019684826066,0.1498049245497376,-0.08600183209250584,0.4867875921282965,-0.01297355715031104,0.07786334795391565,-0.02658601816460788,-0.19778933971692741,0.19761343364665793,0.23758150754472096,-0.3461799793666023,-0.7914716882585617,-0.8946016462576893,-0.2135172302475552,0.7874745815581075,-0.5226855512768775,-0.44577710697333695,0.9538895179362576,0.30340602720414034
0.3181261287534597,-0.07867432262236554,0.5265098502779693,0.280892723860203,-0.22034747972996546,0.1447534932474914,0.12427506555105394,-0.03852145165977061,0.06266276323975134,0.16886372231323765,-0.056049561318361585,0.0519299490382239,0.05443947725196341,-0.5400939901688264,-0.8221871433130705,-0.22688350806026247,-0.9110151578725074,-0.591423023372802,-0.16147003281083339,-0.16685325178414745
-0.09399978993491662,0.03353554582459378,-0.5787475176393286,-0.0075528385600131115,-0.14929008115272185,-0.4911777689849367,-0.026948186290659225,0.32635403851598777,0.13745119715884768,0.11799129896393279,-0.3618403602447735,-0.717868097202855,0.8773214854594691,-0.9356344698663488,-0.8231974851372823,0.14275169960610357,-0.40544537233853584,0.5494559248697728,0.8723701177735321,-0.42130156920258344
0.09109003932412806,-0.3003163484603239,-0.2603903403990861,0.15897550896487483,0.10860483034515238,-0.06657074645859998,-0.01470933646045741,0.6639752527410393,-0.03854725000605614,-0.11559273537425963,-0.638497942074173,-0.12517186001630543,-0.83293198909549,0.8478238485388214,-0.12561482896652354,-0.5429052733703474,-0.3284041385641825,-0.3086233313347737,0.3317968326681697,0.9612035638122634
0.016018764491258997,0.2258228345881546,0.3564974057005865,0.7074397125453722,0.18992547991777428,0.01414561562593191,-0.2457803439522172,-0.013224380334571184,-0.020121551608466237,0.08128980126824709,-0.2530249694270499,-0.29394053572740897,-0.23353315950908615,0.5200654428654738,0.4463667769604036,0.5972375095468607,-0.8839918483957707,-0.3290343901068251,-0.9769952498202428,0.9768967450539594
-0.2897038327676241,-0.12096732199032312,0.09719707846162584,0.12081350644521399,0.4393948891380277,0.06314574778273008,0.1898673295600397,0.17845704562532827,-0.04937337551736887,-0.02049975691117195,-0.7414553503586054,-0.8681276109931577,-0.8258165212214117,0.3107379168897446,-0.1955526125798015,0.8161030947473054,-0.9272991580378165,-0.4065377374299233,0.7072626441097596,0.5747239756524802
-0.02665993744472851,-0.22426013195818367,0.06599175652236636,0.5882703214045123,-0.4109822799168487,0.02369810287950724,0.07765151229214647,0.06125011077425464,-0.07453451392263552,-0.0039093297664603635,-0.920295638997926,-0.35616227450402715,-0.920217929222783,-0.3538597675667392,0.7341958116315193,-0.39430516889989753,-0.039124859778762566,0.9622900608192941,-0.543238189564637,-0.8419377648474144
0.044138660065026245,0.27745134287313966,0.8761747486879223,0.10424653586305274,0.007881156189736208,-0.09853777195422944,-0.13831226826627085,-0.14283600340684097,0.019580948342167573,0.04914788360709965,-0.46259868540299953,0.017072948490226336,0.32820935115508165,-0.39880010709484814,0.20949885726789108,0.5668426308237589,-0.22942500614440098,-0.6692400807485577,-0.023512807338512465,0.052564885366443104
-0.5931417824468252,-0.039947900516136996,0.10367214653814988,-0.011859324176466943,-0.01745686772857132,-0.11571082674650857,0.14277343394776149,0.3536725068539209,-0.035168752461909016,-0.05085029604079449,0.15878883075415207,-0.8391548843315051,-0.8834970656488841,0.8368650883649853,-0.2624260752294971,-0.5915348408812371,-0.8142143670831645,-0.7179212306687077,-0.22241260914680283,0.06076274823496264
0.13661645256377292,0.07077328738571809,-0.27521729500912095,-0.33320202414587585,0.33733702372093866,0.1298808699738408,0.33729382374144434,-0.19496145869658182,-0.1140617402074996,-0.1157531521635558,-0.5497763152379842,-0.10689350877567994,0.6828601848127329,0.6375862938214774,0.3143496168993465,-0.4447803650911426,0.09311967595388815,0.9730738227937781,-0.16609206122992037,-0.26145085921640887
-0.15630813754798184,0.5799039041670602,0.2456570186482397,-0.3017283533298556,0.21830648213297077,-0.18455861626766548,-0.06543949335752192,0.03171088495138508,0.18973053801524875,-0.039838241440459,0.5651093314331139,0.48086108583687315,-0.2676913236889491,0.256038918390602,-0.8662942341976312,0.837605296143102,0.7831364227024913,-0.8920085205509394,-0.840393228478681,-0.20964142670639063
0.06707260378485078,-0.07062640741231244,-0.23271923251671645,-0.4973451011251675,0.1479481488423787,-0.04599570117316567,0.030797826930904618,0.049962366726282695,0.45123987185383674,0.05806461128528709,-0.7401631489156584,0.9760982239196889,-0.4208343697721917,-0.706388964605229,-0.08147994497291866,0.3231178049980832,-0.7999902897858919,-0.8548312551337658,0.5148318049959992,-0.6590917216480345
0.5479442556911223,0.41498422498067794,-0.16302744824971088,-0.20172971828299283,-0.0036352903712521846,0.07698708467870669,-0.021414204767896128,0.012957732624896282,0.005438955505416022,0.04095151988573209,0.8183549961391834,-0.42471072391741327,-0.6553682486481534,0.7066418930786842,-0.5057084389950819,-0.4481642619792856,0.33830872824419433,0.5189780637499422,0.8909988247483287,0.7448248243291449
-0.25187166180613296,-0.21592796854661486,0.11065552128774686,-0.00675278069979765,-0.2184807460448115,0.01821640676067047,0.4793918184228624,0.07024559433612809,-0.17067187130294345,0.32240350399408657,0.12838580053304582,0.8959266835740731,-0.7415089670968349,0.8035207843719219,-0.7200587187300032,-0.4019816273016714,0.5710537245709999,0.6458288466796764,0.776771609104355,-0.056263828604642185
0.22069989445373406,-0.3261843364166378,-0.19054096844990975,-0.020954563691545025,-0.27150794708583736,-0.0584128356035786,-0.060080211959502,0.04238531125694972,0.013747393947229986,0.6489537841380569,0.6770764005907974,0.27652903880769286,0.38976883428894715,-0.5233934948922967,0.6586085438820071,0.09304125212632575,-0.9068404743191572,-0.710876262836776,0.8020579185269106,-0.9919080239042355
0.1416982627027907,0.0454792268310828,0.0035567509520176704,-0.0024363383925569207,-0.15130482666994782,-0.2798554903651031,0.053534285746776995,-0.6313191109807982,0.07650386689003538,0.005155321226527967,-0.5777187263837094,-0.7867966019235659,-0.8605708764182785,-0.10998513111693398,0.8231291108965764,-0.9645347062423715,0.9397461194746681,-0.6077938937687026,0.25276558589613174,-0.3143159037813039
0.338366473368487,-0.3054711187003728,0.3769503726965864,0.1843844441968136,-0.022398529980241944,0.10760764452309274,-0.019543027050891254,0.1307857580533115,-0.18984497133182915,-0.30896718360682285,-0.10194353792144195,0.3919105168837629,-0.9780152850145902,0.4059584793168749,0.9457279554251306,0.0015651075355931354,0.26212262374660233,0.8524699485548617,-0.5734524897731048,0.6625614927312495
-0.09168807528642875,0.10833507252952995,0.0820364570115325,0.7215775984189787,0.029314519248515636,0.039951784833947825,-0.24349929072608345,0.13839018310793333,0.10298456401999884,-0.02091633695891626,-0.9794551201151409,-0.1997602034078425,0.01093295211690215,-0.96757768300138,0.24164708585730388,0.9799499022123705,0.1366875897195794,-0.19860283033611137,0.8280874737880319,0.3331432036928328
0.2969652540219263,-0.058064458736488966,0.018036730280889257,0.11996492040242812,0.21358174788754145,-0.10575366697048233,-0.08852217462720338,-0.4632658521225691,0.11499105228439055,0.4008657040958581,-0.5367722551944156,0.9943127865056018,0.3464000015825506,0.3225034484077842,-0.11406037516566037,0.8855424793200493,0.6049076045128603,-0.6567420924536367,-0.11313938424704184,0.03309833730944778
-0.09537505010815577,-0.0776462733892731,0.004520223726032127,-0.3711449817798581,0.5578053278011532,-0.0023108409784896033,0.019885199177714516,-0.20257322416426332,-0.3345567878024278,-0.09186233684657191,0.21335435364557553,0.13621291640180533,-0.30164199327542596,0.3884021600317302,-0.5407475675171343,-0.6297346287611023,0.4222797466631314,-0.18250412718252917,0.49384097360581847,-0.5288174265277725
0.0030317422105167677,0.4393646634064433,0.3380134028705255,-0.13065118958024408,-0.00759467774737679,-0.11433831042171805,-0.07146807427387569,-0.10721482570529486,0.13353985057495765,-0.3872688066961434,0.6908331137671524,-0.19049468950836834,-0.49775560238432104,0.7790931871441309,0.15556772384475326,0.5553517821743952,-0.618360084789539,-0.7630944473447057,0.9633390324209967,-0.24585753276890743
0.6114454713670278,0.06320992813922399,0.24359480571024916,-0.016843142083737654,0.36714009836417916,-0.024311124729881874,-0.39744781680491914,-0.005387777670408355,0.10068957365772635,-0.013727242402339464,0.15982131002117983,-0.6580480372554705,0.6764720621699738,-0.4391378698147601,0.7360681502542068,0.7300113557226511,-0.15345211941204018,0.9734147040584784,-0.44392584668504576,0.4101121971888113
-0.2665081537760351,0.01501916277517279,0.16293383487104626,-0.00021174091018943964,-0.12619820923527714,0.029618846607706306,0.2789736914773021,-0.21390930029933053,-0.026760189271774704,-0.2652199088085234,0.8193484825108637,0.1118936646660118,0.43558045160253345,-0.3267932525331416,-0.4482761582732746,0.19305442299695108,0.40498000736565376,-0.5680383960146234,0.525700030709114,-0.6034042420069696
0.09582584383650994,-0.4104263276697443,0.418886310820339,-0.4259695984265731,-0.07844241959469167,-0.01693714120835421,0.18823217517892943,0.20317875887132525,0.08891251801599864,-0.002975693714295291,0.8040776634614322,0.5965887302309885,-0.466112711915011,-0.9672342043729842,0.5260333056374136,0.0038247209489756795,-0.8899440542802646,-0.42195048139763136,0.5097226783655795,0.014999034382207288
0.09677634123878397,-0.06604038445090915,-0.03410606332481814,-0.3528595118336275,0.3695238476586978,0.058988555458487135,-0.0212770707750307,-0.0390621242514082,-0.010032142057529215,0.4258332958525991,-0.9978161078084427,0.8461739474785881,0.6667718119568109,0.09097606400394098,-0.8513804088591859,0.258045536953885,-0.8410989749563607,0.32936897032311796,-0.26556149211139024,-0.09229569674477345
0.02534721616079106,0.1545889548983752,0.4482588677159642,0.19150880600214837,-0.13147159962773095,0.22937936243143475,0.5534193771128201,-0.06039577535937346,-0.01111539699930051,0.09171867059946537,0.9797509997766056,0.34383097514569894,-0.7205390026289777,-0.5125015852269714,-0.591888783575425,-0.5578783229999311,0.6493389176614559,0.7649093660223549,0.7485325087647643,-0.20859853702801856
0.06896423999903609,0.12241688195648606,0.011776670359414015,-0.10959976151261165,0.04780721400133451,0.057831830239165126,-0.6094972258165842,0.0487847660360783,-0.5020714500952181,-0.08081690333258909,0.1554689540264289,0.7701755561073422,-0.29353117491440983,0.20717499532223083,-0.9162047872059169,0.8335346768056007,0.14387004698825656,0.5264943355109117,-0.9854696380680654,0.7918374941640707
0.10503064280546065,-0.26894101460433206,-0.05003985602174221,0.37738653749586815,-0.36778212961291,-0.13358047640907175,0.16493433717190603,-0.10583404904728211,-0.2956863280324434,-0.12035009186311235,0.11716742334940755,-0.8898659187854472,0.19202308567348592,0.891340083891633,-0.09336156418554364,-0.5897683907038953,0.3511998213456886,0.597545288223257,0.4072550683185854,0.8434086064704873
0.11985787956590832,0.10336860184539032,-0.21716768771475056,0.1876381137839897,-0.169917851970004,0.048564603394315564,-0.35680346158843745,0.2307963238403199,0.5797708041411315,0.15660642823180626,-0.4417870710255247,-0.5246002084936143,-0.1879496131398699,-0.6775697350583392,-0.5368257483003465,0.2158029825696537,-0.022762119170130823,0.6197442006049922,0.8835523373032228,-0.7604468373296533
-0.023329040729382165,-0.7126847754449003,-0.002272395878288752,-0.0231108296818956,0.006874024727379744,0.014182871091971694,-0.12165626959702705,-0.0001633233819231892,0.0009254920618914086,-0.009874821327897975,-0.9793158787488896,0.10321675589816004,-0.8216887031515823,-0.06998636520263002,0.5350912455874379,-0.13608802717445534,0.6297652476339817,0.5261067969446613,-0.7552806920798023,-0.8143647083512464
-0.2364146465329946,-0.324980219427411,0.05792273674749947,0.0363284692678755,0.04301666419387144,0.016447347340727246,0.05813125643713654,-0.42588130230258747,-0.23110669702053976,0.020127100508293624,0.3899295516233565,-0.36848324715387415,-0.09634418432645098,0.9316855118970442,0.2524387102513004,0.5550170271403108,0.22850211818504773,-0.7384312362727352,0.6202858541407448,-0.16989138318461516
0.07779222754399395,0.22306109346157765,-0.29172558604677146,-0.07630925961074436,0.3437446157511028,0.013340847750299242,0.5328416662272394,-0.040107082531789906,0.04575334454133009,-0.3852643419168864,-0.47087726015748177,-0.6686369921303141,-0.8707877751665438,-0.4419896884413237,-0.00038753612463149345,0.3604068370423841,-0.9946869247851458,-0.5194809564573126,0.7256570877279473,-0.37245878831958157
0.137264569469096,-0.13599228033079497,-0.133576593135255,0.02188887869681566,-0.39996321918402167,0.08748988431186856,0.313395680504481,0.14454220993077763,0.05330406877464536,-0.18875607396801938,0.9656448370773947,0.623134570416261,0.4158261787330213,0.8029654780744806,0.4612365637586988,-0.5352914657172354,0.284988056096779,0.2848804103914875,-0.2870674731621021,0.10098579065906232
0.047612069521682565,-0.37468422232431053,-0.09261473131312757,0.09109120927338821,-0.1143699253170297,-0.5558744182565463,0.28556422259986725,0.1888494857392521,-0.06442591109073481,-0.2416598887133149,-0.06386760173929718,0.7004914480571014,-0.036562039344205655,-0.8507611894385789,-0.6690235168517906,-0.5828158903276355,-0.9097755105454701,0.8470204023615133,-0.9962861768124891,0.4722017088126611
0.15979201524335684,-0.44616082645310295,0.013472107192438826,-0.08679391237925005,0.046920814555149626,-0.14262737886198507,0.25240907450527195,-0.2955507725339473,-0.08097902356480202,-0.2151328011228538,-0.07604128808807942,-0.0266762641977496,0.8329557437620925,0.7437679848943062,0.2766261416099154,-0.6904963829237998,0.789412301706834,0.08289768724297697,-0.735333969243253,-0.006856624412076018
0.22318078361866905,-0.010401759020125634,-0.005296124703264848,0.19596584677099088,-0.1820637000969222,0.2245500677098231,0.08901255062312374,0.2541899744628924,0.49196380338318624,0.4121536961631237,-0.551295745603468,0.02663577407163875,0.4031809003358826,-0.9620056715366716,0.4488157943479685,0.26607916469123505,0.19128546607070995,-0.9619521606918171,0.31195664261579426,-0.8659119709172889
0.0068899468249914025,-0.1821459373387371,-0.36761828463247,-0.4084189250346991,-0.014333042819493366,0.24462880116182117,-0.09748996278867383,0.05695651848930274,0.25400006309920886,0.28783210357166567,0.21991186591127665,-0.44181957239879655,-0.08284281252364178,0.9683364131405592,-0.3333366393249939,-0.4679380087205782,0.493375486674384,-0.9125227519862757,0.09678902447355098,-0.40085442527284676
0.10815190996714877,-0.0999067702871684,0.09753143040921344,-0.05448358599989506,-0.0513060734274452,0.42701845884341716,-0.11957281517939418,-0.04032649807119952,0.7301602355021981,-0.2526074601692223,-0.05087265485912318,0.4742353940649928,-0.574117765550398,-0.27863601738662314,-0.4304937345597093,-0.8665913751249419,0.15017287257844325,-0.5348217146024197,-0.07882716382113442,0.32379809977505714
0.07314589397140187,0.1651915856578059,-0.1505995936134901,-0.3657973639966954,-0.19924940636704563,0.24981469768648412,0.02438610428409929,-0.4590605490182421,0.07866274206738498,-0.007613833079744836,-0.31559412499311934,0.1353759551853364,0.9471667475845755,-0.6948610893737381,0.1756196510905521,0.9568556017655712,-0.6967832603402278,-0.004101344562280174,0.7838268035960294,0.9520457733123078
0.09200722928058241,0.2318595262778178,-0.5757238631724033,0.12638138451616276,0.16751606794766027,-0.12916487148608685,0.325432790964266,0.07008794263512214,-0.023206909266663023,-0.13737264186231737,-0.1531917740966724,0.38322994508334673,-0.23878770682446593,0.4157104490854715,0.24226444840505934,0.2862800962802283,0.5714683734831629,-0.37404389704152474,-0.7337923529941364,-0.46267177018931394
0.023325387487585836,-0.0708399475676558,-0.2222723146184611,0.41267726941386457,-0.01530957948566078,-0.6126331990720935,0.12338846777992894,-0.002890760265722492,0.08633128083390332,-0.09208576582998149,-0.9853744848234189,0.38669010463065345,-0.5192726300733339,-0.2747521699258644,0.7996823788724188,-0.4707496364959691,-0.23642162683268908,-0.7895020835390321,0.3567007157837456,-0.10470838787796688
-0.059984097883201276,0.17379104297279857,-0.4591655214691184,-0.1362564754475672,0.28488281816373257,-0.02819766796493356,-0.4894516947388343,0.0004989749913455049,0.012467721014530642,-0.0024284121252228508,-0.40287687523006666,0.46196768354668216,-0.46212444266839015,0.7688149733363592,-0.3837011150751106,0.9512168450295371,-0.9930592046431725,-0.8031372801467092,-0.9298269115095164,0.8132459646726538
-0.00019290433133219848,-0.12408449540523636,-0.18335477578383733,0.21847626083809346,0.7335608094863649,0.11933103769505124,0.008853901289599037,0.0710198006475295,0.11938827325023937,0.11139324386804758,-0.3829304958548452,-0.6719116527761468,-0.936317381460527,-0.4873539530208115,-0.4686876304732479,-0.21667419068579163,0.16745672033897407,0.42595500620474125,0.010952699389989107,0.3247511845469988
0.008950323447586922,-0.0221392215405809,0.042246617768494144,0.5830009379389133,-0.046652064971010127,-0.1953385045869643,0.0831772573367195,0.060705659556653246,-0.08688487727199193,-0.26308058797252454,0.1653062084296999,-0.09222517189285662,0.2661417640639767,-0.6849528120069477,0.8139382050460235,0.7941094957606154,0.14217940502215143,-0.9996423392460092,0.42186475295283676,0.4949976860252887
0.13069923001971018,-0.054684806836425875,-0.20131055988875943,0.1913459272770005,-0.25151207614182247,-0.021057706296134876,0.1593012410057181,-0.2280868223674827,-0.0028126700261598414,-0.4211336231541512,-0.11127252381540953,-0.22760981219625953,-0.4152650231211792,0.17793015564388281,-0.6985409889163106,-0.8695957958815428,-0.8238827498127081,-0.1595068750925801,0.9140012335285417,-0.5250076882161512
-0.016618182525952378,0.0034099500659714663,0.17001357224657873,-0.0074471735998753695,-0.045110451489736705,0.06771468739173953,-0.7094631155709008,0.09780494204708985,0.012120141017486142,0.0002690123586343695,0.8167895261943965,-0.5231454165071074,-0.8670080397121034,0.5592752260168987,0.8280897447946247,0.827405379705858,0.5713692621070559,-0.1607631054275127,-0.4410157672679611,-0.4530921466893778
0.3879732459867672,-0.0414544131413699,-0.24212041160089537,-0.18490075668903566,-0.018945034625856616,-0.24914496589656798,0.044987085239655666,0.1193912213138677,-0.43687327592779424,0.03953560637183282,0.15262126396990205,0.7779530154469174,0.3951411656926114,-0.051016525779968847,-0.9414616749044116,-0.6288509100269672,0.5874201180321776,-0.539244471831652,0.7045379171564727,-0.4170681302814532
0.0693266461213214,0.8683267559474163,-0.05318065512602268,0.08754513996475556,0.1813854641637396,0.07672584700185635,-0.015883154955484466,0.007220245393090261,-0.09749793211752686,0.026232716293586526,0.55789778652158,-0.07963674213251415,0.08832257722933234,0.23572054225199013,-0.966865603526452,-0.6737291030034935,-0.4460602214371625,0.17418549530091987,0.2402551427991162,-0.3621499051339898
-0.21522932540496018,0.4364057360817265,-0.5730619547762787,0.005090634090805554,-0.04933650588024313,0.03583224146254616,0.009539283351863825,-0.19998981237587926,0.10196959141836959,0.09156639251128562,0.3202758985848304,0.8456626808617176,-0.9685497134005348,0.8492267546685222,0.07107333834071627,0.6835065483641389,-0.7968483319095077,0.21955988000423954,0.8910879863790799,-0.0384263631710835
-0.06967726137556396,0.09034519737068564,0.15566699221172264,0.2296798790671346,-0.17856261752327504,-0.03188578633176831,0.2982899478767082,-0.21465458035170681,0.03887735280596094,-0.417695715408974,0.5179158652882816,-0.13336340958907633,-0.3481015946151724,0.7433859792429682,0.5503837524612318,-0.026183645047043402,0.7038796442505293,-0.6755685205317361,0.31066264101908003,0.6517473655406556
0.6473014970006277,-0.012314651392571013,-0.13369873737710758,0.04464287356971253,-0.3735749944626698,0.017640643674445428,0.49579809871694824,-0.09590562092644586,0.0383962764424524,-0.1813909489874334,0.7095197802112845,0.9041307714440596,0.9325926879739481,0.38058350636505156,-0.5617294359259133,0.6097615201917677,0.3458278587344623,0.18415317090525773,0.5100552447478319,0.2199486091534355
-0.6083253665091529,-0.11897943448797119,-0.09292262005541133,0.015753023365067502,-0.4914727572460386,0.08479256848471567,0.08226634063581084,0.3240138925097786,-0.020233011032109352,0.27070120173707735,0.2731105175037871,0.040790588903551805,0.27633780709364886,0.3322872756009061,0.8008930757098851,0.6514912333834721,0.6617557015694591,0.2515201601917654,0.9454342100567128,-0.5542769765734807
0.6892516559194056,-0.12080362661813582,0.031173652731283197,-0.08465803464390728,0.04633486906647594,0.08273084154551524,-0.06624215187057295,-0.3620611275038121,-0.037949336726598726,0.38284782179251725,0.10179350291475076,-0.46266244873409734,-0.5238140748560924,-0.46200039115776925,-0.786072664558569,-0.4750280740286148,-0.003825974143734534,0.8202268794720406,-0.29525817295397405,0.21818614946375825
-0.3028663643383132,-0.20792375090581125,0.0284224647413448,0.27949801448365186,0.05639794875740273,0.06960840008793279,0.017927291082811936,-0.42369752219087486,-0.27286804824897093,-0.15171709164099167,-0.01024812572901923,-0.9084424618725291,0.2278405278434088,0.6932877629207925,0.7768472058041238,-0.521224582816862,0.21032435501291613,-0.5282055012645388,-0.5672574407210857,-0.05769745585539221
0.07552286985076725,-0.14055790271683094,-0.2133069460083063,0.13770647135742295,-0.2711000636566163,0.06458624751830688,-0.06059082967778,-0.3047538359344377,0.46227555873613446,-0.4224244930816295,0.4912651505847154,-0.890380622040853,-0.9204142233881711,-0.8725169700703053,-0.018140856559540897,0.5449162055084917,-0.8679733142425778,-0.4878499170329422,0.24751799947391184,0.2752200206640665
0.09272936471284496,-0.6508222789914169,0.018020024131376707,0.010254772560688064,-0.07990684533718279,0.45714647627419414,-0.04541532257514887,0.11783742975357625,0.2707319313488168,0.0026437091681837744,0.2791908674683259,-0.3341497771032791,-0.02208459094195181,0.9993570004592682,0.7160503249806749,0.23744783454819052,-0.09791142639661099,0.8480804750333506,-0.190404642194419,-0.95782729876948
0.2972815983187648,0.2624198435961286,0.3175394014384226,-0.2011903813448409,0.052052334142998535,-0.3059715824193008,-0.0801594007146898,0.03396224067461864,-0.18384547936611448,0.2581177505861201,-0.5515779984182485,0.558494612941363,0.7655951232586296,0.7301025398776637,0.22611474699100742,0.9447435026941229,0.8011480626341907,-0.05058876493811204,-0.09039596978187125,0.8491243764951262
0.04732286862085693,0.0156999132964184,0.22660756138273497,0.005146283699690862,0.7837121713520109,-0.020021827185441553,0.016288790398320097,0.04025949628679837,-0.02001695887785227,-0.25215189223090084,-0.01997166250382576,-0.9479626188045507,-0.9633348032341913,0.6058974123357832,0.4047758124071912,0.5876545367017094,0.39022053292510983,-0.59973432887381,0.19483555528930308,-0.22160813883730812
0.22498401267406998,-0.00010554239308963043,0.09928517105494755,-0.05575241845529377,-0.28164434904073743,0.5582718357662279,0.28266793659815304,0.4244651197833503,-0.0799556882421324,0.025685355075290184,-0.6310300699696321,0.4935049441830186,-0.5919559105929959,0.3456365532161674,-0.90610247127483,0.26121418905386884,0.18767608781365408,-0.7424526205255346,0.2717966792550117,-0.4669076662256002
0.10683922314076558,-0.05439986592844351,-0.07432191021313006,0.6727172126983626,0.05038900937493615,0.04917237947654663,-0.12287885965987985,0.08346605313718825,-0.07955317771977931,-0.19588173187917268,-0.46671412572034043,0.41273715730464233,0.7252258114836752,0.4569008681022453,-0.947359839057893,-0.7359789190855994,-0.6098165381290686,-0.7941609312960931,0.4146707318733822,-0.37825201850540124
-0.08897457699570166,0.3529829491095632,-0.381949279130503,-0.383496008990697,-0.0340692538450086,-0.1016154134521847,-0.05033286843281887,-0.10676917938726739,-0.2724090760651354,0.250331145648816,-0.059666512767805546,-0.7940623106131244,0.2523899781298431,-0.7920564201576068,0.7251139226325249,0.2386393916735381,-0.16395487129062758,-0.17669195610989386,-0.4515803746144942,0.7894354374491732
-0.08053185541208,-0.47643214089396385,0.5339136094155423,0.17014742714908976,-0.005873243479068025,0.018164880710411245,0.017010668759588198,0.15545887825126875,0.012537346029742385,0.07286997866563127,-0.7776622396955333,-0.9807071986713709,-0.7242178605878751,0.35411929572762135,-0.5714406214212691,-0.5492497277479012,0.3351790425765204,-0.3965325120939984,-0.42920698798646995,-0.9241438945245608
0.5477456305884354,-0.204707917345796,-0.2183605825088249,-0.050766154566120325,0.14470643910901765,0.05292073083072188,0.42101567734964923,-0.02483209392389263,0.014329944475394152,0.23902849214158678,-0.5802508727807627,-0.888256293480066,-0.5822278778460062,0.6529913943913386,-0.35254563079056545,-0.6897457502562805,-0.6510993008335941,-0.48434676427044554,-0.3824882972477248,-0.6515315276422518
0.004636855743359549,0.24881522156902275,-0.2918645128810375,0.007170790935493098,0.07581880713738387,0.04843124823865964,-0.07418879411757902,0.06566902482756841,-0.0064058862038282646,0.6313760324130901,0.47805529508116384,0.961612719971787,0.30703736417052974,-0.869180434519965,0.025254782087643646,-0.9940005428472332,-0.4637969858608917,-0.8151113566868105,-0.07314849724549144,0.4891798102894045
0.07786281870224712,0.05650373125466916,-0.2549927958948592,-0.034399189851689604,0.25350426307744556,0.136273794429921,0.008685195858488683,0.7231651523067948,-0.007538206141013068,-0.11518423241366577,-0.5484417434660585,0.6504104116369531,-0.4722682242489695,-0.9631187261216461,-0.7186716738457026,0.3925625717933301,-0.36097358486773024,-0.8714568530266893,-0.5095140543681382,-0.3411783660560579
0.14626938253019284,0.029898258529492128,-0.3638270038743155,-0.508338599277784,-0.1536118829323335,0.13529835476486873,0.18397266367521947,-0.07130219562608034,0.14710491557371816,0.43757143328284764,-0.9737378169446775,-0.019578409799076324,-0.7879976004091491,-0.6291002817510438,-0.9040261916281211,0.33728186674519733,-0.18052400631496357,0.9913799158499665,0.7471103432565134,0.25069956166880125
0.25079727242576877,-0.028884838952190253,0.05401463315525623,-0.03210004888182983,0.19430333685570075,0.10620503236719271,0.20942768865077832,-0.15673117644759296,-0.36918992384810845,-0.5468229377400673,-0.3544419970909294,-0.8639514012964211,0.33894320214054896,0.18208635788212924,-0.03970132553893024,0.9002696605245248,-0.857436028465584,0.31558220759361744,0.5147869978733624,0.49032664986817465
-0.37954124270525647,-0.20465092956916425,-0.1535255797709929,0.2314024652361728,-0.0827917840472151,0.01818453871039638,0.21386269576929007,0.4806181941163634,0.18748664281971616,0.274904451235653,-0.24822090871063374,-0.19733996201153814,0.8216924471489977,0.8586627722133529,-0.1201399070909086,0.1678495689294235,0.5235850173606695,0.03674266008497007,0.39411460411101684,0.5886871410627057
0.10009582610510118,0.07142490433941895,0.10786629562677175,-0.09362026053877676,-0.5518153966551806,-0.13336075124109953,0.33117784620355617,-0.047438525309944246,-0.04692713606699911,-0.3761098925108296,-0.6778261117002768,-0.949563932248888,0.6915166261158472,0.6342276722849156,0.9193158912691022,0.2794555136067134,0.3362555737581572,-0.02731788912087496,-0.4332665319210549,-0.007126978280126206
0.10017744666581618,-0.6690741031423095,0.06650104553611225,-0.0031242422415344168,0.2081466662256035,-0.1713151795149352,0.0028509240390236362,0.05758610696647473,-0.19789170875248713,-0.11138654754258173,-0.6870162780696785,0.07811038449863217,0.6484945865968041,-0.04482072301689399,0.6942012024827451,0.6014574940947122,-0.5768133253666141,0.848979479196694,-0.7105130564558748,0.4726759281190074
-0.0983885328281508,-0.049338200145775724,-0.3915118407473638,0.04255340278628449,-0.1482253111756651,-0.012669986053785616,-0.00325850006791268,0.2783799059862343,0.030280893205247746,-0.5024497343249861,0.6219143275578114,0.3940992975260842,0.8165791993834486,0.3062887257776037,-0.7754653231018371,0.5067900189704633,0.8257782755168401,0.8355541993132809,0.81405163301119,-0.3561460723964005
0.1401747203517255,-0.349220831516052,0.05560358775315803,-0.4696353587662227,0.08913544727241948,0.403863269231809,-0.17329228431666777,-0.19579793865157785,0.06881392212828691,-0.04892254649835198,0.28520851918393153,0.21458598358310566,-0.5786039913606165,-0.9595316881100029,0.6146557469450296,0.3268644887926493,0.30378984636605555,-0.7804802047989219,0.2711595608662509,0.41761770001223497
-0.09945555965527628,0.008327685429576362,-0.1553789001826377,0.10993703328883786,-0.021569127754333797,-0.10529272436624343,0.6062675693614739,-0.26058740476702114,-0.17119611139917984,-0.1438582878706857,-0.3095505735075783,0.6159880743924517,0.043665339905218925,-0.8795636701297653,0.45182439647174255,-0.4704153346733382,0.9236534928405469,-0.6042593689405387,-0.23387435069676688,-0.34804797226439677
0.04332109929720809,-0.42035875229659364,0.12769517618186627,0.09658312354109377,0.039854957433722304,0.09562690779582828,0.03613614897464407,0.24200001286155193,0.02036267435245906,0.5344166366556732,-0.10033005357477442,0.008630252877843914,-0.6301207203511006,-0.46523483605411386,-0.13053317442560508,-0.8870343747603231,0.15117760936329017,0.9841595029501471,-0.8628783772253577,0.3665559434034025
-0.0019596699673433138,0.3457869848477432,0.2887522984654275,-0.3538295428587272,0.02524314385141324,-0.498138440518253,-0.2557761452093822,0.1479064683179635,-0.002504611320346739,-0.08839192741111002,0.5313291898057333,0.7952734480919219,-0.6964454785859888,-0.8547466701781739,-0.23370902462796428,0.11671199246174857,-0.2943000994504903,0.8491514896109342,0.9194008599695962,0.9934926406944378
0.16128741367700694,-0.06554344125966727,0.44893839624587795,0.3859245512702795,-0.15482932715265352,-0.3452967006407568,0.009976898583424917,-0.0324245634018165,-0.018202558945690214,-0.321482466347155,-0.9458501113267683,-0.47568608048312844,0.6146344465295019,-0.4774946593850209,0.6552168725632015,0.41962081320255873,-0.6241237358942537,0.6341560189995126,-0.9172618644722421,-0.3316667132179614
-0.24111328080470207,-0.22879491418846754,0.13700202424677366,-0.22649192621819245,-0.48275022891630837,-0.0027207570605766312,-0.12550435353128808,-0.098707851069364,0.2955692103554999,0.3394483429797109,-0.7197866587521451,-0.7589485752587581,0.8248160925104244,0.15917385320526534,-0.3731939772091175,-0.8319287235016557,-0.12290699475163502,-0.2884629057775139,-0.04107021720798776,-0.7586657476497556
-0.007991324254001123,-0.01243214284137057,-0.037291067931182975,-0.0022856430933075687,-0.005254955716883263,-0.46550382094732423,-0.03851319467355328,0.8556754922111174,-0.04838414794421994,-0.010022256779356717,0.1789527165018716,-0.11030600183608041,-0.333897563848478,-0.25395650038208273,-0.7484206665650208,0.2169262644176424,-0.2769653093001072,-0.7445960184033635,-0.998868684850384,0.03044581369860322
-0.4442047228177932,0.06500859571680641,0.0872228654224747,-0.22564877153455354,-0.37909806957788744,-0.2890977038093747,-0.10274255186297732,0.2571401686484868,-0.3411278529638105,-0.1039857215028237,0.5990047979407289,-0.11549046175324862,-0.5471617826355606,0.15774052690287754,-0.9676763911534882,-0.45851958448808117,0.6317767113625901,-0.6890866435043692,0.4939480427716081,0.18645796400457781
0.3030932217850309,0.20559601040796716,-0.29291133072448833,0.05748482106480331,0.12837115563398066,0.030115985136917017,-0.4973391539039969,-0.030461222904317214,0.20932152831338532,0.06573541751441059,-0.8342959820949531,-0.5206444474778391,0.0167748912451402,-0.6761087796505518,0.4269137995058556,-0.6469470642407114,-0.46459704204528696,0.13298617544512692,0.24270010505690287,0.80176516442965
0.31956355994241425,0.3470518798255492,-0.23350301205980034,0.10532259900882474,-0.4688375332309448,0.3160007451247308,0.4661362544969587,-0.12628689703554363,0.008342814634094142,0.06448662399173355,0.40474262302642683,-0.34779573170520806,-0.70178290622698,-0.792730043471382,-0.0653371320288898,0.14358104526599735,0.5139340064521829,0.10631948023998272,0.5275651957677545,0.5581427874696583
0.036607724385794876,0.07026825183623502,0.16591049580113248,-0.16984542941054798,0.012067549844720235,-0.0004469649202852718,-0.14012651043321606,-0.08508793222006225,0.2770304232263078,-0.5250363642153381,-0.511265096934991,-0.7349678843313419,-0.026608297699520556,-0.3901003563619696,-0.5607111648990319,-0.09280219955963132,-0.8323636803101098,0.5228329823651892,-0.2623591677369346,0.007650777175093326
-0.04676448878825931,0.2739664612331133,-0.3595405351217194,0.176163792521172,-0.3972060385201136,0.4270781372188751,0.16997348661708833,-0.00810268464370471,0.10424695900590314,-0.0829945088527565,-0.6344191231890604,-0.22465423246738547,0.33364452159254565,-0.5045918503741398,0.7613693173376979,-0.17947276841723192,0.07451426007756279,0.041968670039107314,-0.15822739667356922,0.3194156295347548
0.23283884279012454,0.0459189036037068,-0.0664068148565929,-0.016549529555587195,-0.14508281399809564,0.19824539012842574,-0.01825441330874051,-0.08931963641153551,-0.7644146719214262,-0.07509095338292562,-0.8793365558464901,0.5868154338123706,0.4871699483973533,-0.08099458245962166,-0.4902734711143917,0.7789212208281036,0.918905484308912,0.5206165188606526,-0.8498790448708551,-0.49471835628813476
-0.37199359882580785,0.5294561179780805,-0.09626626605151645,0.13191141391469596,0.1303745481632933,-0.08322620795361263,0.016904520128346076,0.024119542281014206,-0.13520492438923742,0.268254517627204,-0.2360667049827847,0.8913380567298834,-0.7153743157120889,-0.5342470061824776,-0.24050134827463943,-0.6537123880030955,0.49847336569647505,-0.7928397634678015,0.4399743168228458,-0.22018796128602558
0.5462106317836666,0.012049273909058123,-0.21924136942206165,-0.07084923097268894,-0.010809769898688246,0.07500386436112175,0.5447457136871339,0.10764696132892806,-0.22280998783955713,-0.2668691342898512,-0.8587302835274455,0.9445902714078176,-0.3016637224861747,-0.6970892378113047,-0.0853400444650787,-0.7468520938707703,0.6269281434886513,-0.5749565878482457,-0.13084216914191682,0.7705819173645441
-0.059409838803932524,0.2620337268392241,0.28507476331594617,-0.03303238843619921,-0.09980752672457166,-0.14584169048962423,-0.4343180251042199,0.3329673819198409,0.1715187137762576,0.020881993130758753,-0.9286610622686264,0.4715923466702545,0.4621941423969602,0.21794056858682254,-0.21635902423299758,0.6012978978595849,0.04089876317486785,0.6723476621921225,-0.4377860259286699,-0.14653048863142693
-0.13443027616317924,0.0013229763425137847,-0.15915161198797625,-0.15184329083791712,0.058300148670780594,0.024346304563146556,0.2765277728428004,0.27321449459937575,0.7477469373179321,0.011081581396597887,-0.5745150808925577,0.45987972760067897,0.4168861440334737,0.20244884555997023,0.6711888914607647,0.31092730506789357,-0.8942657431881926,0.8232052798875147,-0.3388153218704697,-0.055062904725863726
-0.18312090006329668,-0.2331061110541502,0.2960025051027926,0.23335509568440738,-0.46091408173528275,-0.0678331682669302,-0.16598551655010793,0.1423223579668077,-0.26222601336199003,-0.16590036555215165,-0.4791981493593733,0.9240586914940465,-0.48932308761687526,0.21618673546934386,0.24549378164148306,-0.8367117909291477,-0.014390855022214488,-0.1870169772026864,-0.6909216395331998,0.2548474504131468
0.5870615296864851,-0.00449331234789461,-0.10432358192017965,-0.5267330997586537,0.015179977892471955,-0.046946316207946454,0.021009211097979263,0.02781754169132148,-0.05258102755607775,-0.0817406175636552,0.9275564128010967,-0.18909276573764777,0.4773252104647545,0.6631564615813235,0.47495174761132763,0.19067684176719402,-0.05820017458107274,-0.8073859876753402,0.8631886467431953,-0.18818784989974757
-0.1209412696888907,-0.5380439127201505,-0.003818455824202153,-0.24056019952939733,-0.15781793418788165,0.06140410858536283,-0.5692636476134921,0.008454995708655913,0.04534091759205805,0.001472051944013321,-0.2374947589842531,-0.4375782876970349,-0.4747487910989363,0.6278707992131782,0.2771603905579225,0.9376800432124588,-0.602255812734144,0.9552499357592843,0.06437314703075026,0.9430792978663647
0.40389222865375934,0.24450261099472068,0.07490132042644887,-0.0021588836086899738,-0.015414695677202259,-0.3968209153430444,-0.013518619059178782,0.060587695836765876,0.3450318285251084,0.12697836420295827,-0.993157552201327,0.618393388746286,-0.4828168009616287,0.3249249129330416,0.1462936942908506,0.6117784311076495,-0.5886491629717674,0.06439199965089126,0.8019029996897022,-0.38548527114017306
-0.41209222406707463,-0.4368602696256926,-0.0293388884396997,-0.12209299016075406,0.135010721741653,0.047736165789076454,-0.32799742742740695,0.05076658530410927,0.0005213244537769501,0.051287168459799026,-0.11735727465167245,-0.9472961047323298,0.2558227360751999,-0.7416946155809427,0.5230074265447129,0.7081659069541206,0.46010261011239817,-0.886365611985787,0.9686070163804736,-0.2332125808265444
0.019836842637380177,-0.028567705466035934,-0.36640721238135976,-0.19707327206858732,0.05887133543117256,0.3260558931922811,0.04568548285796504,0.5363562397323188,0.10797681141364676,0.012086977172386507,-0.14945836556341652,0.42218533911877776,-0.0846039498469231,-0.2872173650037093,0.5029356501989997,0.6745544788363931,0.9431848655955544,0.746102554312255,0.2057622961902903,-0.5219766150496161
-0.030907412474497464,-0.08855697916045824,0.2440351415789449,-0.14929806537936074,-0.26710848312842383,-0.3393454611985945,-0.054732901469597084,-0.3309552800886955,0.20904063315077726,0.1513355115968018,-0.2229059198867085,-0.13915684952028773,-0.8049326434176876,-0.47584373081259845,-0.8822578406362109,-0.4379401097332434,0.31279347036846317,0.9087351510601254,0.5882952010723357,-0.12646599547887116
-0.053248082337100655,0.08772044040715402,-0.49121808265434996,-0.1724569351908921,-0.06293296157078829,-0.07792837456778579,0.1046226329964785,0.5274320523261967,0.4461811963667777,-0.08362310391072007,0.16926057911870118,-0.7719715691732354,-0.3800462026202962,0.7889517191782898,0.92252789856979,-0.09088237135093546,-0.019363744133009675,0.31675441318145525,0.4084630369817257,0.9655319669232358
0.4187211674178314,-0.11214904372499923,0.261193940299569,-0.03997510167967255,0.1992331256232357,0.07198792374378227,0.37311666850245073,0.11477245253133123,0.2920365935884898,0.1438204777485692,-0.8917249178182671,-0.6081366905869423,-0.21496948930258775,0.4209804439912601,-0.7667234247513708,-0.7286648044582573,-0.6259877660437858,0.5084257392710623,0.508542600117359,0.6069150418075273
0.04495910376308211,0.09109797692824038,-0.002723636834367162,-0.023109135043350278,0.37619303930877346,0.43635823187908673,-0.009023736857744727,-0.020219082966863294,0.06190174345852528,0.5508747844526221,0.6379040011501222,-0.7864821142922249,-0.42454202894293136,0.9934124424190709,0.9820830631617132,-0.34683445538922664,-0.3767542255907057,-0.058355206116421865,-0.6290842495825681,0.13687588391804129
-0.10478795387414822,0.7879296769178616,-0.014177558349205801,-0.2383678509362872,0.032208852555126094,0.02322277366410045,0.022171713576241647,0.16508187731827792,0.0138588638704303,0.024667546288702675,-0.5590893046968057,0.20399634458786609,0.17208958619051073,-0.681405098391366,0.13652458611421836,0.17842300801395639,0.5727392188729465,-0.44901921132295897,0.38941049102453995,0.6412018837145983
0.05772370904642832,-0.05836339173533789,0.20736338307748337,0.03593284259115318,0.12226605823785719,-0.04994559598188176,-0.10699950125916133,-0.02246299866990681,0.0453930519882745,0.7637162654852812,-0.43884201968108916,0.8799764948640687,0.8953722749951487,0.9459438656178045,0.6873273032175999,0.5167841089692953,-0.33499969463578805,-0.7763740052443644,0.02127991839195076,0.2713601379624728
0.15937680324234363,-0.007697940589371094,0.057611488553379914,-0.05042247817226486,-0.06438744516672512,-0.27289141185590704,-0.051908009810837236,-0.1752819435922843,0.017828342614743573,0.028892594914786185,-0.6106532455330809,0.712483051132524,-0.4410035212358814,-0.2076620395247235,0.7640077608402513,-0.04298092376025653,-0.471132439032645,0.6371504119597315,0.2685215658128217,0.2534883752869814
-0.03283734240001039,0.564878622473808,-0.0032642707730248383,-0.0016010440045834146,0.16902658560879397,-0.18489725337102994,0.03098364969581717,0.2705578232697397,-0.2693174406968258,0.2746017227023789,0.9531538461822873,-0.36820275092040267,0.2676565452033972,0.6218304024789294,0.6852113984109653,-0.377767164428382,-0.0185572992055143,0.15012195914208082,0.22657748438008496,0.24242163841250353
-0.348513140892521,-0.0027535640014627605,-0.392944813920378,-0.38741993637022504,0.1690994055317569,-0.02455790670168575,0.11619799442258538,-0.12567090327264643,0.22342332832644846,0.05020785640908432,0.693859230283234,-0.4594785940813564,-0.08059505457158367,-0.9462346756304494,0.9353869196386633,-0.19630954646811016,-0.9772497388787558,0.33396365746777446,-0.2718301709590083,-0.08865228869175712
0.18246238828789496,0.014775926235305548,0.09448998837624228,-0.13907290101183806,0.5668973743385713,0.3109255296944664,0.11641885111329807,-0.15485269025248571,0.5437694334252668,0.0406580207026917,0.2252430464688131,-0.6516084716211779,0.44336451399301025,0.8382125911761118,-0.6281033006860111,-0.05297026351835754,0.23864561214234037,-0.8270961217890087,-0.34984805771133165,0.9164449580394525
-0.09725874378284358,-0.023733221273479432,-0.012323186667307723,-0.046275871580758944,0.7528619951874833,-0.000411586676267367,0.011162126575478373,0.17615972298701346,0.029522925793409996,-0.09863046900745236,-0.6433789058305304,0.8153156195992042,-0.6122963023310934,-0.030393871605792322,0.017526528214558468,-0.8622123563786215,-0.8773675145474684,0.4311377727946917,0.31879542534361227,0.7943823884773733
-0.014283789882935459,-0.48543559053139385,-0.042638701951576,-0.2723990988791952,0.32351945885052247,0.24860341728464175,-0.029245765595829643,0.24663897588728761,-6.018668919798714e-05,0.16937470152245443,0.5946604439758816,0.6143128433378406,-0.6266587698535573,0.02342877204642191,0.23354012851593864,-0.32318367297691175,-0.795802824368725,0.734265897837646,0.5843522505026022,-0.8391301151304233
0.7845170575786953,-0.052039474876240416,0.03392885977924491,-0.13636831154302986,-0.2049523122773247,-0.06819590804641532,-0.03444875411388424,-0.043723330504002345,0.03686174757679535,-0.04618946427550544,-0.13043100484331638,-0.2358528931682251,0.01318248166727054,0.6682477603096253,-0.4488863416299351,0.7891839310087967,0.6922434441932042,-0.7116858859211119,-0.910059635822966,0.650293902346174
0.6930960901527745,-0.002889763428747222,-0.017672090349253655,0.07532794922374436,-0.10391263008824642,0.2717445975788469,-0.16035843105468212,-0.010506304555876742,0.13927360565236208,-0.17217930188347633,0.3576970732050053,-0.584889763156389,-0.3952783172508787,-0.6162299212598987,0.6549912142596119,-0.4215189182804955,0.22721596525088072,0.21713917979384534,-0.9848256726454041,-0.12978139929556853
0.3808133094336895,0.17004294766215045,-0.20119021491150268,0.11538785318153377,0.3320804525478531,0.07948858474856615,-0.10789723360928688,-0.19286718515243428,0.2558986881438815,-0.25571291307280825,-0.6500551500419958,-0.9242358948986362,-0.8769144077062168,-0.6100458236635018,-0.2933751487003755,0.9815777079545074,-0.5730539624549957,-0.5585621852270874,-0.6429237044973515,-0.83784584220937
0.11678521072177041,0.13684572952143248,-0.7391207768841221,-0.038462501832870644,-0.06843024384586709,0.15820840893666344,-0.11393573862226247,-0.010428838783225813,-0.04036769690248829,-0.36036005702964535,-0.6956924994526643,0.6393931395992825,0.4820133926219776,0.19403051606585153,-0.7066179254345646,0.7405028230400643,-0.6092570589230639,0.9717133534901408,0.9734035544531565,0.007072605429797152
-0.07236991386444332,0.5261507717271331,-0.02450680383759647,0.019368972489225075,-0.11729902108949831,0.13088515998110695,-0.023993219551653913,-0.5847143772200759,-0.031331829708986826,0.02538009855973712,-0.5409129936776491,-0.7557971888775203,0.47347863632499343,-0.19447249085091833,0.5610465667875648,0.6214795052064197,0.5158969908970028,-0.9253068225349528,-0.5018523448101346,-0.536476628497436
-0.28362104389516757,-0.19802075146809758,-0.4030169457922991,-0.407924113428126,0.16003682362149002,-0.024426995751737873,0.1203221148111491,-0.11305988053114652,-0.25606184406376903,0.041121979518490864,-0.6242486480528202,0.8011381462403602,-0.9321615803685177,-0.5643719746448701,-0.5046256851797324,0.9836495958555356,-0.30943660879585333,0.24264004220708602,-0.3098471805147578,0.6892661412200674
-0.006150075269786098,0.013299468304437068,0.480525986048179,-0.18164731536607337,-0.02172638016063659,-0.0317826512566613,0.2250154620592914,0.1808176907483487,0.13498914032485623,-0.03647553047658484,0.8307112774336942,-0.826344217983624,0.535830246431219,-0.3889707125520687,-0.9336720502478857,0.2762065955302271,-0.46576496364975806,0.39787931323463943,0.028914630459200508,-0.6166487231165587
-0.02047979088980625,-0.13910577573722815,0.03612590776054628,-0.05135942312192386,-0.09538258101966543,-0.19884200370613347,-0.030831991239150442,0.3645063739269836,0.5809589763869581,0.007262343958669398,0.04251161839405193,-0.30048273833496864,0.1506133499200959,0.31260660798881856,-0.21587518502351855,0.8608638327487352,0.4499302782668002,0.06156267894699896,0.6644109864121626,-0.2931726974577309
0.014867807828892257,0.3122418345591017,0.6013047405762939,0.003680052288058889,0.255493659320415,0.07385222425086783,0.035371415373160985,-0.2266808685287514,-0.2187455759318866,0.001822960581847435,0.5614790173048849,-0.47855844078160126,0.4405275959232693,0.7328954527157041,0.7667832159933521,0.4710222451524957,-0.6383697142819684,0.9692669485704628,0.15915634861854966,0.13542982485499477
0.039317086609672196,-0.02027801503640228,-0.02519925479756842,0.016530225120143557,-0.29228870975957083,0.13178898058992122,-0.6637628103389569,0.0008278530556669779,-0.42773226910348194,-0.02742146338984411,-0.09177858399390426,-0.9256441127454682,0.5272989214163208,-0.723867867873395,0.07411738803285628,0.8564492085331608,0.9349401557303549,0.21883185825073537,0.9999735299634052,-0.05144030780722786
0.10388582732523882,0.08346713534646014,0.20822720203658934,-0.1303079155891105,0.024612767472449216,0.502286921525874,-0.03146137000969318,-0.11507162686930414,0.5245488029606363,0.09638110593967401,0.8998940385037726,-0.37389023208954075,-0.9493085886808925,0.8079701690608136,-0.439276333050574,0.8389887062489816,0.38320494554841544,-0.3046783016719734,0.7946908184667623,-0.3014947507157577
0.037724682613276994,0.451940092760335,0.24836362746579294,0.3100354016341429,-0.006625562927440626,-0.06550485671462208,-0.07265836721285568,0.3284825382862832,-0.017004480506482875,0.00589674840441725,-0.7380122965214009,0.25700923438907486,-0.5388116030147589,-0.31304857520459284,0.8796271075319226,-0.2619404821704405,0.7548096174705963,-0.04891640224710647,-0.6609329758269609,0.8366657395911938
0.38609411294632445,-0.16268441250115975,-0.0023712742774016637,0.4127392973329559,-0.09113722613595492,0.07063980153458305,-0.025129407757093294,0.03313352797586688,-0.6493994624567607,0.05074004206503943,-0.029591128460136007,0.8790611237494603,0.13892301067656354,0.9399438617759837,0.5822026749163929,0.9330173987400934,-0.763110274819645,0.7200140571659208,0.8962613095303464,-0.9827608631840334
-0.0581241440391726,0.005468025229732221,-0.1872646749185653,-0.27012200671326825,-0.5172893606418301,-0.09054132405577629,0.16791911068709098,-0.2075714723259408,0.024688110174464928,-0.09779177113295107,-0.5205487810996787,-0.5386043881182199,0.730225414002122,0.06292046365604076,0.5216673914043284,-0.05851704485445186,0.979855279818914,-0.48146094519100546,-0.4594560191592456,-0.05720500638365644
-0.04559756526538338,0.26911194555087115,-0.14561649296369028,0.1482468866015101,0.34187458231338463,-0.20761680636414595,-0.05337626763603959,0.051332009394559716,0.025323706609843358,0.6005559270552151,-0.2443370676534531,-0.41709630831735467,0.8057015582312994,0.8103223618789113,0.8451923049584824,-0.05714454443811512,0.19682465271858263,0.3695734512007378,0.2441251344654003,0.7749023063292444
0.19542098373395816,-0.07704582794053769,0.12297042521595475,-0.057965112988687784,0.054028539561203626,0.05501564072816398,0.38495875319291184,-0.030693343934825812,-0.07812807344840914,-0.163517240001385,0.49248792986640466,-0.5490371606824018,-0.4759736481022505,0.4163194256683207,-0.4140231821453475,0.09710013511970228,0.3886718531730482,-0.855530979399753,0.8673645329407715,-0.8357723060251983
0.5770917609058706,-0.08403384127517988,0.02471512784230097,-0.05023260965022204,-0.6901847140137718,0.1439282208152608,-0.015368628513050247,0.13707543564895308,-0.26830052173201135,-0.027369523150576933,-0.7111023997412682,-0.7415794402070475,-0.1947939589985641,-0.07657030682748922,0.02205100664623849,-0.9914666213052699,-0.5227205477649852,0.3253127954981154,0.8317445641887458,-0.023361599672025557
-0.010436661919220644,-0.04085330842656442,-0.03523383420514386,0.0025612665562603776,-0.3999577338365864,-0.15668282626133212,0.07291971587247291,0.7618380512647556,0.01035170191027715,-0.16514849142456836,0.4692591796447103,-0.08267282805557574,-0.054205468352000574,-0.6914609951212505,-0.8919096119923331,-0.6838349429898323,-0.5875672362294615,0.0873316020297632,0.028944588773916813,0.3751113299046003
-0.44615300323069945,0.14097885161438728,-0.2511246178501677,0.147063721059911,-0.2302558344278497,-0.22707516465503957,0.17034520210982362,-0.026396799850429753,0.3706861427325404,-0.06060292628947872,-0.3164258502258035,-0.6282494098855997,-0.038939128212964524,0.12372518915200215,0.5399309635063301,0.24233315997929994,-0.8645585488030889,0.18102086248954397,0.27039555143936145,0.5347892920050681
0.175325038630616,0.09046729003319243,-0.05158263884775811,0.312125791244554,-0.12043635569546066,-0.38112789646098677,-0.15528877201639338,0.003643838847967318,0.07594574048207114,0.005346080856765079,-0.8972009059986668,-0.8872205788038043,-0.4096646664772621,0.16702700947142723,-0.9907379246206944,-0.0977154434012375,0.2552608278441266,-0.5091122134898314,0.09798991683485192,0.2409890536734658
0.10171215681371414,-0.588629737311254,-0.14971190612755236,0.04539512361477951,0.040089307088901203,0.13914284352300388,-0.035298141523963045,0.01375901918016966,0.01244245784748893,0.1746917349346564,0.08093398346912428,-0.4855087933844464,0.9338673632153596,-0.034487756802221936,0.02104465713222403,0.3619449234644716,-0.17017568600263488,0.6443161458876099,-0.16350797366972447,-0.21223583491236098
-0.4760970632415463,0.08611079046364098,0.03912055919633739,0.2801760271808219,0.3378049592565481,-0.2949415925813687,-0.045933605130909355,0.00016008051585681207,0.00441580173836719,-0.5533138235653672,0.6403750772743835,0.020932388980115846,0.3890104444590883,0.24233411860545617,0.12262844972162279,0.9848681434623259,-0.08040449473742539,0.1712680298655911,0.8856906102603845,0.12791006498999025
-0.054080287269199626,0.15453203719112307,-0.055377541017910814,0.021251563224200964,0.060536978295504695,0.1293208838993598,-0.03635487864748766,-0.043909645090642935,0.312815794589704,0.027355303138678247,-0.4485202090906617,0.12516671114918632,0.7671245124747073,0.9116642573838993,-0.028167389487606442,0.8762271054806421,-0.5501609202247766,-0.9223360498853088,-0.23927381679756832,-0.2379933401302361
0.0630699976660105,0.2620478129367262,0.043768442707437474,0.400542554881967,0.12563784344058215,-0.11402030764734575,-0.5076818678495835,0.4264671554798112,-0.05071626958648323,-0.0074680973522574,0.5970032803082275,-0.9858658652804193,0.15025666455274678,-0.49412173876347953,-0.5216332635950329,0.22459938787300726,-0.7658668081752638,-0.0650708506016302,0.7857277927786446,-0.07782583227234441
0.12204844588478579,-0.23335219794771703,0.03005063756314419,-0.03361283903138331,-0.618097898587009,-0.16626117556072295,0.13647753470507729,0.07486657369233451,-0.4994480994517104,-0.15699184412653344,0.9758371954120637,0.3002624226727486,0.5094842541738283,0.7779725432058298,0.32502881990406407,0.735091162029947,-0.12408905989226304,0.8814874074375816,-0.47240915808144646,0.4273746893397543
0.3964020602390437,-0.49629668463866394,0.11331700018162277,-0.15141037055037698,0.0317606328981932,-0.16379925616430846,0.02314146281436158,0.026093072088047287,-0.2565094159112453,-0.19061015884207,-0.488126406816076,-0.31888054415552514,-0.06720360453734298,-0.9956669932282287,0.9847010094091018,-0.13725283054408788,0.15389085005122904,0.7674467079776561,0.039206325816240506,-0.8005448655248151
0.10162291130136258,0.010620794452708138,0.31331731007252095,0.21376143938236758,-0.0026455587259747726,-0.08806084562351163,-0.1244317586149446,-0.45111283912408684,0.32120962062287883,0.22448301405143828,0.38341075478874975,-0.815156606619339,-0.07460977255098311,0.6354411628844707,-0.19549386399457536,-0.28628765735520156,0.06495584880021954,-0.13441585562641611,0.5040281424793149,0.5255904137223866
0.0034313630447500576,-0.10897117514143861,-0.2075242721320064,-0.4374067352763735,-0.15539491073094414,0.27081817347953285,-0.28137673363955423,0.15107974143904282,0.41145043162520534,0.07358588523425913,0.05764310337529155,0.24101778494206494,-0.5706602657352045,-0.9137627273927673,-0.24300832222598068,-0.6700155439443862,-0.040119277784856244,-0.3563598855967669,-0.6265295566681621,-0.6048726198920982
0.40807494952921675,-0.03207521459126425,0.17480267804222144,-0.5919309523077968,0.011358757917506887,-0.08475625162412209,0.1304943082580195,0.006933058873866901,-0.30142248768233615,-0.032277801098119036,-0.3950693730750463,0.10035992186521447,0.015385337997136705,-0.46446001234668266,0.8847860427882215,-0.7407358353271216,0.3277759508351472,0.4508759663608346,0.4374958654838643,0.4776338426911304
0.04604576365113566,0.006353696563404523,-0.003567591556923766,-0.436193270673996,-0.0993820670648197,-0.2873447260451306,0.10205239613248882,0.030982030606237387,0.011794070177828755,-0.3723070534721663,-0.4969902919946736,-0.7325449002235473,0.3850845193507033,-0.11064956076825871,0.32784133189349673,0.5734504324841538,-0.8320366545165463,0.1605001432038824,0.05328434621869338,-0.6170653701639786
0.3293582415192845,-0.046587810136489466,-0.13123902810920507,0.5444774039722684,-0.01686750036146789,0.45726433006812517,0.05772202981759808,-0.05382988891319131,0.049166614403258424,0.19113838770843472,0.1516862382786599,-0.7289859510070702,-0.7405656434231596,-0.24848773422924997,0.2774610413770291,-0.18519402720204914,-0.9181982973028031,0.842358432171747,0.9360618438080746,-0.47462643064664856
-0.020218298300773097,-0.06379180543110852,-0.24015122400112088,0.361998847749719,0.009826134450425635,-0.4920035446786971,-0.03578086618542485,0.3792391769797948,0.0954643555617814,-0.004797926612970842,0.746622441263662,-0.2833607184795235,-0.06290590351144676,0.4771947051814984,0.18467591462069,-0.5566986354033558,-0.9925477243890013,-0.9227889826525637,0.6079123759236185,-0.6312146813586592
-0.1664572152477185,0.12076383618858347,-0.07423894471060383,-0.26870518463306164,-0.44269813963803983,0.06422113205162835,0.11778603719980013,0.03958180295935833,0.11533308005661647,0.16245491101246423,-0.5357108698993389,-0.9706237372158444,0.22116927614497084,0.4662774955075162,-0.01765988547755959,-0.2273342991762255,-0.14396421625398892,-0.07217040242086914,-0.8836593573229947,0.5983521489034869
0.057854540364184866,-0.02575617013412143,-0.29614239059711006,0.4200358547655305,0.09865580005487949,-0.0926314270325152,0.0201322388284977,0.44704772255419156,0.10865881539293376,0.34469385645708756,-0.4962714694805741,-0.5355283443136429,0.6273191698743161,-0.9873793031323344,0.0025361847049876207,0.8467790835964619,0.8794964682442459,-0.800453065202134,0.3117683343957225,-0.11601983857745246
0.0005092464849272057,-0.0075708679719402785,0.37560117349393174,0.6302339172970137,0.22358748231501374,0.06999457377002259,0.1595051902909565,0.10919832996264105,-0.13101976094278753,0.09497217223447735,0.2702361561139255,0.6490061817590849,0.6615259613219391,-0.534202952239573,0.03577858210812446,0.019343748298854546,-0.8962750546491383,0.7439800342435074,-0.5635863920839232,-0.2521489630802669
0.04341931828835242,0.0755750921068332,-0.019632651263116887,0.20382589652643857,0.05427154880022256,0.1893361198283775,-0.017952178002177875,-0.0030361645352918304,-0.011829234803329541,-0.8662874343283056,0.6892953916208406,-0.8643257713935264,-0.05161204576524936,0.542034198073571,0.9091522869830806,-0.71140977318025,-0.684873568761885,0.8180038691269318,0.3230755880762608,0.9455624355783114
-0.06223228294518168,-0.04101912912211436,0.19946224084431574,-0.23257288404443116,0.2176998712966719,-0.4632289654784872,-0.0003316127467705987,0.09927539563116725,-0.08564365780190543,-0.2500600429430584,0.45371499449618335,0.863288522985262,0.9668884388313548,-0.46456803514562006,-0.7442042269766891,0.02536111059181767,-0.18006789965636516,-0.9069061720633078,-0.4577314081375914,0.3651723526706372
0.07998245821031569,0.08020208819496763,-0.015722214322690952,0.05702084095308945,-0.07444230565637933,0.7511096287343534,-0.20019119091952192,-0.000935358671076751,-0.02357417015468878,-0.4497909563174672,-0.8923700961974235,-0.8912149554918152,-0.34604988980358287,-0.5483601972533334,0.635179893879682,0.6269329433777047,-0.6974634878031931,0.9681282531631212,0.9516500734807776,-0.10903940313436866
-0.32233894310182043,0.015605360127355306,-0.13270124953575663,-0.01850043181633143,-0.4101781582127935,0.10490207927904516,0.151008912934112,0.2250855376369874,0.265860652064444,0.038590405974543884,-0.7337353320637747,-0.009755431871186548,0.9724216033492219,0.7902033956322525,-0.31108609437978885,-0.3333201550871814,-0.4444710916503767,0.4989338376959469,-0.5127593967118897,-0.5726542695492536
-0.07007878692445657,-0.5062033526260655,-0.3499653890726994,-0.22808756854544754,0.004793362289481906,-0.09978249616906086,-0.0033840479250766275,-0.4430232294133977,-0.2174534589450653,-0.04721368880884924,0.838513301043815,0.792534787526574,0.1569941289101071,0.26817778941201387,-0.3480267587530539,-0.17726573752277108,-0.6788587844523204,-0.2336314866512279,0.6887824669643301,0.030421207246314586
0.17761687921766692,-0.014226599915075244,-0.6874617985454908,-0.0017131447959588333,-0.37251667963663354,0.04972981505122832,-0.27628166717596314,0.1514933438208349,-0.057047300408755434,-0.09087301256916536,0.02187648482664084,-0.7851825490823081,0.30460969560206563,-0.3871696511183116,0.7561808095670297,0.5700369525870486,0.6089204928712104,-0.9373191369015019,-0.9535063500503482,-0.8674922195672607
-0.02175198758339636,-0.10106457195298002,-0.11104779553597935,0.18005578075997397,0.10578366964190719,0.2946704224641543,0.37264654148012505,0.08270511922329012,0.4821860796369377,-0.1417114127720982,-0.4182597343819794,0.01934375179902781,0.11076347493698657,-0.12999852888498542,-0.9087480591956105,0.4656372300181084,-0.5207645501438942,-0.588992824276142,0.7853320202229273,0.048114297984499066
0.10711428848782495,0.08329109054428202,0.0756443723603169,-0.17157835934849214,-0.24794135809872642,0.7732160770679819,0.14457859065148393,-0.08823406222358704,-0.1903007287029245,0.037466522398522106,-0.10170837230960061,0.9760628601366814,-0.301133176164438,0.12856101673372988,-0.6278659716951553,-0.9683976558270042,0.9090228475825897,-0.9909616308582954,-0.2740981147395032,0.4585372646162218
0.059093219634863484,-0.2675046325602555,-0.16226497771306939,0.0012281113348148968,-0.48247499771692504,-0.21721511351848835,0.07327231820958081,-0.011021959730734762,-0.004231779948696113,0.4487398136105468,0.18866831068607648,0.766932471805531,0.6222619759393777,0.30827248648493133,-0.07817801118318468,0.45703736118140603,-0.669239893197455,-0.8048708187053346,0.913214145949441,0.8560050345311407
-0.4861328904949478,0.02804612797133591,0.024019594885187574,-0.030225492125810053,0.1771980691240571,0.07144890394303811,0.1692581453406592,0.6177936153492727,-0.020997726847993163,-0.006635063278686,-0.11185218009973985,0.3828404338820157,-0.06395936989227691,-0.2988986434030543,0.2320772995776943,0.375946220000243,-0.14654815577740266,-0.5740907072261359,-0.11400838813145908,-0.6818797546583497
-0.013047783875151993,-0.002785192854382612,-0.03127099292329487,0.1311305712313714,-0.07776452772223388,0.18457169762983983,-0.2642970013360366,-0.568063983502038,0.2876173840252491,-0.00872017038499908,-0.3898556888721427,-0.11386967873057885,-0.644417020962891,0.2380497817553222,0.881071990669198,-0.539795697000315,-0.9918832680154217,-0.44273148297618437,-0.7326071891268506,-0.9694853060720259
-0.1305104909978646,-0.44981851577830634,0.12108454351344022,-0.13857834465129276,0.06972641511800778,0.1496543616072179,0.5336782671425375,-0.2733240135301669,0.3133993201535513,0.1175349556420554,-0.5343376494320506,-0.20459325892749214,0.4500407610237098,-0.9169581756899265,0.18165366382697945,0.13932138795176496,-0.792437318750048,-0.4251465233949048,-0.24444656659273756,-0.09442358733379885
0.04300602597979869,0.03005471034049406,-0.5394471147379059,0.46361879364214764,0.12050447523675822,-0.06279455877273268,-0.12993357439924957,-0.19434850331790027,0.04858804870205827,-0.004813387537898617,-0.6994150866129805,-0.23342272165677547,0.846054075344638,-0.43079235211192435,0.2221514144263832,0.46244011843738897,-0.12925087396430013,0.11368507020963681,-0.8955169872995583,-0.28626466852751853
-0.3841471672104074,0.14241569757639558,-0.20704006767866123,-0.10202684574381057,0.16604498987908284,0.11319076690146845,-0.697269785171224,-0.03947001130238295,-0.19179779425114896,-0.329773709207685,0.3052165294592082,-0.371216966357105,-0.2102721334420099,-0.19147680424819624,0.48054197077911187,-0.494042443446955,0.3127360821964251,-0.6216624095902237,-0.33031548267621647,-0.7820682988121843
-0.2160845139291857,-0.15005981493196965,-0.05549191481931948,0.48723481081365294,-0.09623932808143953,0.15020264373941636,0.17021781633612248,0.29252888353636586,-0.1831534354209085,0.10738780628490796,0.43076392644487926,0.5948104690111478,-0.06692837166183052,0.13235105391642965,0.16304608826741607,-0.8351685987522179,-0.6489972095660632,-0.1941464540032709,0.5154497856062374,-0.6370321897569313
0.3021233022841252,-0.7101710589285501,0.01982878745152794,-0.05983319417285862,0.06758711881341364,0.04840615200769845,-0.03055836529601047,0.010905265227869804,0.38736018670181094,-0.09651224117710758,-0.5224890523729926,0.8634229907390072,0.09437432652310296,-0.7062709431732326,-0.8776181799122635,0.5195535529453748,0.9388396439267228,-0.29268565977259975,0.38197743406431983,-0.23103845416508095
-0.06604134540918238,-0.029043090023630088,-0.08701822156529478,0.010014840611429467,0.08646029507244046,-0.027810262740862922,0.04393414883037061,-0.3726672324938253,0.10683945975440012,-0.6604543493295054,0.36445806051982554,-0.6509065544572799,0.7177293561424749,-0.8999853106862059,-0.21892542390893466,-0.19571186730558976,0.20473480606951466,-0.9681406915316837,0.38161000767412356,-0.7149319767912339
0.08868104272225191,-0.2539947719551089,0.025313862078199634,0.24261918702474738,0.5755037494155176,0.28989190931668085,0.14359487343476685,0.3868790936673487,0.06647790480387666,-0.13960878455704978,-0.7290252823297776,0.09016248328775434,0.20200080825452016,-0.5799405147446031,0.4009074899273166,-0.08953866666902477,0.3516423377116793,-0.004730424389085108,-0.15289419228709278,-0.17235456482902012
-0.5010441380469999,0.18024951409109696,0.28025952375617946,-0.07874909686728687,0.09412301162854425,-0.16071089855979342,0.1291962311991114,0.4922604356269781,-0.06187126693353118,-0.13660631566253245,-0.07841079982867516,-0.55841370161911,0.5791986156890307,0.44687457292661503,-0.8140539971820968,0.5882578731913957,0.34276604831691304,-0.23457347844930698,-0.7408827912151035,-0.8290456194573637
0.3849502258079286,0.08156540666464415,0.01282858007930665,-0.02953316798537345,0.03454242107411294,-0.5508073086564356,0.16105417440256076,-0.024580620874477516,-0.35155944379503795,-0.011292095147363249,0.5960983601800851,0.12870218012291135,-0.7588514427630741,-0.6754904490053861,-0.7908238592674226,-0.6917051792808291,-0.327153912781194,0.8136336138094282,-0.39312294792975333,-0.47681990366411253
-0.0031605938631389663,-0.06753337487486039,0.1352378624593703,-0.0070967836477439095,0.621310155837909,0.13769262541506577,-0.0942967434966694,-0.06550774085391253,0.025095841144250747,0.5009515589377118,0.40517680174824977,0.25781602628015343,0.35553377696130006,-0.23051926632398678,0.21272324208103588,0.9279284532451071,-0.4957489509834978,0.7044079186593108,0.6576207095708797,-0.2580027456593559
-0.0103898775418927,0.12882226741642092,0.3952328949859032,-0.17133261026089194,0.16587582128174658,-0.06302236444814942,0.13049686457115817,0.15256064153908155,0.5604416863229182,-0.012594968354578616,0.2922739741371083,-0.14894350986876037,-0.12004462043157482,0.33061663223693327,0.5364831160963248,-0.46123965065859585,-0.9462328413426278,-0.5836040501362731,-0.3941427681905907,-0.32558286420446336
-0.15251848342446495,-0.4553322661637122,-0.04152396826373095,0.2724239605059925,0.36000058251855693,-0.02409859009417048,0.07195856194309952,-0.13163420964903216,-0.19250201362164276,-0.05871926835952057,-0.6612151616994217,-0.9426770005403218,-0.9963139784109609,0.3383480648587043,-0.8068724806886758,0.9488502770859686,0.5654318019151809,-0.9049480447412088,0.8476696235521017,0.0013445074126408052
0.0395654919786704,0.18311898922927317,0.1258612969496235,0.006845061986020029,0.060690968700950476,-0.3554485762470437,-0.06865529906039836,0.4046248978029337,-0.49069259321208886,-0.019308609291593823,0.3243283147307112,-0.4024599637551962,-0.5811997719258191,-0.07838815825776013,-0.20074000157268013,-0.08302813186104219,-0.13368439708844804,-0.43482952957570276,-0.4041053983877356,-0.5370805643066894
0.6856443547103898,0.1507693846914252,0.20692157573167053,0.2519311065239032,0.08765452565612603,0.11327635910762801,-0.005872254897443807,-0.03486608833069188,-0.18611531852145946,0.1883883279041909,0.3754915194201398,-0.4014826113089143,-0.6666660397476749,0.8697512402199148,-0.11333199654872783,-0.4201288261678966,0.46345721887422875,-0.7939504030402569,0.48631825160374653,0.8440654384741306
-0.21675907852007936,0.09163322704825683,0.09283121582380738,-0.5767494002856316,-0.02115532433097849,0.02146206889529847,-0.5108958838395146,0.16463922829407165,0.12222608048138928,0.05837089795151998,-0.9019760765365612,0.7383850249681063,0.4165654404259731,0.776982382330728,0.16006443652380864,-0.12044379571193309,-0.016845439948535157,-0.5239532197593877,0.07853138165201767,0.09969632789078697
-0.03183835274280623,0.7929240344395952,0.13209015114549943,0.010315714444477386,0.03613951048259586,0.026051137525338632,-0.041108421203458256,-0.08812124979961761,0.03283702936450239,-0.25473382256784016,0.07873486235156268,-0.7002169247797403,-0.7651647887855777,0.06556256382184622,0.4615478741513863,-0.9784547064147058,-0.8703908624347065,-0.6326724614554893,-0.5913398562043022,0.7147986239116546
-0.16572034275410027,0.29922769610202093,0.2661237971535772,0.08101650832535723,-0.16450479497494275,-0.006079889036458619,-0.13183968190345885,0.23567600753849072,-0.08459306065027573,0.6104703464789922,-0.5358201475689313,-0.8018451759257401,-0.5819469695093651,-0.6938577429114818,-0.36423377840898286,0.45611296932216394,0.9793299539515596,-0.8633571610735105,0.5260450289816001,0.016983102456124
-0.057548183618498484,0.2523813671527082,-0.2954501194161746,0.08327870122405795,0.38119793953654835,0.2810217586476361,-0.18262991608564033,0.06146399140229471,-0.21423810894653636,-0.5027182106626851,0.7176264489268789,0.9262747284712292,-0.6446849472473826,0.9839222991170169,0.9566757898062166,0.4971525463257709,0.7039273493952187,-0.5722386374496702,0.07744385268209064,0.17430954473338467
0.28808773405432986,0.29454687619610104,0.043024999980237566,-0.06012294984448294,-0.25942683840766634,0.5059213133335975,-0.28862812118880515,-0.1961346279717005,0.12319008900446499,0.13398667565405514,-0.45782133514314327,0.9632318923440413,-0.6685415160085171,-0.8862545394911874,-0.5156217533887142,0.8306883567344969,-0.9649886668214682,-0.6070642230342875,-0.07694813478639562,0.3743707375968175
-0.02528351374855231,-0.5311322229031218,-0.3371162377913021,0.017579613814317302,-0.09867320103565558,-0.06187391262129775,-0.02590679012499083,-0.49786748436758244,0.009696686999007869,0.10921005253608035,0.16985355827562265,-0.44592692715425364,-0.8937060105867316,-0.33962072093150075,-0.6510181359220544,0.4404253420773836,0.986158661319839,0.5181046549987747,0.507637686499872,0.44043183541057584
-0.06671419230820436,0.09338557079821841,-0.0731609578159061,0.08252480259021322,0.09372814191547774,0.14282765073261902,-0.046643191529798844,-0.7080821463436598,0.03160166629847501,0.021898124404997957,0.8742558060234313,-0.3086756778488582,-0.4457742034117267,0.20974340518618195,0.3327423394271307,-0.5294402899527411,0.04469361127968163,-0.5109468169488689,-0.398292139162562,0.13493249479819558
0.43274733043339375,-0.20709728704634217,0.5819311127079656,-0.07516061657967243,0.3495709467602921,0.053381872780634686,-0.3992248339691862,-0.09722977447127593,0.03558216320647665,-0.01197214414011732,-0.9620361832044324,0.8271344012974604,-0.4887627802688317,0.7321787944675564,0.6151011889687852,-0.6744670151999552,-0.6665934793134924,-0.999026997571075,-0.6033014062251234,0.5256539548594579
-0.5559777635236975,-0.4162517568698277,-0.09256792921462471,0.00020133986512046662,0.23139517502353166,0.0034295730528755117,0.3076230092290335,0.0743760643344487,0.023617396907717053,0.015078918989797088,-0.7638252714093083,0.7756541303312132,0.4272849187249461,-0.21635504813935724,0.7260889808435282,-0.6736233741595363,-0.5340062438055106,-0.9477684033294711,0.6216536291133792,-0.39221772923240206
-0.1319793743052282,0.06390828901242118,-0.019529223472642188,-0.11402297222971097,0.6737618780171702,-0.024639049724170137,0.19816567034813598,0.3721754317126732,-0.05359793478596727,-0.21083809856578017,-0.32715543071807707,-0.6799205311622145,0.9694264578108935,0.851826091684784,-0.14217189107843642,-0.49572200120378107,0.9761014866248021,0.2146998582726627,-0.15755334847879232,0.39529618103176256
-0.017416031966151324,-0.09133694805906539,0.13055874635033132,0.10368354041683225,0.12200203369233248,-0.132047353205968,-0.07463428761208124,-0.42533584156779836,-0.20340559520929558,0.011876112502972616,0.7036828217326703,0.0059711146836296525,0.3830383960351318,0.5252289500325633,0.05063533255013075,-0.43096055701173275,-0.8656604672811214,-0.4027673938265748,0.8076333816779562,0.778850137470608
0.09162472785485345,0.3027440021256299,0.25152510999793165,-0.11460049253540688,0.5552636676686336,0.13282344532438561,-0.15659602227441138,-0.16198599132571545,-0.08135261149466268,-0.4007075914473012,-0.15871724253844977,0.9872893910274176,0.16353943466274679,-0.445282474650077,-0.7308821116588378,-0.2550288955268516,-0.31450340579490166,0.7880216122824302,0.38532804110950214,0.4719889945940363
0.5440818895503319,-0.22350775376872523,0.06112384747363067,0.09954225139996914,-0.21957905340864792,0.38411079939988463,0.34606481290967395,0.061961625186135946,0.0569093921376182,-0.011784189623151767,-0.2892968351887757,0.9356271677099399,0.327841234911709,0.9266531761994279,-0.1176927529290297,-0.8004927212846933,-0.16306445051435325,-0.2789979441642434,0.62947936011635,-0.176500011471576
-0.03414620886710884,0.2540274403087405,-0.20400316986910993,-0.015851611366505307,0.47445633530241893,-0.12000198248689778,-0.0513748445782628,0.36405465909007695,0.11153889379170828,-0.02997860981099537,-0.4015890937897826,0.43994611308544984,-0.3485161761522113,-0.08071594876453103,0.6325682236355004,-0.3155068870669595,-0.5647302294208452,-0.38947338775425444,0.10202406672064956,0.9688888104890285
-0.03499388985678702,0.051061640883742904,0.04800625704727107,-0.010710631038787832,0.5675375215888538,-0.09777544030452537,-0.2199055440941677,0.3855276072276933,-0.02885481345283239,-0.04679030136693054,-0.9703541370481377,0.6203763287346371,0.5272404872733025,0.8645760840669146,-0.9818683933394636,-0.5368142417821877,0.00850682026284022,0.5187412394210011,-0.2970706121361757,0.427208952916615
-0.6393116565594544,-0.16365492947770185,-0.06217117228479125,0.022243289924374916,-0.014955677057132844,0.051223959323798585,-0.06177765256121538,-0.0748323897953172,0.4421618343012458,0.06536620133611548,-0.7653920668431005,-0.061899396186003264,0.8574470593736663,-0.10644206637477849,-0.9051990035648676,0.6334691365439138,0.2568656328797725,-0.4431445901427091,-0.3775203402214955,-0.3045750424963998
-0.06283045638173049,-0.10372682214964762,-0.1011002485410537,0.6518242966287832,-0.034560534857942915,0.1450023586135892,-0.24499335637045677,0.08661096806032853,-0.03148178164000287,-0.2321837756726774,-0.8071572302060595,0.615214956107218,-0.11662123421477943,-0.6433895315934335,-0.7987358267886986,0.9273267574459734,0.3155854973126957,-0.7225327474270327,-0.5117798093394124,0.6420459451895466
0.01621513441906207,0.028413211087921643,0.2496834278976543,0.0073131837801630375,0.024168169236066614,0.04842232113661214,-0.06006088157476214,-0.10020977915200188,0.028846770230355787,0.7773497271319447,-0.14904988203946234,0.6824068364978506,-0.8993378184153482,0.37230789916052176,0.8051950087159137,-0.39493999509674227,-0.2583901499081669,-0.6812319017008128,0.6186040212276243,-0.020508327109972635
-0.14549310790639644,0.04067051228059804,-0.0008289949006996811,-0.31103422590300644,-0.013372363254397057,0.1856749487951455,-0.6558428842896753,-0.5061281302118124,0.046895344375440864,-0.004429262924996236,0.618199707104329,-0.6950987524379773,-0.4104011944488237,-0.9090407278723538,-0.8100261132728117,-0.6843343826570296,-0.027981308776988456,0.09090670231294595,-0.21530653309537318,-0.19140048027226797
0.029229422582049885,0.06725370972261785,0.034836543959640726,-0.09900178747734883,-0.1695896587141316,-0.11308443381087352,-0.5987319064643803,0.38042811721224656,0.03506646372841854,-0.004230675516836008,-0.2776993137816752,-0.8980914197107612,0.23714588250599178,0.850960330356338,-0.3696461220432521,-0.6526289669478098,-0.29245910758807825,0.5880416159992616,-0.2554271781253963,0.8590087184815045
0.09000191352145992,0.3113549753454912,0.17070992597730694,-0.04197870961709213,-0.049211389573097966,0.09884011520166772,0.22240623540735577,-0.014943145272731995,-0.39556423007834046,-0.6308073742910421,-0.49553589462906866,0.7745132912681125,-0.31434819715229034,-0.39298989812943597,-0.6210939110008842,-0.5885785170106081,0.14498989472494883,0.5363240353503698,-0.6828737895512464,-0.883025860923019
0.04553164072858071,0.03900748790261893,0.14238552156426101,-0.01050344377039622,-0.1456097215210188,0.02140970411822162,0.678318413721259,-0.118894752384054,0.049698622490574856,0.044229351513896245,0.14963858159809207,0.265457075266629,-0.5382871464596166,0.5821875743775844,0.15269876077317956,0.3986822933445573,-0.19950085912365711,0.45762800682840554,-0.4165374658583194,-0.2874990734583598
-0.1704877763734748,0.3375894491828955,-0.002088312459190389,0.08950159191317103,0.0009735085240886385,-0.3103135560081084,-0.02428545572726787,0.3844737974887748,0.4174968368936315,0.013276762834094312,0.6326531584523385,0.9916690334964711,-0.16201018042205284,0.11910688509545331,-0.6748421193264353,-0.9877118518825838,0.5134171696465633,-0.17175468535266503,-0.59277107162317,-0.8051984688761915
-0.07567250303777528,0.4015791802945098,0.4231200636441177,-0.08083613075010943,-0.3347799072683348,-0.061236315346776427,-0.1150410465500965,0.05297604800228928,-0.24303776139691902,-0.22384880716032945,-0.10501910450424323,-0.020840816262989836,-0.741152591490917,0.1323059093702168,0.008546004621771575,0.8409598011339554,0.12314268808740314,0.9372783980818808,0.7493538856847459,0.2905924103065247
0.1911978705816394,-0.5129280788638148,-0.2298951985702147,-0.14383530008455728,0.0727341425285345,0.16979042498128416,0.028034685202498855,-0.08435395858229033,-0.11854540400768436,-0.5410326770588819,-0.760521049505688,-0.06266990439758224,0.9779194001215337,-0.43606811636046117,-0.6002503040138816,-0.43757293845065104,0.9122667034081215,-0.009672030401163934,0.2862413741570906,0.931073166998923
0.01551611911486184,-0.08542943533065976,-0.09126982356083352,-0.17959009021573147,-0.35340060108286747,0.01600670201507462,0.12069943457435386,-0.23350626541745234,0.2611479243607249,0.18529534621974098,0.22006491459349697,-0.9321850658664748,-0.21040433385239066,0.2113057533768743,0.16203693356580584,-0.6090028216327059,-0.954258267215012,-0.6889907460864702,-0.16096223674013488,0.5610770963018326
0.28588955234380287,0.22029964387850393,0.4590170967888748,-0.1202035194323987,-0.09752962590179606,0.068114133332629,-0.094937091135496,-0.21839758093453251,-0.16501982420163747,-0.16819036322179481,-0.9833523191022551,-0.3757616235249126,-0.00903031988817693,0.8068703000743969,0.774363081138667,-0.10448285821805325,-0.871247077530882,-0.9543806885410477,0.10906730809519782,-0.5171006421108681
0.3002238315903568,0.17217050085669783,0.05144546980355731,0.44552056938787676,0.48166740148850357,0.0030155716816920863,0.22232550760150727,-0.0449713871256064,0.22101473356790374,0.18683658816169368,-0.5514091422404299,-0.24032890623897374,-0.22191895403896167,-0.5573337277820718,0.5277882811529861,0.6016464544552478,-0.49084742347140176,-0.3104125801163744,-0.6206774567749205,-0.5028503291331061
-0.003753878224214203,0.020169988318739264,-0.21787436156964124,0.008443031092230768,-0.04527018951821876,-0.12823027314910365,-0.3959702495668901,0.044618327262309604,-0.010816716443838482,0.48518901346139076,-0.2999234173575924,0.4700326888405775,0.8541205289173897,0.9059236240163862,-0.8234050447746308,0.5817832429926619,0.07458215468585894,0.6466846011816503,-0.47819056620230027,-0.32004281359859865
0.13337368611712458,-0.5597228850529083,0.07600557923394657,0.10201176015684232,0.07890397328563065,0.021559146857567657,-0.20484532219019785,-0.314834555497281,0.09178975577130255,0.0625024779435926,0.8504475583879041,0.24305796450573625,0.602578341624604,0.6559461508518902,-0.9929560937288677,-0.3157734784517192,-0.5320474202406891,-0.4225062551379781,0.05685133100980333,0.41761398504373815
0.13157546272493137,0.41846870984463336,-0.2938352269397253,0.40762621162810697,0.01955960562623743,-0.1008114414092976,0.01413552816764621,0.07961136788661544,0.026696015412962074,0.022177685352888214,0.20444387367333094,0.28532116296966015,0.43718518459706934,0.4871358138725719,-0.748139179412967,0.6608375956108237,-0.8289857877040101,0.043384510216853744,0.7705266526832377,0.7474730127291884
0.1967106409907991,-0.16057056112196266,0.04805750706504061,-0.1055258624271011,0.12089098376731994,-0.13553608643495196,-0.10670302477220261,0.3352730432932567,0.4804702741564456,-0.20544222619669444,0.8729784537236183,0.026866430612810133,0.42253884186669377,0.4876207529893335,0.23328581813385507,0.22921428865431248,-0.630512983964663,0.29851989978680815,-0.7832324046363996,0.9580940532276787
-0.1161251961791474,0.09187739519556892,-0.103136245452602,0.044558936788081316,-0.28469255815298605,0.020163195320079236,0.04504579081773838,0.034045998382682685,0.45555660151917743,-0.4874361680440604,-0.3225896375633308,-0.8773729318978079,-0.9422319303424735,0.055952692224108036,0.024637445476438646,0.8630678090581771,0.5679118953060185,0.36273375303048483,0.48423029307340215,-0.24527214503452321
-0.3160575180947436,-0.09277478576287532,0.09437752871781568,-0.2751228916286389,-0.09572618957116141,0.03345855213980914,-0.18285347622243311,0.10812329903815224,0.09566631633559147,0.06579440554220095,0.04875660848212138,-0.6355631877662067,-0.3754214792102677,-0.9482519574802466,0.45258351861646906,-0.08827797302387119,-0.5520608506112945,-0.5091675958360169,-0.39849669881558425,0.4391914035568274
-0.6074014925812066,-0.402311143515615,-0.052357818055553625,-0.012449252156103985,0.06033782927061476,0.12950040223934567,-0.014390136282429203,0.01368750690473683,0.03390137420611161,-0.049378299913167556,-0.2402652754265706,0.7521421993960289,0.6626911038306065,0.7174625905211216,-0.6695538273447141,0.000973517388974221,-0.6480023838120303,-0.8802892444398787,0.8376594786696618,-0.13409790636862762
-0.07452220149100935,-0.5906681192537965,-0.034642885539723056,0.3959825915038395,0.02128889019741298,0.2965159927200527,-0.0022299982405529217,-0.07649957391886314,-0.06995080390311215,0.10686671245885321,0.9163900274175159,-0.941778966302766,-0.09627937908146711,-0.12429961027295455,-0.7476138206875651,0.9160548035892868,-0.24792465076652737,0.8973838521689899,0.7922806674704772,-0.29773571138074173
0.10918357578982141,0.20402181794742658,-0.5447210409603065,-0.037145632379415344,-0.2043749308015881,-0.2106494818391796,-0.2515573465585489,0.1371359168474608,-0.4895134625454244,0.03229875047554631,-0.011737966282738821,0.45637928469787226,0.2233185897773322,-0.2458756599084264,-0.20952412102218831,0.48947728334855456,0.0777016307905598,-0.3816244781398692,-0.03726690893675766,0.485171340144565
-0.6194175874179585,-0.018753877490763658,0.021973225522594956,0.2526950225492154,0.17244068492147913,0.10949788978314866,0.3322294823818527,-0.08440664659848805,0.012708730879497303,0.025596306928710844,0.5645476184131981,-0.3313630839761188,-0.2541343466335375,-0.7444602586254363,0.046554895292668874,-0.15208982178349362,-0.19661625872113042,-0.28200493824806894,-0.8443019025426475,-0.45363573332591134
0.24010833302055423,0.6692602211270272,-0.09471882619492847,-0.2717632986979981,-0.044900218276016854,-0.03049531365927649,-0.12609693846434522,-0.060787515713855114,0.054570066402163386,0.030125618325981485,0.5390674231369132,-0.7941532541428029,0.37696322990727227,-0.047593023963867775,0.9964465345112312,-0.3013038629235161,-0.1873040975455449,-0.9830087595400621,-0.5275146613233668,-0.9877961958861239
-0.04414934883258909,-0.16751522895538856,0.03899484235837594,0.08872503911585164,-0.0806670610856142,-0.001443854171489995,0.3658154873279972,0.18109778910061786,-0.045087699342738985,0.5778066677433328,0.01584544588786896,0.6416304868723988,-0.40409293133543533,-0.31566665011822637,0.5006290262760895,-0.9561768611494434,0.8218956143278293,0.2679511176466849,0.970407602948409,-0.2782838825280114
-0.08258587558344135,0.46435302706811676,-0.04517893458095018,-0.19067436058894474,0.10116675385803786,-0.49145798595200163,0.06143893771678774,0.40463468465392594,0.13752806369569148,-0.1895435137366316,-0.3031874036658848,-0.49036620439581546,0.5206255996719678,0.9100755926429427,0.864741148485529,-0.4867622778445244,0.14611928583622125,0.29027566212840106,-0.5236223161215201,-0.4892202824792329
-0.11579630588645373,0.11253614663764408,0.08317300758591874,0.7808894005301746,-0.013034774881533387,0.05001670679121571,-0.13612456051549573,-0.06908608455913526,-0.07046004477220418,0.019938546185690437,-0.1841333413839752,0.8760092987567423,-0.7215804683694429,-0.773948875586004,-0.8755642509118917,-0.0005135429827438642,0.11650617578567535,0.15540055233409933,0.5746765760198902,0.7928470232963949
-0.24974147767341137,-0.023790605045093283,0.7585942205784683,-0.10190887907459828,-0.010450749740046984,-0.13229525286390548,-0.09348488586376913,0.010699606825502805,0.30032590318748886,-0.05667471055086713,-0.2898020565633357,0.8617807813042522,0.4515956639389873,-0.05387656847246669,0.31415687406338844,0.7305516664468752,0.15215922280209004,0.07240810560415634,0.10467938342317629,-0.01706861411644156
-0.00841573016845057,0.7111519277493009,-0.25621413473291044,-0.03777551626335597,0.047987548920737866,0.41702915470413116,0.09322963910754029,0.07515097057086467,-0.2435506354154211,-0.0960578122749276,0.31817669729615483,0.8793574888539017,0.512283288867708,-0.41467956464767974,-0.5252549647850371,0.9370523364942815,-0.27021270054166613,0.6026008400229188,0.31569662729472037,0.05033570014663935
-0.11273993991753621,0.1924688145482799,-0.16188279694682925,0.16594836920183953,0.04308360234335109,0.1071069516005895,-0.033445843666519925,0.39607397905242797,-0.15182784274403643,0.49590855873967543,-0.06369196467762928,-0.05589313770488924,-0.8977723471647818,0.35703020401201035,0.6281535579796491,0.6636051394136988,-0.16249111917977377,-0.33895293115612635,0.24422316801851274,-0.9506343812130522
0.04512419353744898,0.13232427359156673,0.07532219529717196,-0.07248730447051135,0.08896078257254347,0.04260859013881743,-0.03312990619676717,-0.5584348998534998,0.36140970938715433,0.007591240206156424,0.25152039684924854,-0.6109156058659402,-0.7711298654616456,0.2552574992047896,0.41250736145366385,-0.5863771012430183,-0.6163077539332307,-0.32851878066677354,0.12191245622997404,-0.4237542862283692
-0.1104245269864432,0.1581116575931122,-0.2668446116092593,0.1413955804381737,0.31558716189213043,0.20094124753644538,-0.293827805901995,-0.14648602352980625,0.330504234468432,-0.16764449819134875,-0.8788809253849552,-0.9186170915761525,-0.27462043970388983,0.38931563038685235,-0.030662738008407686,-0.8064477715729863,0.051653900214780446,0.20103851313189658,0.21363003656739576,-0.9307134002569788
-0.30979076500238417,-0.02385311367792471,-0.08820374606356246,-0.396331831451859,0.2916260661782548,-0.4779755372071265,0.036967807217023974,0.06361081752533718,-0.05246763802500461,0.07967307540281848,0.00786411907340212,-0.8146776644431521,0.9828523262821935,0.027986755051017775,-0.7400927825941974,-0.2981511256681404,0.9439026925203875,-0.3034751619072995,-0.3327050266158862,0.6177739454044864
-0.061563666038795414,0.05136081920878057,-0.045520201874866474,-0.13710077208864935,0.154728299216289,-0.4586951545465564,0.2663769541852553,-0.2101840688672824,0.11736510263624533,-0.18434847176417404,-0.19035840531718584,-0.3521509538606544,-0.9218254229215357,0.5981822558871643,-0.8351781450330644,-0.5032227530442335,-0.6533079905320176,0.13333267154114492,-0.04034643496012946,-0.4264318319524478
0.10711426685676562,0.18889260688588416,-0.28406424377128525,-0.19581761361423428,0.5865048184477906,0.15891436847404272,0.18211009013942037,0.04245579294528602,0.23779497611353828,0.021922737330629723,0.11878945975549593,0.7030273225611166,-0.18381756290235596,-0.40314746934671564,0.4421758423370572,0.12131403820622477,0.5993330428573695,0.41061123355964657,-0.35124116005126105,-0.05442221061233021
-0.3506506428655192,0.33130370571563134,-0.04689428183282078,-0.1072775338516413,-0.0498173743665402,0.5980924773959345,-0.4337450992095806,0.248878878886294,0.03576937602534325,-0.10928362195484431,0.6109457541373771,0.7202758895950765,-0.8488195122176414,0.8284474445551433,0.09926770959835762,-0.13678528430635706,-0.30198077540168433,0.8098574206740234,0.3701838809176865,-0.40580796141946207
0.18050192459386882,0.194154871806929,-0.042858987782832064,0.621343185395194,0.11650327495795758,0.17224952672027627,-0.11398137494137035,0.10498493091435201,-0.46076797197926567,0.15542592716540193,0.980086182544444,-0.5521759603531873,0.9573991347788102,0.5610315127669472,-0.4716135682714515,-0.08198241072175505,-0.46103376153234676,-0.38566819874404157,-0.6362914539751221,-0.7762872692278671
-0.5790929993497821,0.1982528468942548,-0.05754286860794344,0.10345899608615317,-0.027306230498013326,-0.2292128467098652,-0.01723976963790561,-0.003304564189668841,0.004559265736182816,0.029461987843993773,-0.11815858927268197,-0.12693576152832575,-0.2265286179745547,-0.16513505912218363,-0.19625316329257836,0.773608291936094,0.8499366693551662,0.03633095056678215,0.12085690593476373,0.11213899676302552
-0.4843383934987258,0.46642577739489643,-0.1184660606063492,0.14495036531701783,0.11514378989715682,-0.018440410743694402,-0.04302541330795331,0.06541740466864658,0.0884109249631928,0.3483185355279469,0.32664350794599306,-0.35600215387252043,-0.9577935674149434,-0.9482230415160688,-0.3621858113261105,0.8578527189004284,-0.03220954364686324,0.046533785598258826,-0.8920269481667458,0.8211128846542841
0.2169331282955933,0.03932170030615598,0.036292479706865305,-0.006252752544161008,-0.1669367397773327,-0.007614455135788498,0.043273369045619306,0.016170030231592164,-0.7049943177753878,0.2953973761007121,-0.3950688647598575,0.347071662928534,-0.7521143404971424,0.968064665241487,-0.8143669455783573,-0.9067795280562068,-0.2765906179558171,-0.8673678020646085,-0.5860006265192381,-0.6343470615504958
0.09325191823017893,-0.31482148467650284,0.05663474068738738,-0.021891129622464506,-0.3473739010883132,0.038449913913764205,-0.19729472956588023,-0.07807869341060958,0.19472031548804436,0.019314167602277665,-0.7917393709933689,0.9806220141759359,0.8325292499975532,0.4043929127379864,0.49511222222504103,0.2432595688771999,0.11630254620385316,0.6655507064975408,-0.6546776219948971,-0.8090821958303491
-0.015216976543265925,-0.2712268052223119,-0.14608599138776107,0.0049773474955588926,-0.02494214989872589,-0.2249507694521201,-0.03724437904269883,0.2346301688245831,0.12079365094164185,-0.508389945749401,-0.09502111839149863,0.6433519127057747,0.8425700807614047,0.6859460298782776,0.5950796532645957,-0.5125673631565955,-0.07766235285369016,0.5903365222392043,0.7468869336776967,0.7807720986567595
-0.1694011712662894,-0.10853750441504172,-0.3020723445029503,-0.2237915746492666,0.08108060202571407,-0.475475065318883,0.0016445638594358852,0.08193847284373684,-0.2761515346963127,-0.022833095564473542,-0.9000291433318459,0.4368143455565947,0.6722039047564614,0.5962784903072056,0.6202331094484552,-0.6532287463081003,-0.4733551713990638,-0.6356256771918547,0.589690483227794,-0.11032257458007533
-0.02473963660357449,-0.1865347063679832,0.031224957858961677,-0.35416395041894605,0.47631268051739517,-0.23867492424978834,-0.0065161447964109005,2.1241430595330194e-05,0.3635175825763127,0.0077369079223772765,-0.5239963087481507,0.7642044600527851,-0.35067176675855816,0.5706271941362515,0.4544679301036403,0.8190925206101063,-0.47615573239650244,0.09050202131355811,0.6925336975030638,0.6979853696683695
0.30864395426941715,0.01587723216369319,0.08942337357420085,0.00013221328005552646,0.3483272209133996,-0.4239341395760022,-0.07144592875753625,-0.04610282797888279,-0.4383146977698499,0.00302587113503483,0.5719889900799926,0.8535750429526494,-0.8408027841852443,0.529777498330082,-0.677279385896397,0.2155185884598605,-0.4448305886465471,0.7817864159330901,0.6497268268874477,-0.4115439331675079
-0.19365420238195813,0.27372011358498954,0.2453568513479572,-0.1635419452000145,-0.04177331615443326,-0.037098617923494864,-0.09679107274292001,0.4304750465025875,0.0015391570195845555,0.4056492914524451,0.5521793344325008,-0.8008396818306267,-0.956866744497546,0.03581685278102187,-0.4565504697570628,-0.5611634389868503,-0.05818971169881837,-0.841902145554654,-0.7990982963884457,0.36422016976522453
0.21647259759143417,-0.05916602136831095,0.08768435483457317,-0.20915656924294285,-0.3029407646879134,0.15523977008850273,-0.6456496985995035,-0.24355813945665422,0.045962274514035395,0.17914819618560424,0.9004861095777501,0.017453327530283724,0.9089659257836531,-0.08898037540289883,-0.7329481502210615,-0.18450935422267012,-0.9935972118422025,0.6286283802285162,0.320383382420399,-0.2174174051181399
-0.42050266900363475,-0.1452963335650122,0.259658112891183,-0.10720859102231829,0.09341995528395106,0.3469245638931236,0.005020359197470903,-0.20149840670376407,0.11178952215519115,0.06924703440736103,0.8358368958226046,-0.27113103436349384,-0.004027070238294295,0.31339129175748215,-0.5376967990275134,0.7693374568951228,0.7912898349916744,-0.4505737151618081,0.8334904711668396,-0.6440408074256747
-0.017912104535923318,0.02242383185198389,0.005065311709219644,0.008673333463760216,0.7776339825162891,0.04946687726530917,0.05341360110981558,0.19782836986693317,-0.031580208377318675,0.08382714472287463,0.12311048899451671,-0.9788755476792288,0.1237115546654588,-0.6573296443454943,0.04938530121890827,0.38524772899042636,-0.5745109003920601,-0.9415955589747131,0.6363496751165907,-0.6573685871063542
-0.02048516902283709,-0.21568080025795744,-0.30770346629357015,-0.16866622831339184,0.02126823288490226,-0.04297243622203953,-0.0032277008205047752,-0.5702285035373368,0.10305079714728593,0.38444786294628003,-0.3441008862203849,0.3088815802393634,-0.3345393063179274,0.8492330017200465,-0.762976963830952,-0.9837726318984874,-0.35877938370266027,0.4795179840458015,0.4108825365153683,0.18495281516816808
0.0975966218241538,-0.05884021465216027,-0.044258442291838694,-0.26544896500591497,0.5985904863189715,-0.021411167061376968,0.0408415872931321,-0.30319149945215,0.0605092454458146,-0.007720887943888394,-0.8882685521602411,0.5330162018943283,-0.9529952468695395,-0.4417833580654442,0.1569425363567052,-0.2932645730809036,-0.3300414100052871,0.2798411707988069,0.4690241797589181,0.6020314508784985
0.5910716009627551,0.015545830863148532,-0.35742999762542754,-0.05363139963925921,0.018384753672941116,0.08980490881408494,-0.08060156399595425,-0.264111755277903,0.10175640348896998,-0.004741803065857406,0.4541570860088844,0.5500821562004872,0.9647899071787678,-0.6184815350226114,-0.9905317912805027,-0.865041730651672,0.4777509395272168,-0.7625208878889702,-0.008023708972301424,-0.11836926803249326
0.12160060010090507,-0.15705228429096685,-0.5007418735061985,0.010967670977033862,-0.17293622870286068,0.054339494426783146,0.06301508337528529,0.32762626479793033,-0.08218640159683754,0.10463601944697248,0.7161330619705901,-0.34229859664948026,0.9109799262805811,-0.9521019051484696,-0.38952441065379584,-0.3217716935136963,-0.9830214463397646,-0.6057357966249448,0.4677074539342385,0.6980789839168047
-0.08327220839292865,-0.2615830168246236,-0.37387365305297005,0.11179273437988761,0.1569057873443313,0.08388673839163503,0.03486345649746085,0.09185654927323444,-0.044987319778245716,0.5824392152707984,-0.2614483266745069,0.4814510156671232,-0.7289533846404899,-0.7194005385154858,-0.1218431508916531,-0.6374068456299349,0.015388240953716492,0.9403205289950038,0.3296332744142578,-0.7517013016231
0.059012811214616656,-0.4172978732973498,0.0010931318141368766,0.014747146688584227,0.14824680876545065,0.12022786596581458,0.1426708588284442,-0.1059942174353683,-0.2199063787278273,-0.5647418009130891,0.8861346422718417,-0.780096164739339,-0.19314097422291954,-0.6794554415232035,-0.30561278204081677,-0.3997373643614506,-0.8444364917922962,0.8419394620005656,0.058879865256110886,-0.7126821216169423
-0.05159341913544759,0.3525998937330267,0.41104976339942434,0.028010328175867023,0.15870352135970137,-0.17654888981165584,0.06507017551373107,-0.1946846886201943,0.02196448906001819,-0.18241665924406164,-0.5562959744999543,-0.003580931877349869,0.8165049179096562,-0.9078180470314481,-0.4185800023650872,0.9451542859181907,-0.48796910334146215,0.7404844493911971,0.5705935938720887,0.7114536500486355
0.03477244202132301,0.10250931174660877,0.5375139040135459,0.09850261744904777,-0.26230821702341434,0.08886114264261938,-0.3581246037713163,-0.07692525569283604,-0.03364528483233298,-0.03406052112681046,-0.6386539150979103,-0.4988206791351568,0.8496323220050481,0.09685735522165095,-0.02891445616999122,-0.6068293533899549,-0.011844476118520797,0.8625158319634207,-0.4912496488347964,-0.9123561891292664
0.024619948141301265,-0.6183165777117702,-0.06940064287811082,-0.016169045840163265,-0.03744195673042831,0.1528441857595949,-0.014751306743448947,0.41180450330154295,0.003674864226774488,0.014090276584774242,-0.7442035476908806,-0.14578360447448602,-0.3885600542207095,-0.6231404865164496,-0.5971354850572499,0.8983434305477944,-0.13396299410573254,0.01846336062877052,-0.8150344798613203,-0.9432921452113265
-0.0013939002810471127,-0.041663559223362526,-0.711352100322741,0.32054990070852474,0.47905342432768416,-0.018298325211241053,0.07694423485414241,-0.01593407959930646,0.01308082054632765,0.007024159896554494,0.2560858084149853,0.6820005082606595,-0.2612766886702109,-0.8032726831549328,0.6649154595106301,-0.19066550071589972,0.8622640311876981,-0.4344745073023888,-0.47784487472540493,-0.27550604297868664
0.5646987566840123,0.07212305291465204,-0.10642962357573482,0.057752043427417576,-0.17565203609063346,-0.42984761967228113,-0.07939575747540731,0.23382721134558831,-0.09566441795728675,-0.2708379412117622,0.4974254698721208,-0.5754973916180199,-0.7002116732909913,0.42317636376695855,0.38542155144764445,0.7166257662478013,0.5738511108105775,-0.21782302768869366,-0.6345043321669199,0.3052882001916579
-0.37399555913563653,-0.02982872532990223,-0.08321051992972917,-0.4876321614631157,0.03599010537991365,-0.1074275129289341,0.27456078459292743,-0.13134449170727747,-0.07932375279385087,0.0718950210742435,-0.122530420321739,0.12287745640397696,0.5476732580192087,-0.7284282326243421,-0.654344001728596,0.0017843974724598421,-0.9177502110118727,-0.1585023174900071,0.2219277474653656,-0.7192630608369521
-0.09302928090522412,-0.3165060360764591,0.5809601124529012,-0.006289671767669324,0.03207432824674958,-0.0005304737257339903,-0.10017510752949302,-0.0019396758856996266,0.06887555774586233,0.18541559871865387,0.8493283005132666,-0.620416800151931,-0.6491585870086716,0.6151501936596153,-0.8463087298901002,0.4783753911401012,0.7246561864452528,-0.44594858699359974,0.08064548783499825,0.31882412889092127
0.08180710889872463,-0.07078468240122626,0.21309004901550285,-0.08183813344221302,0.7860136809796126,-0.012297422065877361,0.45272036435179974,0.006791396034584424,0.06101371784579693,-0.01427956395759132,0.7112052005282059,-0.2657175735290225,-0.3645417458722664,-0.5945727641835405,0.0366514522021999,0.3493825931750001,-0.07628791112375,0.6739844781782789,-0.9481716252220984,-0.08524090125138928
0.08838236747150274,-0.415907436382431,-0.17290488701163742,0.2232096773215404,-0.05168540764864005,0.29521156945227256,-0.31130103789503055,-0.1815717981841809,0.16145914996999966,-0.05052707038808418,-0.3367025049719423,0.4555046838226102,0.2991350985650405,-0.6351866937984854,-0.5120078884412718,-0.2897997605498379,-0.30265276256883666,0.435809087369019,0.572129854579849,0.4994357338129398
-0.1114382736221804,0.5761803230226326,-0.21420208766298776,0.09193453866250667,0.04474407589464807,-0.014640387794087384,0.22379000956358164,0.3816823265075945,0.03923349292301154,-0.2995844273946785,-0.011967750086176565,0.7599826898752591,0.8606292894310936,0.4216368806687061,0.460051814416381,0.6261782854049556,0.7705831660365212,-0.5539644896039178,0.7461976460210304,0.6019464638152039
-0.09181647690390599,-0.007585994023742014,-0.2023948581634999,0.0026738238750754657,-0.7467439286199646,0.01406448137354542,-0.058905804953320456,-0.11115016880749179,-0.0012352799529601333,-0.18749805289894336,-0.39985923222085806,-0.7738343721069638,-0.48298583118069716,-0.9848213789714733,0.28258780391816485,-0.24336599516762236,-0.9033420898885631,-0.4397466691967271,-0.6220626092732529,0.24040169728689165
-0.01558581730213398,0.0385497490517977,0.006292345352389782,0.19167678879745606,0.531563694472921,-0.28792040652956163,0.022375117261260208,0.3666364093923608,-0.06568246208262873,-0.03955625472953817,-0.34135681069810486,0.2957607756688152,0.09210816958832457,-0.5465157918730841,-0.06498978949805556,0.6988947015494409,-0.15330700159424238,0.2628044389538877,0.658118674218992,0.7169433452354232
0.053613653439015994,0.13087964885291564,0.724284291544049,-0.2974337333730485,0.25862826656103166,0.08980632489436646,0.13252201002656583,-0.11560823072719476,0.30850017406887625,0.029733447146719882,-0.26717514432174805,0.8366153542571786,0.11088042704684531,0.8758326195432162,0.7786315138477884,-0.2328208238696563,0.5320335176522364,-0.8340050917625819,0.4961689027596996,-0.9956973790077908
-0.00976313211551369,-0.02938172230399303,0.4472581450104534,0.034457540980135815,0.7541681918492488,0.05603365671213198,-0.0861064091273025,-0.05408396072778446,0.057741189817627395,-0.11826958242841498,0.3196924795699756,0.5534474125829418,-0.5523286798990876,0.36948739435730604,-0.44766448964264693,0.26459552282146914,0.6257244342871207,-0.3064934940930961,-0.22897761125144767,-0.8393660239847194
0.062264126710598056,0.2576752765325695,-0.48455535003267675,-0.15014748648279508,0.41324916044174076,0.24024353865187723,-0.04488124930021303,0.16436922995645317,-0.04711912880526725,-0.3406597108350083,0.6164029670113533,-0.7122084281551457,-0.9889698812360512,-0.4592987434157427,-0.08489888174092375,0.3761535733564725,-0.6843679029611218,0.7982275818759927,-0.7307752972790262,0.5907882272294016
-0.2478494396686637,-0.438218329191446,-0.08161059747707855,-0.007617763883768808,0.3369767917128007,-0.07867814022829067,-0.3008786150861927,0.09399139756998598,0.3552980125837274,-0.07154088158477179,-0.23790314280136204,-0.4460376871214531,0.36196992140817863,0.14271606940610204,0.579347789773387,0.43656852652940836,0.4365210049362429,0.031200327721065735,-0.5686315337268355,-0.1676149127060187
0.5635167604262542,-0.27223621258045777,0.22861939619156013,-0.07446660206084106,0.19054808031446524,0.10626400081074674,-0.028628595448968744,-0.3285963150900195,0.17918314592042323,0.08952307146333281,-0.7898108560573969,0.9764049146703904,0.25847506100635376,0.9840797328894297,-0.45672597800610504,-0.1624560785000997,0.6013647976573291,-0.30121391281272847,-0.612817877979644,0.535686029002141
-0.3663897577170996,-0.1505035351431771,-0.028506952805382346,-0.20378565206779883,0.04737295221692572,0.22603208241149253,0.056202199175996004,0.45827288420490336,0.009496162155333554,-0.22659201925261904,-0.5021002294839156,-0.2034350384245216,0.6872638703324512,0.5614433244734787,0.5825386819073886,0.664239363496101,0.20795362302319953,-0.087130555963286,-0.35526554295039503,-0.19980879966398946
-0.29651725287838887,0.11698737336303114,-0.069580486823832,0.04641481454126464,0.5486121219071409,-0.045434972185363645,-0.2750145474284035,0.025017458181572416,-0.3430851872766386,0.0614395662660652,0.7650591947709415,-0.7490643667348957,0.37737434636226275,0.9806453489060618,0.07516033032187242,-0.612687682147756,0.271407789549277,-0.524230899446529,-0.7957556030663375,0.5072590632700287
0.040727252726511315,0.36188565196919936,-0.32802097877424324,-0.37988078894762084,0.28030652226639485,0.4271155380502256,0.09549805536109862,0.3487418417000946,-0.2203588640020036,-0.1116544466121809,0.7693232865342832,0.22106885915261487,0.49428517664490834,0.02772291905145763,0.25397870894348973,-0.21112462905871676,-0.6722742931031382,0.6626463240887908,-0.3699102001796064,-0.5461462485850059
-0.0983724455838726,0.032809847793032164,-0.05189892540898909,-0.5828329668451462,0.07020892654753674,0.3739962113318446,-0.41074764090106136,0.19379433699302576,0.048041673229453796,0.0176608889756564,-0.07738217921253221,0.864710693306092,0.43734167006123004,0.6269576964387367,0.4803923817831117,-0.27413835067807324,0.13336711892233066,0.9006440865403984,0.41967481291905084,-0.19405152224162903
0.14918284602905857,0.1391539876359571,-0.12951601208514035,-0.07612125166880865,-0.022036413415588513,-0.18937210123845252,0.6406023967303817,-0.038693323561940746,-0.05292527735644298,0.07129885748131026,-0.18277915299241698,-0.721885489233189,0.9119961894749928,0.8202426976298691,0.7019703594952897,-0.3923577729736847,0.2507865260386868,0.19070438952423308,-0.19254283291959595,0.40246976223906206
-0.14651336244621155,0.3647238296658684,0.3561691137784526,-0.16087256614734421,-0.04407563786459945,-0.27914375951639925,-0.11251006406568712,-0.22013317153974304,0.19972369986158392,0.4406522500839348,0.04852732529702619,-0.6939328442077142,-0.32978865222491494,0.33842920418514577,-0.9014375132977364,-0.9569501315843987,-0.3175952122324863,-0.5616688206266878,-0.4103259764242171,-0.16788433116671353
0.42901518586594434,0.05153818234977564,-0.15990055985466273,0.06105719797116682,0.26407528490048937,0.09355872251674652,0.1080439363390304,-0.1567995498074447,-0.16681903101067874,0.04424586600655833,0.2469533984740162,-0.23512090744884628,-0.32748111281980186,0.551657530959131,0.8244578559208449,-0.23308701577404745,-0.3617851723425731,0.49669137655736506,-0.34557961304409246,0.08176447639098283
-0.23049657435575835,0.25676663550680406,0.10819933516063512,-0.280089399716995,-0.04681024843561477,0.20552869820788014,0.025802666804686902,0.5331941906932476,-0.0494642383896704,0.2916697759124407,0.9740232504048272,-0.7419850719723842,0.9387271508086725,-0.7231240398714041,0.7695315398583864,-0.7003087157888825,-0.6792928119552737,0.6836741760969076,0.8435207128457771,-0.47543794156431085
0.4345893341222429,0.04620845813112889,0.14932153732674489,-0.3258550940785429,0.5082812148475956,0.13385612072714714,0.14209058134546276,-0.10515839583826639,0.06843798110888999,-0.36002586696192646,0.051362409153751676,-0.6138683520491706,-0.7814777339994692,-0.9871486339171212,-0.15957097260407793,-0.44130581941920655,-0.4288941655197873,-0.310494837132816,0.5334342048967478,0.760459069399255
0.1572151842768648,-0.3541678716676148,0.02765136628390192,-0.24923799364872457,0.12141820431016215,0.09891429885709205,0.3444989345085899,-0.027361073806118172,0.03231027824545211,-0.5501022787427546,0.5709822911722437,-0.40453519364274415,0.3251520939332635,0.24716036892461313,-0.44619352421010006,0.962421360700348,-0.273782535698301,-0.7118176855972678,-0.4180402560259089,0.7107735839978244
0.021537135461422587,0.13796898109653277,0.27407181020838883,0.267088112200634,0.0086592685701725,-0.17008622838709248,0.29756761928561626,-0.09642173597342717,0.4290616666176056,0.05325899311449457,-0.07286147529710396,0.230737011080415,0.8237568255720467,0.27345670593840987,-0.40561199005781234,-0.851362874811812,-0.9230583565436012,0.8592391414108482,0.6623529425235579,-0.137064672110927
-0.10573973390212087,0.39018252143752785,0.050153789341679564,0.31397031570974854,0.03221313976278761,0.02119551860789204,0.027330037499935296,0.022145405964442588,0.10748193279607195,0.06983647123116714,-0.4733544693958949,-0.5519614119226461,-0.6208101904111842,0.06798349514986635,0.22961720545230024,-0.6025934621177165,-0.7181586538983762,0.7264965471885225,-0.9624999804647307,-0.3778940549702281
0.015071819838288036,-0.10285878791891401,-0.4292197348922504,-0.08587606197735878,-0.017091085444256082,0.1392204292584766,0.2076971498052972,0.03142190803670877,0.5940290938919859,0.03136890764379416,-0.491118397830399,0.10926560451829648,0.8815336775901195,0.7478238005113771,-0.07300677475492279,0.5156689412814264,0.2227948706385714,0.4786766440764496,-0.654882372004119,-0.6353440423213297
-0.0288581600744718,0.3097185983780122,-0.39177301992111546,-0.09254034566622774,-0.2765953472974388,-0.09995971799274306,-0.03620545505981926,0.3582123783434461,0.03649817594453842,0.027541240044633444,-0.10993288748755847,-0.31770007111889487,0.818446785716447,0.061340128447674,-0.11122859651627026,0.8330724066769764,0.9656050453210328,0.02727841938829756,0.9981437379440083,-0.8124307450378694
-0.10249587818003233,0.3517829419157332,-0.40397946230636533,0.1616684830918509,-0.2167635859959583,0.0024036229590201907,0.013432090773884575,0.038802982194058644,-0.19069007128581889,-0.019224350337132823,-0.33846094239076363,-0.744055228685899,-0.4581567848804502,0.4736554451554691,-0.6592591816428213,0.14637534833371357,-0.8817015177012646,0.0863871071150093,-0.6510983818442848,0.9483620703362097
-0.021463298155106947,-0.5112589298860596,-0.5502502801498599,0.028465409220228687,-0.0010219278515007577,0.0008001748858733226,0.05800740797452825,0.18171363193799356,-0.2020439623003823,-0.00702774029517656,-0.7966042775667972,0.021760106829108894,-0.10909199423924609,-0.20807150414264952,-0.6565652121540246,-0.9519206639653521,-0.39589900635493236,-0.706228354238297,-0.8858242210488547,-0.7719950688047472
0.12020226968882125,0.5642624577684461,-0.04630641728744103,0.3153661020555857,0.15374447440620276,0.021948827845900354,0.3752470944738456,0.2248892911227161,-0.014919667034054042,0.05514044542761007,0.5024814150705077,-0.37641448008257794,-0.2394463813515808,0.3916994524552291,-0.46897500668695913,0.6610536335504344,0.1421150943136047,0.8019899989990993,-0.8706203838328643,0.5267655803860334
0.18924767740540682,0.11601177889725062,-0.17428395903309402,-0.24170191897828464,0.29767426012080295,-0.3121666365979841,-0.24749029089854746,-0.17598812751937648,-0.002759829440669659,0.13085156757785,-0.8137837153238239,-0.10351271490986957,-0.892703369119368,0.6861711365575744,0.7145501026283807,-0.5165471920068037,0.9105747662958239,0.958579523585465,-0.42364017169842483,-0.1344448315500375
0.10546271438991509,-0.21737521238184648,0.61812172702264,-0.019304249959158262,-0.2019296732764017,0.2136161987198124,0.06500896338038306,0.30092840972623774,-0.0998722439855873,0.1346684894919697,0.8818357199113629,-0.06981831285640672,-0.4616342656060939,0.08504227694929822,-0.9062143530469702,-0.7206761164411832,-0.909744740733593,-0.35957678505706747,-0.12812248536321258,-0.9515978565462171
-0.019172640645288494,0.22207112138367913,0.2514808285816118,-0.009942112214227822,-0.005649982917464087,-0.2355434096836734,-0.029317319394085797,0.4766448001552973,0.3687903855624308,0.31576348216476025,-0.7829631683712686,-0.04889241248698073,-0.7922946331220568,0.801753242303789,0.760101625677658,0.6728089628793119,0.8158729725526974,-0.24683361289717443,0.6718935858523427,0.26158427994468747
-0.705072992942618,0.31724469123072363,0.028816504692543425,0.0558672723876566,-0.00042536313153548194,0.1296697760318272,-0.07093161778801957,-0.018719409844406433,0.011624388278377182,-0.06759135691356051,0.07183669903485401,0.3311837021060344,0.7399779289072208,-0.6460658594502435,0.45512961299927257,0.9004335430534172,-0.6910565790943175,0.3574427831009075,-0.7495114202195532,0.930631377639473
0.26077393380843383,-0.2334514560266309,0.13664331388290607,-0.4335532633830719,0.43660529218129596,-0.11766759503830701,0.10002129299590895,0.028896368201724365,-0.1654523028826952,0.27361401227378856,-0.13959299617951149,-0.45164442625082213,-0.8001773922487594,-0.7202028268335059,-0.8793802869662006,-0.2770131421358617,-0.14517140474119583,-0.1725355557837731,-0.27211356409416143,0.5667286443682971
-0.2738371442311842,-0.1311151365464463,-0.4538562849947816,-0.19201573219966275,0.19213145535025233,0.005328405135854315,-0.026551355835413626,0.47526850671807974,-0.24580870808216887,0.13576503522272426,0.21430478790209428,0.9267607917732807,-0.37462420077487524,0.2855319798640912,-0.13154493697492464,0.6159147341497906,-0.48990290709240436,-0.5643019307043049,0.5461751226796359,-0.45115280728030527
-0.04808294114687163,-0.22238272851041704,0.08447528712189989,0.37255352445765233,-0.2227022128238199,-0.12200966458646367,-0.1084128464585562,0.0011197818880845922,-0.06991821321832663,0.561807930482174,-0.28994298970398624,-0.760068810193391,-0.8811891421574769,0.7889861520180297,0.542004294393182,0.38849381755851464,-0.004195233012588506,0.4340352192626693,0.9428788649198032,-0.7863646678491529
0.21073387813539135,0.1731834603001872,0.4201246863507584,0.06752431843557638,0.5444741678093267,-0.18223944593601163,0.026499669743800136,-0.12007335815926307,0.04760438797420506,0.06727923356625426,0.8869563998598482,0.3808709875290037,0.9343405955938213,-0.5999968844670587,0.22808221371101034,0.06692901245197813,0.19190139299590858,-0.7573962483406746,0.9125555950675641,0.976180931190306
0.0445844979999504,0.5704385686362121,-0.30339080051595674,0.09278215015037494,0.027107235191971057,0.0005604164840455339,0.2304536090549425,-0.2297158921753495,-0.12291132283209705,0.014155000229666537,-0.08615774873975024,-0.702132995388179,-0.1603499056926594,-0.8784955878212288,0.9402050715563304,0.5109010681124428,-0.8045498701787759,-0.7540985010931429,-0.411197463075875,0.38714555197791634
0.04040670873380156,0.04800186281524835,-0.1571629132268133,-0.16643857545881166,-0.3822491316596216,0.0219122314041921,-0.023841074155176417,0.05365188973024024,0.2701153174952219,0.2844768513798243,-0.8525640410804705,-0.9150272767327012,0.2854025436324952,0.4035788382047385,-0.027131809907286586,-0.6586631029216212,0.8340578589212542,0.6558008906920214,-0.3772866388829965,0.8062252969503245
0.1504582244634066,0.32708999141500716,-0.008452060518705892,0.0024391900929216295,-0.226696498277185,0.1816841485994633,-0.1976336799374674,-0.023271610888232583,0.016422069606906398,-0.008675326263173078,-0.30223974534632103,0.7912656115459487,-0.3053931912274723,-0.13272962938695354,-0.9125958247009684,0.26426636712472074,0.33199321896144096,0.6449189194751657,-0.38722826534998833,-0.43814487702419314
0.07762366281450311,0.036121178553157274,-0.1221659636842695,-0.03364900002022948,0.06141957475969294,0.021679310050333495,0.3009498671853248,0.00787651922264282,-0.6763235325032944,0.008408219375892794,-0.597513741375431,-0.7789496637830686,0.14693089202812026,-0.9715335037185207,0.9523127139031975,0.24854390256932013,0.5666214667593914,-0.8133261711920741,-0.8757262739666121,0.7834959469657459
0.3803237051093503,-0.17856533188213392,-0.0013061205576927817,-0.013733560753419444,-0.04365789633396207,0.10863695627808877,0.3245186463522238,0.44180787903704,0.29645935024706327,0.0067459735423297945,0.29146776924625395,-0.7327107381835369,0.6013304765718075,0.8524922355662816,0.3209255481714921,-0.17547602888928182,0.6008905775330504,0.018363763658101995,-0.8578386347413356,0.7994002547535068
-0.06209199898361409,0.018464534708809453,0.06709376727579762,-0.04208442174253074,-0.7485582641637093,-0.2330220743305864,0.0065354821485209685,0.19425635358132995,0.01123942515487017,0.04173356179550666,0.796710455680705,0.22211420741970223,0.8912704125732998,-0.4465601828427228,0.9831782919049454,-0.6555653856369432,0.3304922842574254,-0.15647316532758437,0.18452003991918886,0.05474737065440438
0.7700458148045223,0.17942238869878158,0.09725230308571586,0.037733266069515124,-0.059103392984810904,0.07882111657588473,0.03720755059281117,-0.042218276906616364,-0.001888963781446873,0.1435270456359944,0.7251532873032818,-0.13200400479713092,0.10075021506704429,0.8394805870108113,-0.47908463376540333,-0.47900709821891807,0.6727476922116862,0.5317601342042102,0.3864467355489545,-0.8588678587666108
-0.165851762394362,0.5279133183428422,-0.20751170248361972,-0.40874437624442816,0.20842632179818354,0.059642044926527214,0.4628887701455372,0.1263556723045837,-0.009600717489057206,0.011754821881918332,-0.5553800323728844,-0.13612685373195843,-0.8472772723068438,-0.4435176739325497,0.0589644130527871,0.2842290127333136,-0.7153351358906104,0.8301098988252542,0.6862981225286626,0.6511834094077209
-0.04482993159047352,-0.017704262881419748,-0.08532765371391159,0.007180764216642505,0.11508840574833512,-0.6706522247787297,0.09966016075485601,0.36304307668710056,-0.06445034826881527,-0.01617757339460578,-0.6652164613744074,-0.8364093640302843,-0.01306507273631552,-0.38895644169266586,0.3859440720186782,-0.0739346629218629,-0.8871502551706973,0.44364000523996117,0.6687460287416205,-0.3642725390951367
0.3741683643992487,-0.2527584565419964,0.5590194281788701,0.09813986344370157,-0.004801661134997123,-0.0955171134238709,-0.029402231755395802,0.3518314208823555,-0.04702503438167728,-0.014610603155089288,0.047063855008966815,0.08126315285058894,-0.6507952869392897,0.2867362682774752,-0.9859762691892942,-0.10271705029517797,0.31259897712177076,0.2673226333047847,0.19140158296012522,-0.12828614085183032
-0.024791883918766272,-0.005033858750023226,0.24025668337865147,0.0007850209054099597,0.004753025229655129,-0.09595861457517396,-0.5674408149216038,0.5680626741053759,0.007238256573408628,-0.004445495773949086,0.386600850102893,-0.24884182194165216,0.08024447781498045,-0.21424840914050325,-0.21668020963576073,0.589299544054968,-0.3767869453014854,-0.06614633834059225,-0.8219293714753229,-0.11041367835552429
0.04575072044130579,0.12629351069362618,-0.025178971748803042,-0.6845901467943482,-0.018982668775129285,-0.01582796674552872,-0.20665942152728126,0.25702185009488254,0.02946359436472533,0.02845664512400009,0.6949302369101038,0.912848671591153,0.1963741645994883,0.7243546156903156,0.806541180367822,-0.22164040305756294,0.6775471143181238,0.7191476474233032,0.7077564133908989,0.12693553735114937
-0.04735439400059806,0.11723806649386478,-0.1592998435038656,0.07280513531673466,-0.05173140516162135,0.24083697488202804,0.05265596070462875,-0.237626106069311,-0.07445614944706336,0.23768836379649094,0.8831332104494387,0.14632797231668926,0.4827487564117887,0.3482529592984063,0.4479129035647609,-0.42708735182075586,0.4990770493203973,0.6978082537468795,0.4414859943505609,-0.4116927749871522
0.07468639522261589,0.2089477287129936,0.009377555261589843,0.1450539747106542,-0.27699253835151516,0.05910997180535582,0.1273996549088048,-0.3051356234262814,-0.13935691770842618,-0.38488790260407035,0.4096146182933902,-0.9453420997960265,-0.24215280630990899,0.8526147714868151,0.49092656515819577,0.34617037426890107,-0.7440378411974089,-0.8127582579397667,0.03569798332077001,0.1811069033566861
-0.07094822341888003,-0.2366911677768539,0.04221240660733172,0.06349517910903157,-0.012507101037528745,0.05254934683419052,0.4619048466599321,0.18287322410147472,0.03783858867727913,0.5190328518390234,0.8065773434650183,-0.024649135307961867,-0.621984450017433,-0.05724927823102455,-0.45029181808239116,-0.9641170712220495,0.22672417432901826,-0.4509109232073698,-0.7527055143608625,-0.9208784916327488
0.057192509782990175,0.0637752197597953,0.02623772662211546,-0.07603397684498782,0.139512670674469,-0.20787532807552744,-0.4534246235310281,-0.11631891378798362,-0.22298034483118748,-0.038145782899748834,0.8820414110513572,-0.8404970651033028,0.4257122124755126,-0.7459718392005901,-0.9929092031657885,0.5739941101991166,0.15086512738088698,0.25257143590942954,-0.6276502592707469,0.9613604786308019
0.06730979994771165,-0.07098139030059156,-0.09431931819580912,0.058960365479620316,0.06139929466213282,0.483552809970053,-0.07329716108229997,0.07209464829980151,0.6355213397183008,0.02321661703553272,0.5366176106610174,-0.16659984769389902,0.6413301508678211,0.6287983287985752,-0.8880312808317437,-0.26816387908226513,0.7036561912210095,0.38156316404657176,0.7940237392486202,-0.0256225184338994
0.1425325390862805,-0.2004244331193202,-0.2577890892066731,0.15135865296772205,0.10508679868854924,0.05269837498865576,-0.575612683500431,0.31887447534193064,-0.0357223672800065,0.08164886523580456,0.3027931455093964,0.17218328068537092,0.12248457060879381,-0.7281146375009679,-0.41897240496158417,-0.3336433186782406,-0.2109695710845647,-0.658395509825866,0.6290138964158294,-0.19322517242385318
0.03352896762532087,-0.010176992001413601,-0.25178133354710225,0.016516907649470634,0.04481915218490687,-0.6297727990147247,-0.3011148327625035,0.026034152135824537,-0.0016868266664502515,-0.09474199346321538,-0.527441240983213,-0.5743536524825692,0.44639661642975814,-0.1258831137054348,0.7022005310043467,-0.9976686872865412,-0.7224009685739785,-0.4348978434357149,0.3736856783530178,0.16891647630071804
-0.2498645595855336,0.15507567067687872,-0.2080561579091329,-0.0912526214039324,-0.2322246577980784,0.23201132978958683,0.09352133846700605,0.07635326277309212,0.6696251067790736,0.019138484233467312,0.6368254982441846,0.44072914268922236,-0.9800926864617463,-0.07816437246417718,-0.6748324242723218,0.40160268137495714,0.8789997542325241,-0.616340674007269,-0.8498823775689623,0.7168347318499437
0.03217990842572631,-0.20580532772737942,-0.0838532354400377,0.23579488514617042,-0.03897480033212486,0.0447197520402412,0.7471938370149743,-0.05169926912145827,-0.07726880254070867,-0.0715292548217446,-0.21222782298810228,0.7628715307835945,0.04777697200739861,-0.3721769384626572,-0.11649032913274149,-0.8812049856437827,0.2627845724866327,0.44775386441460197,0.4892721398470614,-0.15482658506120162
-0.12242905809151758,-0.07849427835233025,-0.311416113001758,-0.13998254786538694,-0.11357098196920262,-0.037603055907637774,0.49672234282732197,-0.02207455711294598,0.3590853594062398,0.15970691183979913,-0.11256083248765036,-0.9719203706832562,-0.8021772561059488,-0.42933109394872293,0.008407560857190521,-0.38420325430285085,0.4490929976794573,-0.17465347686398136,-0.08896398189398846,0.2914631919689097
-0.029220737800388093,0.16020958212749198,0.8201574403631088,0.05391465261659786,0.0008712455975770758,0.023787274154714745,-0.1191340120813934,0.00024909428216348534,-0.015186589703478796,-0.07543170730079389,-0.9190873359946741,-0.3035706791293631,-0.11338762040079975,-0.7446364279474234,0.05967712523033253,-0.4627671365410311,0.08853767909161925,0.8300532539639762,0.35404556756982064,-0.1894901479693658
-0.22047485256427793,0.1391710609711217,0.0989333273728385,-0.08607268410070751,-0.13673789402022296,0.31532515102837344,0.11233481669627882,0.17360090110688736,0.07775083916286535,-0.6756147302877451,0.4292788254083515,0.48791102868214065,-0.7763640420812252,-0.1516906373514837,0.18578598367288723,-0.47342391468645895,-0.2462165197841908,-0.402877762799815,-0.9739288025447763,-0.5956446970059375
-0.2670957726939903,0.37364238925811427,-0.13629671861690582,0.09682569620364789,0.21543930472673778,-0.010530164128365327,-0.5735871040091602,0.20983449352888894,-0.22565055504010767,0.34344918378587874,0.9084895925721046,-0.5395904713468354,0.5306375061543216,0.8619861155568236,0.43527004184988516,-0.8358105863523908,-0.26932368904016224,-0.060789029024268526,0.47848888518701505,0.39065080191976853
0.00651994489935856,-0.09598848527684484,-0.30167282837815784,0.06373665270872517,0.40301771479267356,0.13098108111073192,-0.013568549972788132,0.020446394351321846,0.07193625888816699,0.588741460774758,0.6239825634249605,-0.9264890593662407,-0.13252193596757644,0.5269969309560028,0.9589418377102887,-0.6442516500233939,0.6307527659718373,0.17986312175423746,-0.2260169769162359,0.7206961870806226
-0.08021951872115238,0.024239523948478836,0.10523680941790872,0.08631509540050553,0.14406500407209694,0.470991440416724,-0.23206552634113717,-0.06811851814112585,0.04811138226125433,0.6181083692082869,0.3079972275185088,0.13745466584040877,-0.6702685023717314,0.10265238046714731,0.5957706727414704,-0.9354849335316697,0.7686090740036087,-0.7401394220406197,-0.6725841926057146,0.6750023025709437
-0.03609826562037341,0.005286563758972303,0.07469082629114357,0.2834949869903503,-0.046930582441159455,0.5348080459311131,0.18491239684731675,0.0283201341761602,0.1488002896988887,-0.5824422371707182,0.6644462199326553,0.8985390713758374,0.5485714087223466,0.47147848942069537,0.8538967831237871,0.2514866214820102,0.12591962427841996,-0.8868136725222702,0.03733388270208149,0.6154624462137979
-0.18632712953558916,-0.10227344226569972,-0.232167536920311,0.447837415512357,0.003694064921446076,-0.04679910318920111,0.13487963884562676,-0.003241515848937615,0.22755180289728852,0.5073341516579247,-0.2991196589124594,-0.9678251102266566,0.9738698653832965,0.6753035254473203,-0.7716447786277907,-0.05158485874834451,-0.48070795242768716,0.028094337336664443,-0.8999036190709997,-0.40392046639399215
0.07042491837299802,-0.2095889922821983,-0.26713405312091276,0.2600233072431905,0.18887347767993323,0.3632878917987672,0.1187790961775097,0.5292932037532632,0.05655560141559568,-0.07604056494359843,-0.33740528093231426,-0.15405062794897617,-0.5198891898004447,0.5708540617551758,-0.6654892350013593,0.6202388517274096,0.2130143147418615,-0.2574794165870302,-0.7201269929133329,0.5413239834315593
-0.08079994788974673,-0.15324235282902596,0.0374990283742887,-0.02228533769937769,0.15058487555195227,-0.1152855129490396,-0.07968829348149956,0.4410769733215005,-0.5274992220657291,0.16202776185728773,-0.32567285821462266,0.6450511005130284,0.6282208207048039,-0.52146988220287,-0.3890320547116035,0.3798293944827431,0.2250900614903304,-0.530428237642854,0.31114787255490284,-0.6842349928410187
-0.09568249667707951,0.1690221030363105,0.017150089516466127,0.29211531255706874,0.18977383278122034,0.35380584315282,-0.1333244154820596,0.08787420364554566,0.180107486936126,0.4024118647234154,0.5834597748895236,-0.3091602890111149,0.12164407718214787,0.16288863679648746,0.1799260827690845,0.38403247358661563,-0.331942119498162,0.3683328798762875,0.6039385902712724,0.3873058644178766
-0.02358912905727005,0.004340301151517803,-0.6879332594767952,-0.17942737525737024,0.07745417068067195,0.015781420562234375,0.1974482688495704,0.2068612881876653,0.28618931408497145,-0.022661459092036387,0.22293522859214776,0.5727347376096461,0.6994436334656735,0.08178291712893526,0.15172357700942096,-0.8966232472504483,0.5348550676337771,0.3066243617064577,0.4478987896509339,-0.7711314185675291
0.06410830670769446,0.017467203755873975,-0.31847326005196186,0.00030406167588308,-0.1710503979684142,-0.7206758686084112,-0.1124913220302725,0.0794758128954046,0.05469162467602323,0.17483071171451262,-0.8921320241254618,0.028775759450593075,0.6382396678153415,-0.6242922990709392,-0.03726887854159666,-0.7712174185599878,0.40302616455550533,-0.5181340399130312,0.041875986246072694,-0.842363744373771
0.12765364772873652,0.37144616774547495,0.2314438489161762,0.09354118730582692,-0.5571820795732321,0.09568633674726104,0.49192922819606244,0.00541211586493915,0.010341393930326487,-0.018552406264253404,-0.7002476178640595,-0.2021485984938456,0.6858174476053145,0.9648138386406195,-0.7698401951727283,-0.6626656231591814,0.21321750027333874,-0.7351457191591255,-0.7194438782525863,0.5751756862496116
0.17286321781267078,0.057004821044733534,0.002786112742731106,-0.23791215843879343,-0.01269045151512374,-0.24671833650980143,-0.01403438353606501,-0.589175708057382,-0.018233999165490913,-0.005884687743797357,0.02027856304342479,0.6342489077297981,0.41861054048155455,0.13659765698824144,-0.44524535040078894,-0.678790560062746,0.333499278560383,0.3481096377185693,-0.9389736293365829,0.9032307229860812
-0.27523497803392044,0.5816643982877969,-0.18843054555630534,0.0020464414757360994,0.2353762784668561,0.003069090081176798,0.2301762632511644,-0.08324686091749217,0.008294662685150875,-0.005257349571385947,0.2910541094603687,-0.8358625187084787,0.7643939886183047,0.7485138584662188,-0.8022777729174113,0.1301868848037464,0.5094725668155311,-0.9918797208001571,-0.41989695582137543,0.7394534622403686
0.038626344853399504,-0.3248493627483419,-0.5982401562569337,-0.22203962852763326,-0.004240565152191143,0.06100485447754155,0.059688880844621234,0.2716805031639512,-0.015429899484644294,-0.25345209317399564,0.7047771932486004,-0.11502818430945583,0.8616927031961832,0.38293610316149507,0.7375972842886942,-0.49086894103076784,-0.5931417298710466,0.5664243713160777,0.4407762598257494,0.4536448378400979
0.4607060763446311,-0.020830505192448324,0.25846355202730353,0.10048568969023866,0.23244960730414047,0.045579901923986824,0.026608079965662335,-0.48617091773622845,0.05818083947974895,0.2518888958394757,0.5087446005309997,0.9368866600907495,0.25913525465705134,-0.3356856564159869,0.7243741979732456,0.04083318807316361,-0.15638019430393824,0.19239774355239359,0.3034356504092359,0.6573302580778719
0.0032479356053774083,0.10205054289055042,0.039277278549121136,-0.1088819884127663,0.10369059343478275,-0.5531325147276691,-0.17008312014114862,-0.09312560335320436,-0.0054877159282970545,0.13979293430612916,0.391352403991327,0.866766789612148,-0.2528577995180923,-0.6787246420246711,-0.9868905147603158,-0.7671177061758081,-0.4162066204325843,-0.6321174914313867,0.001622536943609143,-0.4545323376768744
0.028476695874241537,0.6712464383905781,0.11722131871057814,-0.05414177834448741,0.19537974140928902,0.03493121091686949,0.1507498264240318,-0.038160652410030325,-0.14200874642524142,0.1479196935321845,0.38732493472353813,-0.38381595317452777,0.5681220684392543,0.7290241193857045,0.6717670110303879,0.7226373347676571,0.5216371536783493,0.6723741053610115,-0.22322851951400513,0.6175629297630192
0.013974701448945775,0.2222075314482389,0.244728964000702,0.016449166969350247,0.006732622772327154,0.2645447376944099,0.10482430094709952,0.15510012058342262,-0.14847423974079157,-0.00492738294025304,0.9947174613214691,0.07340287392388167,0.56772144846055,0.80602563261248,0.5128636473405068,-0.8797764646591999,0.18536944225332008,-0.07358656716323941,-0.11944848942380615,-0.8951527803766495
-0.22631793783828424,-0.2754175994753697,0.0076063383301143705,-0.007572114418918634,0.6945663821208459,-0.020007464977620404,-0.1967060675782002,-0.0217464135242029,-0.0991260827068477,0.01489160172692646,-0.5888058041810491,0.5434256796728447,-0.3129633205943112,0.6648460185265319,-0.7629856269747806,-0.7637987720448709,0.5672911333582209,-0.984647935218224,0.48561208670878986,-0.36806437780192347
0.09476427218299646,-0.06432989364895206,0.10358650202908537,0.04537647526047925,-0.061978766988486145,-0.5935125297817975,-0.5166147557693401,0.171436839394494,0.04298447831757543,-0.02629885386919492,-0.7619351989588585,-0.1858665883510635,0.9016649883954908,-0.3501585350499421,0.06616829131227897,0.7505012287147854,-0.6778597432298468,-0.9375347060745207,0.48938940621420524,0.208714565058711
0.23691078080969985,0.47433394036686993,-0.06944727870086326,0.1647301682395293,0.11096425635225937,0.006390899923637686,-0.0984893678519842,-0.17625291993385062,-0.15161751077687885,-0.16099251889499086,0.3422556712960507,0.6303012664424408,-0.4216350644278528,-0.4765120263293532,-0.5929962795055124,0.2341329566049304,-0.6765718358338371,0.49931193850994915,-0.23606084551913442,0.3164085233543801
-0.5519469159322495,-0.10473904825199443,-0.13884286948750044,0.019662562895452124,0.019245633428658447,0.3543948984135261,0.05031960790094332,0.01012297697367312,0.06345607173121959,-0.2968446506961517,0.11859004817582552,0.9571155160172822,0.5145162516132156,-0.2600581774320978,-0.6375075364837637,-0.771111992414504,-0.8391759781844139,0.979740772821527,0.3603075663690456,0.01295727963137816
0.012908682666196249,-0.00252248198901113,0.11306576986774783,-0.04200031086179268,-0.10902342002742699,0.5207515311372456,0.14523755326300725,0.06674799539457632,0.06756778890962348,-0.48615769266033704,0.8588329581643506,-0.596068707720459,0.1267119616982868,-0.33875537267840494,-0.27924410213172823,0.3063324796649656,0.434701045951027,-0.32260625352014816,-0.9750881523244659,0.9821021689964771
-0.18786931361224418,-0.13242121490871125,-0.3258544709394074,-0.11043367393410819,-0.4841565806140546,-0.13487663303937977,-0.047374301611762815,-0.28164603736610483,-0.09768016433216381,0.2283885261477827,-0.7806776081759106,-0.6478497909105332,-0.36259006090755874,0.16834398032283526,0.7817054294047217,-0.6269618950852904,-0.6755896346957646,0.8818933972077612,-0.10664977091249273,-0.8787924140920464
-0.37188738119227405,-0.11612875725168637,-0.13663021844299786,-0.1958334176954417,0.14114988056323585,-0.31477729655879794,-0.0862897191778067,0.15750687139059966,0.4718624303999913,0.008553820778656074,0.30562933793131464,-0.014964578139523121,0.8440948813862494,-0.5153341623425851,-0.4216899961843774,-0.5712217261224144,-0.47489288529703444,0.23821478521798878,-0.6235670504826083,-0.9439329316756537
0.43081862022380857,0.03894227844172213,-0.1313495238951643,-0.1498626461160878,-0.0645016964366433,0.34514672298289717,0.11000172882321607,0.07484836202277123,0.22684825745147807,0.14485384460164624,0.8260013016644705,0.8887259771570928,-0.443790348127566,0.4722245000163954,0.6543012454189865,0.5200406018841632,-0.4120786170754114,-0.03689902774779408,0.7222895830696612,0.8280777306300215
-0.1229989737656024,-0.035748385968914366,-0.01983194217313928,0.5161728204217435,0.1711820869033372,-0.010132344879954847,-0.07101837148719005,-0.16850071569923858,0.10351724648841809,-0.20848519769120508,0.4143364474469391,0.16677694300716994,-0.08504462384241762,0.8306339772180307,0.7094188467287728,-0.2818374075930634,0.5961462191342015,-0.5350138944082197,-0.7114431141404229,-0.7749360237804426
-0.062276491860648736,-0.09063417374762951,0.5836709264095917,-0.0740442974701594,0.18426622923205138,-0.04044735924528585,0.05159050066547242,-0.1935443038779624,-0.21218867152457482,-0.19870098752302526,0.9691916720438318,0.25274812985029604,0.30247426768750985,0.4630038096198128,0.6466932311709899,0.8027997166781116,0.47632713928096204,0.8217413174315962,-0.2605481305511963,0.9453032535000874
-0.16182132917069425,-0.01006741796284194,0.14636988541186624,0.28222022648794537,-0.07992037969072185,-0.10769692448328028,0.09669326271658335,-0.03829324642030135,0.21113353564205878,-0.6846623381737126,0.5825792473352993,0.9333587446990212,0.6103755120512457,0.610149157551509,-0.9986690984073396,0.1337144651866451,0.3555323318766157,0.6869989839809485,0.016005655242699035,0.4614434412672679
0.06481521653853617,0.8242579820136494,0.08006846361158046,-0.03644703794461023,-0.0011714324520030739,0.1046780174703767,0.17859730648590022,-0.01968059852837822,0.11381405451857612,-0.12245086258602415,-0.5070736779010401,0.2381356398952581,-0.7952319047128269,0.44332275855853176,-0.8970729306904075,-0.47991230107406113,-0.3109245619772911,0.8426885540331293,0.17383521704714022,0.7525855012343172
0.3877800000496018,0.23485112730840485,0.591931163737052,-0.20639341135742115,0.04570007636905077,0.09051589893538159,-0.2712024223285198,-0.13002759754478385,-0.05794085022078885,0.1700974069824478,0.5419660745606913,0.7345306951441211,-0.7421260738416762,0.7975684662033202,-0.8738879117695442,-0.6600160767089762,0.4616195508709,-0.448409155892763,0.07899653960316444,0.8548498477497062
-0.01354411890230512,0.4164508038258039,0.03827817343544939,0.3466835679783933,0.032820687848608754,-0.15528370596505678,-0.03340044004206147,0.18519169795170248,-0.04704568385044181,-0.14931200156381114,-0.241192554638189,0.0909991725211845,0.23482292974054153,-0.15196308616023946,0.061879211588725225,0.6127048476696553,-0.832766592591258,0.8651903708213597,0.4330031372017893,-0.9537562953123027
-0.0004302407752630761,-0.03056207665302097,-0.0984923938565769,-0.19411580954707774,-0.011802083042431775,-0.007737034186377542,0.14857060314148904,-0.09356002014193944,0.2913964369825087,-0.5395678855358423,-0.04067063096644752,0.8850176877508535,-0.5514133164362234,-0.9426285188386876,-0.24888414362797007,0.08706318427947113,0.004353448733428467,0.24210379939433002,-0.27989038784394227,0.3542859595329759
-0.07704664180823322,0.27700675733058033,-0.02095892987564221,-0.08617004899383361,-0.014618505883778566,0.3495657177543603,0.6859553657466015,0.17640044780923586,0.01804131916842628,0.045655627613124986,0.8509225845302617,0.937223956289333,0.8962063347450842,-0.20889522342345024,0.9360732383052943,-0.5501421228238443,-0.38999229788246215,-0.03044693799780518,-0.41657058994652174,0.6552898265167673
0.21999213742506218,-0.029695857735346,0.40368429190403066,-0.4298454090441046,-0.00036756451407807256,0.26611682185717916,-0.020070768714835818,-0.13079206822094785,-0.2025462194328655,-0.03295024491870868,0.16428822746207872,-0.5799662415345921,0.09721237589379861,0.9039334957291321,-0.17848567412659633,0.37974790717244056,-0.5950619324425606,-0.30929143420209826,0.3539922200307348,0.2748125950778695
-0.4193043732041468,0.05159020469039063,0.1516517448240622,0.3369954864887458,0.2216803027838234,0.08034207012209293,0.19839796758166117,-0.23069872774884842,-0.15616319642569265,0.3650986748474503,0.6330826579030608,-0.6269320120822683,-0.2060537796455153,-0.12321492978120685,0.9327220089827708,-0.05461598507603882,0.4362094921788007,-0.26991534965213404,-0.5336622484404876,0.9124346535354924
-0.01899013554139907,-0.06083323977813053,-0.11668776193012598,0.328058403427305,0.6583581376529352,0.11075138550825901,0.20358559341458182,0.09916264623411442,0.10411835365488642,-0.202517969781032,-0.5170226272524472,-0.6611020933839864,-0.20861786580582997,0.5219149529637717,-0.8020650330229826,-0.5467829777426538,0.914809020441502,0.8693736299706365,0.4638168888317853,-0.7281958654396885
0.19295311758352768,-0.4564405157321354,0.12391627285817719,-0.04265175749412281,-0.12140013813601819,0.07638246888830841,-0.24570464025862476,-0.46865999421009197,0.2912661034945056,-0.09005298094082753,0.49065046279357394,0.8304459692249639,0.353394586722503,0.5073442880641594,-0.7327271148504211,0.20710734228392136,0.14660394741830673,0.3245014796467163,0.34077543713184966,-0.3689514207269673
-0.2793767134447729,0.1939377737670102,0.13066970803913147,0.18162798624008586,0.33848383961763706,0.04615125087117125,0.4656457543944682,0.01231372860165414,-0.0534090671899618,-0.15715397906814876,0.48208283913244543,0.7490118366567673,-0.17414491406509192,-0.2112742456435197,0.8221897756854608,-0.9725531689472204,0.9288565758624505,-0.3141422537144951,-0.4314645923358462,-0.5832845202084973
-0.07585127155548099,-0.016518363623724316,-0.5804496478835833,-0.3745825226883126,-0.17169428422244234,0.03553828341302659,-0.2688711892542684,-0.23254567939307536,0.0851138535851359,0.2643200327387064,-0.5206904253333018,0.32094983313107117,0.0370010858022618,-0.4649678551088128,0.6336263408366847,-0.4506691558883966,-0.825370801133275,0.7572869421987392,-0.23581295782476097,-0.08410060865830671
0.01992262264860656,0.050029676084657804,0.12979285091944087,0.03967277981820849,-0.13979507351697068,0.2286317722206232,0.35854051560967437,-0.28867755854153215,0.16060095465981877,0.13034192999915123,-0.28515597708639917,0.4543224804255699,0.22271701076048367,-0.8733112481818972,-0.5681261943536822,-0.34411217124973303,0.43930280217867934,-0.36498207712292174,0.48884994700622686,-0.8588159712726562
0.2896961453097604,0.16633857916241607,0.2884299873516988,-0.3314554902457112,-0.1226668563539805,-0.180507533116373,-0.34381842968526327,0.41304347730331603,-0.0865023295269376,-0.037442273481261446,0.7413364066799686,0.7806885884270178,0.40776604153167595,0.7283973553077807,-0.17133247629478698,0.14739820981293694,-0.7215774638115884,-0.430603740057828,-0.681546863700655,-0.48515547056033204
-0.21675022838135777,-0.3547630471946176,0.03439458642327786,-0.19033016516583118,-0.031245835572361564,-0.11136438131005366,-0.34262321844811805,0.14462934553221346,0.002045572162271636,-0.511495323138229,0.775522120639623,0.058927880026154345,0.5494331349341284,-0.8614960533216309,0.2368670324092308,0.7376350062043273,-0.4559549375058891,-0.15074562061311214,0.6053277338768734,0.8775951685324348
0.013783617263506853,0.1828919771919313,-0.005201092836847138,-0.13814447094647864,-0.1823128007486755,0.34678464094104533,-0.6974471766602888,0.08163480374614263,0.057192713163906284,0.04818046355298078,-0.8812441085301623,0.2019406893511424,-0.7927234658498288,-0.6395813446242289,0.16805491383627746,-0.7464233001684839,-0.39536711807005154,-0.27067772875961205,-0.05001529279326644,0.21985191311030006
-0.4115294174162562,0.14433345823072288,0.09810781568737792,-0.09665552249586729,-0.23367670813344876,-0.03544116830452808,-0.1466700311678445,0.42971460469010425,0.012832419519917135,-0.5268635939022432,0.37960680043111394,0.21583487058447148,-0.8709125406807057,-0.387478178499439,-0.5046448232965668,-0.3611068298662643,0.7789448173307261,0.42015199307973927,0.1400567618481514,0.24151440552020365
0.2751133566855901,-0.2434815326257479,0.13043148417044625,0.06286591949970982,0.06355645439721641,-0.3886767086263745,-0.47846253548013223,0.14564531302042322,0.029162605934960506,-0.20067643235897703,0.9048220386217611,-0.5208989386060974,-0.4943999748849681,-0.07069692539585914,0.9347700720801684,0.88053178070907,0.9066602817830518,0.6790007352101266,-0.7989565929814166,0.09449653686099757
-0.3492569934243129,0.2093814531132877,-0.05583392194810882,0.0010970940867123637,-0.0040204117913844655,-0.6889874737130152,-0.04126624838517118,0.02268576686683226,0.022344446195882356,-0.2923819111006336,-0.8153014436676538,-0.6692977311128512,-0.781063373928452,-0.8258283865988165,-0.5259615758367506,-0.9754297252507536,-0.1870125707792638,0.8434572884315918,-0.9809537629913598,-0.32307730649947164
-0.15721646400619788,1.134923360351231e-05,-0.05034740854219821,0.2511635105250032,0.18968069632042062,-0.31616561320379793,0.06159048446742008,0.08879382638852895,0.08274876599343095,0.034845240841668956,0.7831867156743086,0.32399204143846516,0.7255000193265351,-0.7465684170317146,0.36180373336252836,-0.2903048747478951,-0.32807689719309097,0.9645633920147925,0.35727329023387466,-0.5715424047016777
0.10489019448108736,-0.08516012018810451,-0.21411602575711935,-0.15649388638599576,0.149869275989187,0.20740909032964072,0.05681355931419507,-0.031760107014730865,-0.19806805891819446,-0.011805117880248683,-0.415203595664988,0.7000899315527285,-0.1723510594937283,-0.44038040569217696,0.740916426420295,-0.2371045480813252,0.8660857843779424,0.8932973690117014,-0.40326973171402725,-0.6098921615365411
-0.11189759547855976,-0.1992076992599972,0.0022895216204303626,0.046512766359777025,0.098812415366753,-0.5392274124657604,0.051197563089735276,0.05029724391119955,0.36031734678618843,0.2545449436361632,0.12295755103000094,0.8603223854013098,0.6232567081646112,0.7258348467552049,0.7529376575136968,0.10924396682583737,-0.28655339413172465,0.30516193586989404,0.21699402150757252,0.3669884112982882
-0.17385089712430019,-0.5332776453232276,-0.05959087039353678,-0.09329516165735541,0.12179123798237496,-0.2751936794643489,0.09701923997660197,0.33348243437702185,0.311780813583721,0.09561765536165558,-0.7062758286106536,0.6664581025190326,0.8482681397468266,-0.8655117764832918,0.630960580020244,-0.24916808609569085,-0.02026816076656668,-0.545345338990401,0.3236665237774139,-0.9235545044361624
-0.10268033678383043,-0.13193216768812416,-0.28255972972434734,0.1976843849828852,0.45470434924759684,0.018997069582936336,0.018200747746784502,0.04452792738552063,-0.4806745260030599,0.013916863425442558,-0.13317701942047866,0.522190171616618,-0.8059516992033091,0.7786392782221956,0.10373654193498072,-0.20105254589843646,-0.3016322449324722,0.6249775245350011,0.37614237647311355,0.6626538433462339
0.06267043536396882,-0.4843629987870266,0.012830025563824045,-0.04680183784614461,0.10205475011006526,0.13307262299846584,0.16811994236760344,0.16296040196396466,-0.3399116753674388,-0.37869064822194565,0.8445014357292788,0.1797309151906643,0.8108664286297651,0.5434699681695472,-0.1911367970362705,-0.20535934891666052,-0.40470894434716165,0.7461539707000175,0.43191227268374544,-0.4728903122228245
-0.06593619649814424,0.020132796011641217,-0.7109401298470056,-0.0717186831490427,0.060115074094983956,0.07474870441177373,-0.1109628769067864,-0.14054138782234782,0.0564611659407776,0.06047246526454658,0.9335074022001231,-0.11722208617725394,-0.06477410552029772,-0.1701852821888925,-0.8592820657517675,-0.04564525652299256,0.13078115381542021,0.18788411763220436,0.5531799106678501,-0.8993936513567982
-0.13172244325084304,0.19480604596467122,0.21422290214421139,-0.17468987010651102,-0.02102550978287937,0.5928902778719339,0.24688578403700034,-0.0588274070788094,0.17976600191180875,0.26795223979806615,-0.11929542127450676,0.778810508491107,0.670322636762799,0.8791380991838631,-0.37288560780956415,-0.4003947541171571,0.10826377149949495,0.14877829438913026,0.630587778769228,-0.9333139775456762
-0.040275182384481356,-0.3578854491234959,0.13868863443030016,-0.32841789768484586,0.08512872362331025,-0.13172436613681449,0.17116134073768674,0.2722226927475655,0.1716235269729749,-0.08126103181046584,-0.09544382006720276,0.6806750901431253,0.5336638439283516,-0.19860742185231683,-0.533085248600369,0.768727775490035,0.7147713475996071,0.5729281544824811,-0.5539990546096192,-0.5712302253805379
-0.19357550133886348,-0.008361993033759313,0.1671160784032924,0.3209781701719985,0.14714583126566028,0.4115596881838044,0.016336453197492107,0.158326008292492,0.44843997273658054,0.10213099288717031,-0.892198075242062,-0.3970763432972759,-0.43526823609917353,0.03587756888956939,0.6321296302270716,0.21769686261357557,0.48770873426079486,0.13338275712506764,0.3442536231541473,0.6881277255309941
0.0066831032497676746,-0.673159040078992,0.14510772231332997,-0.037394542426201466,0.15474989387841176,0.3508299535550302,0.03961263857096825,-0.04727976051845462,0.031459413491076435,-0.02590555735365395,-0.9067664883261579,-0.15064250917737354,0.7075819435626849,-0.9674350162211636,0.7132103150858395,-0.2314604570801848,-0.4406168832348274,0.663748822604503,-0.6397158713005595,-0.9470008884041674
-0.056737848818746356,0.07487093603864392,-0.2686938218465546,-0.19850475680622254,0.4469440146649787,-0.07427667729024293,0.6077908465363714,-0.0990818403121088,0.04225800889402059,-0.23624611056947142,0.00597065804283714,-0.001474585588782329,-0.1975537760262258,-0.7012210038179856,0.24987130015866543,-0.7920540753771934,0.8560641157497457,0.09159855027704533,0.7220506496003996,-0.7676602419441376
0.07651495988411847,-0.03566961205060634,-0.2936494845684604,0.008827302050153332,0.07872799011369806,0.05689283287805706,0.12986449048915757,0.2768958411278989,0.1334541091182683,0.6229558220454462,0.026623413869314216,-0.5850928027157509,-0.46919999250660704,-0.9905630030658297,0.5082372170674636,0.38612552749887996,-0.9264188384105796,0.36161071737045836,-0.8725037422090707,-0.9638994551757307
0.3174374194944794,0.23936031614900777,0.056590080998014596,-0.02736352759187595,-0.24989204236843005,0.15183123347457989,-0.0931505209263932,0.052332453771444576,0.024351146095543008,-0.23941603835169672,-0.7582822046894067,-0.7532683144740635,0.7630436476782523,0.48408393640843284,-0.6742461222978737,-0.7377320634350222,-0.8232432811902077,-0.9348681252005324,0.0894959055932556,-0.9904961216408008
-0.23545062006895795,-0.024753500114382487,-0.5155267715023946,-0.029626701018794943,0.4861833091305229,-0.13972910760312163,0.2838967828797775,0.035799260703830216,0.08972509085387528,-0.1640832938573496,0.39481770148979045,-0.48761471710172977,-0.095840232944304,0.39877226096016294,-0.029962313355619496,-0.7926373004517513,0.5062783967224704,-0.4375973214770741,0.9618889990993835,-0.8561660305356642
-0.004543534858350476,-0.11666629935876906,0.031377781732843966,-0.013980104524733514,-0.2074482385158897,0.2995748764163777,-0.01278755053420419,0.06002582802581463,-0.2998827183429084,-0.015002921721674636,0.09314681446176243,-0.10480115770423004,-0.21853278515139118,0.8549823441742144,0.73370273440058,0.917618638607345,-0.29263491752420223,-0.4251561943458959,0.818038307506604,0.545435747118223
0.1702807292657068,-0.0994546474548349,0.024931095862444907,0.01583346577494893,0.1305013440185698,0.3534912397553582,-0.44041903275696515,-0.215311537334613,-0.29547480747781346,0.04730668040939057,-0.8581064252228576,-0.1475900234610379,0.6779720050173714,0.7510162351891112,0.05798879257406031,-0.5229453530681403,0.22617058219965425,-0.17481261987818164,0.9712680536657632,0.326462816289522
0.1852432212797453,0.12132342871567037,-0.12689598358805013,0.009648044625345562,-0.5162665619136633,0.2921570325049396,0.36773544949656556,0.007673881408311073,-0.09990480056398157,-0.11186507280815175,-0.022086388346000962,-0.7454884708838465,-0.8402685625751463,-0.166724851331417,0.06257779903138494,0.035340124963773256,0.7843258352967315,-0.9636287015486646,-0.46902529026792084,-0.8809709172133415
-0.1885571239624237,0.026279260911476532,0.03132019551131332,-0.2274912003831365,-0.06288332320414905,-0.19671956213036726,-0.4292293928344535,0.307758962367028,-0.12459700397605561,0.29093052570754696,0.2554259957107867,0.9526599059152832,0.07798069478183844,0.8606678949106756,0.19022376318482603,-0.23057668615232663,0.8942890022942231,-0.2667923128224774,0.28900787371588077,0.22162274999085674
-0.07818837923346696,-0.007671176557449089,0.26225224466522146,0.09182587971883416,0.14225316156331114,-0.01619624424706386,0.2687768529383082,-0.1988375267074483,0.07102002107425587,-0.3264919223989777,-0.5100368905584758,0.9192804630802209,-0.9987606110945135,-0.7630660731426968,-0.2943305043901061,-0.03730026542522902,0.7530340647537928,-0.7009944482697781,-0.40726770822679104,-0.30573122006555287
-0.2244758355097296,-0.09668035322507221,-0.1625132125839427,-0.009029385908082332,-0.07937168311883214,-0.3132186043869544,-0.34727574779515086,0.63493039255731,-0.19193176432413817,-0.12699306233093788,0.8541620066864419,0.2836170223948582,0.7336223951158687,0.6913011112052483,-0.34556469764736186,0.5768648611948588,0.7937132061958367,-0.2819316096419182,-0.5846162004366431,0.3159128970118885
0.6890500789895908,0.049158698120291874,-0.06914284845683008,-0.006584324206181467,0.09081107265897065,0.018559246401335452,-0.09343889941564974,0.24560689349237702,0.018687934815275774,-0.16858161687522874,0.737260372519402,-0.0528056311129248,-0.08718146136670035,0.5299736256775758,-0.7474054919636552,0.20507396830144287,-0.5442894992999661,0.5970864671667802,-0.4085786309579116,0.9087712685284124
0.12037058681556578,-0.4422489062675452,0.3523414630668994,-0.1787174659592261,-0.11544680735237578,-0.19066737491052616,-0.06033164127616164,0.06009100076985574,-0.3649527047843276,0.12814639351310514,-0.07889139919627208,0.4457167027103619,0.275419643745886,0.8036822727005741,0.9787882360416593,-0.021434592971073974,-0.6380042135514701,-0.23068340451246505,0.07177134371191274,-0.3550487107499154
0.20773798698229928,-0.054904096508304245,-0.03339986944614137,-0.16237478855416548,0.10857154316662553,-0.012117628800036417,-0.049489902315105194,0.46165508642804276,0.43560325641770836,0.08958757433339548,-0.8996568832922973,-0.7531824539955689,0.4204780903264129,-0.9297543643112589,-0.5349318177692073,-0.46750751940797874,-0.7013137958889761,0.42464729177645233,-0.3621526938784032,0.6436206459425495
-0.06610771245551372,0.06952728967528342,-0.001626468627788119,0.23338702151119572,0.04022110797574577,-0.6631614343384984,-0.11794095207706212,-0.345043927457125,-0.050030773610097556,-0.018885953516611875,-0.3835805666515071,0.4468352725838858,-0.5263525331326908,0.7889223656853774,0.2905906974966921,-0.38912743078438083,0.5136970252088731,-0.35247021450099836,0.5791633548252682,-0.6887950824430769
-0.14407003184584732,0.6298933817756759,0.021942736172969074,0.023847405883497846,0.14398190129223054,0.02745711761249174,-0.28402173864458397,-0.000529313488629557,0.4568975832976214,0.020182444283766476,-0.005701314145015068,-0.41295735594198213,-0.6511138457196126,-0.9232981155465834,0.9195555957444532,0.3608773682817197,0.8995670951163353,0.4175651280858088,0.8308023674149716,0.3345804847406668
-0.270046369177532,-0.1462966502508266,0.03229167131183164,0.314936524414713,0.19230887497655902,-0.1817012812715229,0.34703207091534083,0.15171200827409675,-0.41685388034054943,-0.12424598640686069,-0.10321352223551905,-0.4933193445538293,-0.8184804045353995,-0.5727501848546483,-0.01221511513867024,0.8837395054167649,0.679180474615688,0.38155012194470217,-0.3317784691686989,0.9838560163441221
-0.23263663595691655,0.051837704956450015,-0.053267052390577746,-0.7682794782403338,0.07409219636733727,-0.06106436569776417,0.03558872595028413,0.38639712874758747,0.03812976825228856,0.11164855332301023,-0.1474757411933285,0.041153615256484644,-0.541670954807794,0.6659851767434057,0.5507769533044993,0.8832483664435593,0.7580276198566072,0.9518865806707919,0.7471912518480304,-0.2506622297304659
-0.03409358266767337,0.07535613467055402,-0.8252683131024068,-0.03200186497616225,-0.28508259537380226,-0.06635589199381892,-0.16261177417655415,0.013760082918296127,-0.16007862544432877,0.045516530030456526,0.1233071895381368,0.44518324473585436,-0.9732402532333781,-0.5355033319486875,0.6365010814262897,0.17915670757991542,-0.16739012936579645,0.9121003798565128,0.31704155951232793,0.9630269920048236
-0.12741790811764475,0.46756187785055314,-0.1737920525344963,0.19576334635928833,-0.2714081703111553,-0.3812898938490516,-0.130030321327116,-0.018748012883512355,0.21941586463939933,-0.486764344332714,0.6629126668017464,0.8038505604099189,-0.8049933984371229,0.9379556419516715,0.058169894360325936,-0.5352631698596175,0.2741396278971857,0.313441215378623,0.006544380456269261,0.8454188934927853
0.09344266942057622,-0.03015872718520253,-0.012016054455619637,0.22459899023855578,-0.13034702285475186,-0.06452012232912302,0.1523109527360582,0.8643576724658699,0.003925237911127109,0.03667997024413311,-0.5824092663245803,-0.9374287536458044,0.7000270670894904,0.9346880539160825,0.6890999144466383,-0.4247639068208606,0.8160203602486051,0.7446224913763055,0.9659848036669667,-0.9932744430954299
0.04017601500418111,0.029224283139769713,-0.02921024593067978,-0.10673657104792941,-0.01948593554762812,-0.03241935963310075,0.049532344527571645,0.25712348401621865,0.8236818482255968,0.045537152222684146,0.7302978476517177,0.08335997270474982,0.17680306626544828,0.0284959232371067,-0.4737500794431837,-0.10814774612130651,0.3563515954750507,-0.431107033243469,0.5563413478462411,0.6527323875334046
-0.1400927773132737,-0.13123713591481634,-0.22905455584252676,0.6028429520966776,0.007309868407565393,0.06705536246008656,0.4666947749542806,0.02212174398275557,0.06681665256318484,-0.0009119679513340429,0.7551635655342332,-0.6518070964052611,-0.4122532651659987,0.5241771723976354,-0.15969960930214877,-0.517857419005272,-0.5308772679915521,0.16583245549091719,0.050380682485571926,-0.5590278199960197
-0.5161626984017245,-0.07389973024006288,0.07594388370690933,0.05793849096547915,-0.0519210654983701,0.02260457652877472,-0.41567108125656954,-0.035135774933120326,0.24640859131130727,0.023527896013621,-0.43461102941927576,0.8084510597462009,-0.09446914855801958,-0.07528448366629292,-0.7029432566237594,-0.9073282928079258,0.6933857315190224,0.9916381154810832,0.3180521848745559,0.45436010253616077
-0.11074724693761799,0.09966837793462044,-0.5616551885931541,0.07997452055957716,0.15476239526017116,-0.05929434308119508,0.04171507523288237,-0.03505433843431649,-0.11813987036171683,-0.2317479299081785,-0.7552935110967776,-0.6130615116534617,0.3903408638879562,-0.34502299956805915,0.2053638718911155,-0.6486848128685887,0.05064846972305714,0.5083261516830619,0.9691091971125276,-0.6120709241445603
0.04917645873920753,0.002134569035588396,-0.08479530526048268,-0.09778223592043117,0.22301467119912888,-0.032940799430556486,0.07571243285445556,-0.03479741395569581,0.7111083669963879,0.06301169633808895,0.46983374702568903,0.4871434703136486,-0.845447680097948,0.07517283070529257,0.6829781753221174,0.010098021789870737,0.14861310543962802,0.08751589140436411,-0.04780200352365527,0.26523112821078665
0.14815048763340652,-0.204144773511726,0.004932276641417294,0.029821852054839906,-0.233032401524831,0.06954566445584164,0.12470696453594643,-0.016767844852871194,-0.036687558481264496,0.6160507551514142,0.6701266592883615,-0.6741870901507838,-0.17425329207253837,0.8488869741509801,0.14186888060585168,-0.921836112797372,0.7489837866505373,-0.6551039687859277,-0.1510338031143077,-0.4297238943151558
0.06007517821023832,0.40975967129066043,-0.05344517557011644,0.6449074844362945,-0.15187892138156958,0.2038366656229842,0.22342488493270518,0.0672539127696421,0.011835007556080135,-0.061394937836842134,0.460254562499238,0.28369873046622907,0.7054308101631586,0.2788669726885704,0.8859577798604488,0.3824823064417342,-0.34591713970230376,0.6438232859922441,0.14008639845969117,-0.002233521273067085
-0.08937165701517326,0.03131280711334225,-0.16826836702954504,0.7337520630017427,0.1220612242562025,-0.002927252562555327,-0.1059810229726948,0.2374363217871448,0.0842339069207754,-0.039562109892155334,0.03641742625775657,0.39320131443123185,-0.6321060104028353,0.20708395690945802,-0.6009217232635216,-0.5752587007808094,0.7084389427749607,-0.27224148583592966,-0.3695483924731353,-0.8038115844487022
0.04511832202764278,0.10600714965314453,0.08061797830213413,0.08914360079274304,-0.24402363397024845,-0.03773587208524626,0.14502471740571632,-0.34709554994149827,0.3706139279158207,-0.23759579515550217,0.2929543887799684,0.06780535764607731,-0.9567179618829167,-0.23908599260252683,-0.09479495095222168,0.9178104530031086,-0.5081763806291646,-0.8866862765238621,-0.24712613815352524,0.22479594400231662
-0.014344340379453105,-0.021682850198688458,-0.016505543954816126,0.4146591135165014,0.04687575954527928,0.0005441962462685683,0.14801743709722545,0.18992252332942958,0.24869961185514022,-0.01345702702555628,-0.1650155704526015,-0.48189096829864186,0.4352842623984168,-0.10829031368633646,0.6013963677236653,0.8201482141493841,0.36073587702270715,-0.6286862856940112,0.948969332947188,-0.8539024974784701
-0.6782802794369999,0.05831663935331686,0.3360866567834937,-0.16974233013637569,0.3466832968337055,-0.0037506892977901066,-0.12262849693632055,-0.03257767700405516,0.05144173030096078,-0.1179542253903501,0.9747192668091627,-0.6810087952707109,-0.5385806371138424,0.6746938377769327,0.8340460705655413,-0.8664586233101796,0.7489780681857092,-0.3789507249455055,0.7425086976915765,0.6705836362582367
-0.3386111560780469,-0.07725709659869806,-0.23155166342754607,-0.5031192146339393,-0.02233901795547618,-0.22297998625018078,0.04944615131658854,-0.017407992999676325,-0.03210159343730993,0.36755821489178775,0.9777563167098242,0.9520637735992967,-0.5553036836354124,-0.3049684911793966,-0.8590188646916386,0.8560716305499982,-0.18595083387261946,-0.05591653995712931,-0.1748165529561736,-0.1936608466360672
-0.04803074625283944,0.1566090440697822,0.2038199933679361,0.5990553477327274,0.24999184967386798,0.5654414621473258,-0.04771782074563035,0.0700870961453588,-0.06914749501865156,0.07704506226274122,-0.6941354114786795,0.07418940429831444,0.9118047790604336,0.21746676124085962,0.3055726550779152,-0.8132370648240836,0.5138768416950037,0.4481200003218129,0.05414229309169727,0.787702752398642
0.044932212543146,-0.18228488167989143,-0.0020127094110203095,0.5804206074817188,-0.01577939638295487,-0.029089213469934663,0.013776931096142739,-0.029579301484973744,0.6289828239460772,-0.013236418695459731,0.4631548626935851,0.569398399424937,0.3251449521279297,-0.3727541459046473,-0.6251762354347328,-0.19639162514501285,0.7326979474704518,-0.25509666051222446,0.6017572259346542,0.26998932118812613
0.07071790542612438,-0.05427027534208821,-0.657985275135055,0.0038766037533910754,0.01718667009067793,-0.030262406525205524,0.08316681735381377,0.016240681669716137,-0.02363206190721382,0.6009615374053777,0.03909920823601554,0.9579049452215682,0.9142207051253919,0.09799579542142411,0.7563776474327835,-0.543018085592875,-0.9986572821094084,-0.7126480676889728,0.6225190375268912,0.49045434795580545
-0.012916313331115252,0.014314369398620463,-0.022620876483556727,0.2326377739136422,0.1963247110451676,0.040583724677441015,0.09492794907455553,-0.06905490333264767,0.6736821931588185,0.11743558207224325,-0.11150015952182368,0.5641092743198239,-0.3812991845033664,0.1888413665994948,0.06366231490550067,0.6807189593060339,-0.33791230628248314,0.8167831625040334,-0.1919466836793151,0.24122890361854177
0.5250629822678454,-0.041110628519288234,0.23687541732316308,0.009273947053541176,-0.6070969076015262,-0.04292734523337213,0.32206415684517475,0.02128263837665302,-0.17441386052077573,-0.0009947200254158337,-0.07803196852460648,-0.8428269198786444,-0.5125610774817075,-0.23988850741841272,0.4476458247550581,-0.059635992178574515,0.6127677927647475,-0.14691372776104683,0.43446949644096433,0.45165502994633866
0.20572558332407626,0.09123358690240457,0.3960774153640668,-0.001507327433752266,-0.01876255436412464,-0.26579904057831233,0.059611177380164915,-0.034187162463569294,0.004301004194729834,-0.06666886427532792,0.09694400982541729,-0.7516316381220525,-0.5233711026759187,0.2190666589395991,-0.8232573504107743,0.9442944290389561,0.955234656293052,0.7372573554325337,0.5613003003915524,0.8851156108224991
0.47077281646548497,0.06893187178085095,-0.0049404569247382575,0.19690908289586107,-0.2214208189256167,0.15408430043137356,0.04039117049350523,0.003167774451342347,-0.40350878803153784,0.34405733169309816,0.6352907991736856,-0.3733680155414094,0.2761630840932945,0.5236012313050722,0.9032169240121624,0.7904087400680113,-0.8226831875576337,0.9257694022959819,0.2686184446767792,0.5827138088208235
-0.21118722737638565,-0.1187789845351845,0.028761650371323777,-0.46891425657972957,0.10712117993898879,-0.11500666759724362,-0.08648337244874,0.025401458361291797,0.005404463411603886,0.533009556426245,0.0369378821525046,0.23701866710762243,-0.7903553524659543,0.4932813044725979,0.9778886577211638,0.9527205151762219,0.376731041505435,0.11014285042716954,0.9608819802097923,0.8162630859911568
-0.548199240505528,-0.31916722279912363,-0.025823422690007702,0.15698575576175594,0.03150788819473427,-0.010341616848535296,-0.2041462730125726,0.059142298793005976,0.3520357059975373,-0.042664299226254365,0.4443744364122202,0.17705478205381153,-0.494703026855555,-0.4698084910791567,0.6831278947329735,-0.30839002434230456,-0.3411303448128129,-0.4896068264233815,0.17310297399083652,-0.8649938757922713
-0.22661782714891615,-0.1580027908939911,-0.6739246676652187,0.022621107593994327,-0.12207472764474109,0.14828180604445518,-0.09743677248398191,-0.18123975163578765,-0.16563009052543465,-0.11118884467346268,0.573319767242976,0.9950424718407562,0.8024266268686755,0.8300181015258898,-0.16880005759570338,0.613595980783384,-0.8024735196436592,-0.334152322153894,-0.6359146058738765,-0.13798919407346877
0.15220243515318083,-0.013183325300907545,-0.268405979490467,-0.30797878322839745,-0.03724222627813456,0.024533224005606535,-0.036546052836390425,-0.2524609081278497,0.5012546783701329,0.1003932954206756,-0.7965029078423664,0.366084076925866,0.5045014813642745,-0.22141650913396016,0.037163604397742356,-0.8374471926021041,0.8305197398421069,0.6565237435253874,-0.23717349392242792,0.17265100523693988
-0.2728766461082711,0.1579869196295408,-0.02292201237887581,0.04351890741770301,0.08289068101646369,0.11949008363574035,-0.0481228511967871,0.5658519164135605,0.40724944574875066,0.02402241057840815,-0.31042347378262747,-0.6130917325113503,-0.5711681867792473,-0.05490114833298998,0.08235425292364251,-0.7963270208967044,0.6367855131682283,0.37686120380189636,-0.1853724768706957,-0.8737565977659794
0.11468436800129478,0.008348807045851739,-0.15646490142975583,0.5489265364152853,-0.04523887136478269,0.03877304482204319,-0.10059419679535411,0.24611383723199043,-0.166508911701299,-0.505951011373402,-0.5946376534240134,0.2553832156545188,0.05040298524597642,-0.719453375398541,0.5867939824479569,-0.23361497216660454,-0.42295827108547845,-0.9664261459603194,0.5239074621212336,-0.9030228261464501
0.15248512785246932,-0.11482804284851456,-0.05129820602689705,-0.04725238703630519,0.6128870981573321,-0.10256945144797333,0.2585826108912387,-0.03388773451611993,0.03540619473658635,-0.06046020035025973,0.7245640754433944,-0.3498943433289383,-0.39641828169033944,0.7970011485333623,0.5911014419474039,-0.4257699511265667,0.668608899636931,0.8581229162436896,-0.20751128186952839,-0.8865285485937617
0.11767662592321264,0.39478497451875183,0.2612785129059297,0.2176154085620935,0.07286017438495895,-0.20355650491282612,0.11832551327605995,0.25700745797602,0.3932274350775803,-0.163798659837644,-0.049434916189105005,-0.6457130779436542,0.07482894070418578,-0.30320459754394435,0.8618505976829227,0.18643623741873538,-0.5596861435798317,0.7738081249479192,0.950078932393241,0.14802279392560824
0.6077977736572547,0.09681881068932119,0.030715937793921483,0.35175416919301195,-0.1524481688276009,0.17609281216939296,-0.091990865068835,0.19442164489369534,0.038661453354191744,-0.3453720953731658,0.10652362961430972,-0.9427384424803189,-0.19389046757826134,0.7431063161744531,0.06487263741070048,-0.434264837779742,-0.3636378523064592,-0.8533977402249588,-0.7868105387064055,0.4012090711446641
0.10499146400258108,0.04074219577926118,-0.018025198872909654,0.04377063369544365,0.044930979595476504,0.3108513731435385,-0.06773495043607201,0.7604249510325245,0.01032262605766554,0.05339978409687873,-0.9067914906042676,0.5102875065247618,-0.28611199485605887,-0.25212329421543966,-0.28849346719492464,0.7105941861402152,0.1729695773942015,-0.6852210337215179,-0.6175298553440849,0.6405505553920561
0.01774429365706412,0.004003698030154362,0.9206064980738848,0.03257525131651593,-0.119098440818911,0.013214477308527595,-0.09217860932695741,-0.08759997216002766,0.061500310747320826,0.06723486173249552,-0.569503275683447,0.31791769955461957,-0.4244063918539125,-0.8572974048692057,-0.615857560145165,0.8544641394756165,-0.2894888498617654,-0.9323575971177547,-0.0460423473534084,-0.5801016534996968
0.1609811032073692,-0.08119657132421354,0.10799359663964626,-0.12926505679985245,-0.42328138929083586,-0.48504130017950997,0.3204559351701767,0.05703748311319176,-0.06697753791655252,-0.023028251122534232,0.45733089009440375,-0.3618732443601931,-0.761046095609617,-0.9594432517269829,0.6645217723625665,-0.9740274593102443,-0.9275266692964121,0.43594554450016987,0.19975197826330215,0.8933816106167702
-0.08316741009583223,-0.05166547602530762,-0.24228323485789485,0.41123454764179374,0.009850719604552508,-0.03312958386918439,0.0843805271178994,-0.5657413685696607,0.2674012103639847,-0.004535145024881044,-0.21193252954077613,0.5834172664564854,-0.24275203426339353,-0.030208167491440063,-0.6991848500235307,0.4883737671409587,0.8227035917465526,-0.04658716495815307,-0.7778307176323203,0.2655645693420843
0.20773541252385352,0.08678615541633673,0.6319405469895939,0.05615455123800012,-0.2506127391927386,-0.025765746563137515,-0.3007305702813516,0.016171673759867278,-0.07696367267694067,0.30399852459018606,0.5483099024005904,0.657022973521129,0.9299173261118732,-0.8280778386126468,-0.2189608121671991,-0.8964118872414517,0.934518331289435,0.9671895402204311,0.8641489263746309,0.6002125142537997
0.13676956444649246,-0.08617951759850856,-0.19969112698296226,0.15831542182695213,-0.35832418441642855,-0.2926869041401209,-0.10768711048942647,-0.296601629995189,-0.016066497916222222,-0.04744772892759529,-0.6641456247539679,0.9238004722879885,-0.3932095631949053,-0.37344756918511646,-0.31741707024957044,0.07116080983230222,-0.13088945722882173,-0.3177318745787512,-0.7311165823349526,-0.41861230759648316
-0.1108329328379069,-0.47357374639662514,-0.18767720983188357,-0.44471058443069444,-0.2718258789481993,-0.0636721137802434,0.34087016925842,0.014254876284761742,0.2591669466246408,-0.014371444878519157,0.9278449669843636,-0.9594639492774772,0.6374139752042949,0.21410990717072198,0.2151331562032841,-0.09143175774797707,-0.3216923048415947,-0.11265519823542469,0.9277492378209948,0.46823086349466414
-0.12732199149724877,0.2068809327550425,-0.20814909814780536,0.3304001391954492,-0.10647523665947262,0.20200052560000697,-0.20274665235802516,-0.1320363608301347,-0.5526006376231435,-0.0895085422242784,-0.03066667322613803,-0.35966928246041263,-0.8475448147590683,-0.06749300802287994,0.25308718656534857,-0.5548903859070475,0.7089096311388245,0.5585335248488674,0.19147838195069533,0.717222316199082
-0.28876583318709376,0.20799794547153963,0.2147213178614784,0.4854013461769826,0.009711876430962219,0.062077126830116514,0.0905978878693634,0.12108471946786159,-0.016366225423939562,0.4402903848760553,0.9932665629779756,-0.09342115767230985,0.5671813005058524,-0.3793240620836038,-0.9173510266210969,0.8681848679536117,-0.8787137298046384,0.7601578920913035,-0.8454863278640639,0.9580266032865674
-0.24039353654782925,-0.28778102402564615,0.3585242913135185,-0.04363046959508138,-0.5010321871728969,-0.004973880761181646,0.33337440098744264,0.17990403927814808,0.012726046919805535,-0.029197673456259565,-0.9924837182417041,0.016998785661020088,0.8154866781156722,0.14396956891641444,0.6672562995383093,0.5207938833691999,-0.10246549288950524,-0.058340289865884465,-0.6139319797705292,0.9367943172846769
0.5792559445820223,-0.10075273044486954,0.16041423280492573,-0.05633557426270258,-0.11907918245144947,0.08479862605853387,0.025689468866362572,-0.005101937294751096,0.32741524277767275,-0.277889030287198,0.6160750109265039,0.08167619228709411,0.7740368503611406,0.5264636738889565,-0.02675637829334443,0.6244466885310889,0.543429784340715,-0.9565449778739921,-0.9489552336275706,0.19882523795712004
0.011634881959232457,0.059912931260062384,-0.4993230259151747,0.4921524826217428,0.050381104603508906,0.4123186789233403,-0.027089453447694353,0.21949337313286554,0.016121078481335795,-0.09076470437154481,0.03703529452171872,-0.6785590434699593,0.40101281527875865,0.7319791259018773,-0.7032735141361186,-0.7673342989814973,-0.017705476792294172,0.7462330679423508,-0.7409706671321774,0.12781994929567242
0.29772027191389927,-0.007869992380145574,0.19970032342300448,0.710972398402049,0.10758179195797189,0.05390345716312739,-0.15807987771470705,0.007813823488177107,0.020459903697009743,-0.19245103710739705,0.2214090204188146,0.28642795853791614,0.2577859269539897,0.37904917727833176,-0.7741855782438365,0.30962402686146806,-0.4439361854294013,0.6861847184506205,0.389929096007982,-0.6045712358173876
0.0690515226561528,0.11257918889294793,0.2905494683636703,0.0741173695493229,0.09167876922400225,0.7241740003985937,0.1864669528405285,0.06378142049067838,-0.020479819556755895,0.2691880564159069,0.0666204747601189,0.25957406721372056,0.2429842995872027,-0.30433783316360485,0.7641947050024891,-0.01362406317451148,0.7609489715085194,-0.8429969633791279,-0.11565636840431259,-0.4640051830003704
0.020965871940397535,-0.12611451194321102,-0.4301918390716683,-0.2432558486088111,-0.08851641123479059,-0.13595623762053938,-0.10572426001885107,0.3694140475742348,0.24335740365464298,-0.05022276518935441,0.9575460471362354,0.34763221292235547,-0.5930805901778962,0.34311586525928117,-0.5003790714326981,-0.41573038213399793,0.576639267014097,0.13443626653499519,-0.21394343543640781,-0.6300894525597829
-0.1595019273045329,0.0053728226027954795,-0.04889209195946004,0.5450428885065218,0.05312029020013437,0.10321452642393703,-0.11298130894052394,0.1286081365713191,0.1636061881295226,-0.22408950535760033,-0.3740303295815042,-0.07281118601413406,0.21764813479026257,0.8545267010671009,0.5644340062537947,0.9618619346683688,0.6952197426597926,-0.28035361588913954,0.3988008324585639,0.46372483561452293
-0.2456498363459552,0.000845406974001206,-0.029257642416565977,-0.45694433975906806,-0.1513804355849083,-0.2445692439286426,-0.09413882612157148,0.25096306378556243,0.05415319353065878,-0.12617789394987122,-0.23804239353681989,0.11886521727664734,0.9162915248888646,0.1803637984004165,0.4592029572066907,0.3291821681735243,0.2393921961615988,0.44804642378687887,-0.42439324755764973,-0.8278397089644007
0.042590487487064746,0.03950032003466686,-0.6789770506521683,0.18229369596715822,0.18231214627627812,0.10560796742984113,-0.08427426121850401,0.29157454863170584,0.08332928343394969,-0.14587861379322858,0.4464290896657097,0.8206148909688784,0.44954165271912205,0.195653841460512,-0.8281785674092532,0.49375486530692014,0.603924266521036,0.9693960190190005,0.856129349655131,-0.2236959204411444
0.18680837897522934,-0.42483766048467664,0.02284003173679333,0.01687568707663234,-0.38797344677564083,0.1455602176957378,-0.34576106795897726,0.003426495254865311,0.04522046525973769,-0.24295374233359324,0.5093376099248557,0.7929642081134924,-0.8831689893764989,0.36675164019770734,-0.22544990359308703,-0.20959679940316223,0.22486190611461954,-0.46495334228203467,-0.35927148064265135,0.7986390941679444
-0.044514853924423496,-0.5637077623287496,0.0010839665559315755,0.2171268710205804,0.15764095235696501,0.022315611464907792,0.08090855187236604,-0.19037460947715537,-0.20713988034970604,-0.17690129971204366,-0.8996908291955419,0.38684597502268714,-0.07807122895158747,0.6024493289801605,0.9952002107793081,0.29218263912291476,-0.1801556523685497,0.5556615389245214,-0.5237066733877582,0.3920851363367377
-0.025708501320360122,-0.3005232337025373,0.002371265975844916,-0.2552292529634831,0.13712816911580317,-0.06549024630556985,0.39050305690047404,0.13967837454945625,-0.4995912931966956,-0.11940548202852275,0.5786066263280567,0.07732275948897072,-0.7580470066713847,-0.8466997726035947,-0.41342111952309124,0.9299339901008563,-0.08655166158818006,0.5302528846655432,0.537018198563302,-0.6685246522066788
-0.19165548476399852,-0.016081930897015748,-0.10817341129322701,0.026163390740455067,-0.005617078270960592,-0.7771819087376571,-0.13819832930960482,0.035165842413670705,-0.027853975430679502,-0.01953400584849966,0.5257959711895253,-0.4472118680837094,0.7976044315554565,-0.6895668395749759,0.6102206325328356,-0.3805482782097458,-0.7567598444547781,0.3989352713919643,0.861045162060138,-0.7046055898450554
-0.18473478930613607,-0.0926306252532676,-0.031313391852957714,-0.6260562380108997,-0.028666483862571673,-0.0456423997287176,-0.47137903317600977,0.019026500232158156,0.1525290798821806,-0.2465141056484812,-0.3122962642351528,-0.7787707877000192,-0.5312369226518809,0.6709909198732709,0.6785603972482808,-0.23467611115567344,-0.8688268604262819,0.9116389063307413,0.2117649712777787,-0.38230273143350724
-0.08140294729197187,-0.02647928609123005,-0.07045043668168015,-0.15043771028829783,0.10994284109132811,-0.5682895824268406,0.08656467944901075,-0.3424842171186126,-0.20407736313551073,-0.1392695031129093,-0.27339622404088404,-0.6342977611480467,-0.5328247779113093,-0.28674387190690287,-0.9848878224875686,0.5081668842307774,0.43660890107875105,0.6732753093638684,-0.5344203227609379,0.759311296498687
0.6252034279476765,-0.24758426100447228,0.1529108070935738,0.16570004768208085,-0.009070494714635124,-0.010637221663709544,-0.1230761712694053,0.2433478421273123,0.029205649882899656,-0.008470009167717094,-0.6448544321434231,-0.9094781336646816,0.04550124586383553,0.4251003731724261,0.9289229637786589,-0.21620910061113507,-0.4726264842149386,0.29206908054193725,0.7327033754104164,-0.6053490359937446
0.12284568954877109,-0.0728458773829335,-0.3660670813339654,-0.5939396305693293,0.15413201162918552,0.023435718377439862,-0.008933144221400579,-0.1914610127662833,0.021237196059413974,-0.04759999411863612,-0.29595465859489134,0.11703939877558467,0.5305023622041769,-0.31586310954032437,0.27018796695625413,-0.5624108536692614,0.9313549211208199,0.4703785754263077,0.2464586639132922,-0.49096747467639434
-0.012551880308083907,0.037746816079033636,-0.007096219431531672,-0.18804482837583114,-0.30461936087456387,0.25589112002136905,-0.31749998400111384,0.003319202074997585,-0.019421114690523156,0.5246910343349789,-0.11323391187297327,0.7483543300277598,0.48347641076413206,0.3256310635279216,-0.2329193039487938,-0.9781006717636636,0.19883878995689752,0.9653322185295823,0.7973661422173264,-0.9132123887230594
-0.19403069095512085,-0.3623908014394809,0.5075375969725131,0.024322643748626666,0.11386768171419567,0.14139048153922332,0.18425897350015882,-0.027755539663720047,0.3752177359590799,0.05699700337072122,-0.3228310243893491,0.44857177624301503,0.5984777947703228,0.05678242738171102,-0.45033245031525704,0.12252060028919498,-0.8567681561575051,-0.3794115868751986,-0.5936406323991394,0.12750329373139224
-0.20832143102753917,0.04065868981433183,-0.1146432074047154,0.3969887691938303,0.18044201328805692,-0.03362237251214081,-0.23257694270555654,-0.25368158654181555,-0.5090566137518017,-0.23742471836921133,0.06314965142349194,-0.18499696678768962,-0.9744923463799762,-0.9406740007215566,0.7429257481389393,-0.23328493600980504,-0.5749954905339143,-0.7912717366850113,0.843515576766569,-0.28550942201052987
0.3586496551498297,-0.0660206235028412,-0.28679279453669254,0.06778340490944679,0.4006295138257228,-0.004288012483351759,-0.03145118128869021,0.2506309698093053,0.07827055153583438,0.4980324169197242,-0.15934818198871414,0.1855425295042903,0.7189235933482756,0.7867614912850496,-0.6430152987746043,0.002061518891641745,0.20371968974428145,-0.6380597318896579,0.509976357113366,0.5558723383953013
-0.03889518781240002,-0.2590987912330581,-0.5134474404773559,-0.456619999548349,-0.016980227366065182,-0.4202328972119438,0.08974713490622858,-0.01970187119990785,-0.2143369494320938,-0.06506748969359685,0.3425081946763264,-0.4038786965849277,-0.3851520930633219,-0.2864510228715853,-0.9457301036011043,0.24808915416656863,-0.26504169626243734,-0.29487007125360587,-0.5908874080723867,-0.02879501173842791
-0.061876781755960175,0.03956549661770283,0.13320320729833302,-0.3554845735354497,0.42823142597496555,-0.25247304402445647,0.16950611050072595,0.49088758961640905,0.34071752680586775,0.059475909065863086,0.19795984527801336,-0.17029437423042992,0.1110801817241378,0.5843238965066289,0.12845316289251207,0.8496915360503401,0.26720710977388706,0.20839623442852928,0.5493802511911015,-0.6449439469843778
0.15058654144758274,-0.020572966329101494,-0.09308950174670969,0.05221604258814752,-0.0225978017181942,0.10580975990807419,0.625463270882973,0.16711510652614892,0.46093988886039106,-0.07801768937790649,-0.38276072908288405,-0.6174537881178777,0.603936784057187,-0.6025072785305658,-0.5885831788687077,-0.3890227575008425,-0.7422722845968253,-0.9839994899949354,0.756891801068766,0.6238132069559996
0.6205696672187169,-0.20089849210429195,0.18625064827714036,0.031220200540433757,-0.3796218279810806,-0.19265303657620944,0.028268097157333888,0.09694067568841008,-0.15184298540459346,0.17261589582652737,0.9320878571401012,-0.7778420276612499,0.70803894843341,0.04568617765191596,0.8516272482135119,-0.8315367691485192,0.27500464244986733,0.7585774313825842,-0.2890991778889871,-0.5666787402203739
-0.4950557264635574,0.07244702309611117,-0.201044923757022,-0.17210701420703256,0.49530529073735646,0.1999752540605224,0.009475316574931308,0.08859190426474806,-0.23385042029306358,0.3237038541504168,0.39727068837059565,-0.21418843199513216,0.030437402472017094,0.2506205094070717,0.348737583737617,-0.022165763274725192,-0.45138315691909847,0.680616250460037,-0.37993523022234266,0.06574920558653585
0.00252579956699972,0.5097771095966716,-0.5199277730736732,-0.4312249888043278,-0.061479635025551385,0.07083018792306423,-0.3640130313976675,0.12390349345643714,-0.036219331131845514,-0.006725392922181855,-0.527206317849011,-0.6584879673934729,0.9278344735752535,-0.6910030449403148,-0.9931658921542241,-0.03199544422556766,-0.1522322205494988,-0.22110805164673253,-0.8936630630861839,0.36469442359356696
-0.028728268560810233,0.2832526536687335,0.038840880227725,0.04081767145742561,0.29520657047471177,-0.31410273054809845,0.0041764828677912785,-0.4650081891455015,0.07074969675070159,0.25368398008246973,0.11042011528345652,-0.7062233357563197,0.12246999555965421,-0.6992643676155796,0.9632410822971489,-0.4553735835547905,-0.7799600389670256,-0.4109188969430717,0.9628658992007748,0.5273744845308792
0.08793667877638878,-0.14474266867547916,-0.27117351783428606,-0.07630729496411959,0.11438174707697146,-0.08122870587010128,-0.40846302685366853,-0.46007412373886913,-0.24601392685748724,0.0015661481651859654,-0.6237084610139128,-0.7407467975958435,-0.568021057574317,-0.2865686761669257,-0.33407689738539603,0.16036960297246372,0.33924393864058633,-0.9644234319074283,0.7584271545626244,-0.219908274639095
0.43869871943917127,0.21201009882230604,0.03895243736677963,0.34896178215611584,-0.22142444653002458,-0.2760232229423108,-0.14060879010085028,-0.023658325488008315,-0.44209409690838936,0.0027259757824524868,0.5576828144212391,0.5387850911545731,-0.614771585726507,-0.8524230298273816,-0.5912511723347738,-0.5911653638758139,0.07452294086638567,-0.23296073192870703,0.3114461895149194,-0.587731178519838
0.0419274613300572,0.1753415318557005,-0.04213116294376332,-0.3509741821362196,0.05256055681430741,-0.03567051762083476,-0.12672390868118547,0.11337171413176134,0.6493475000056952,-0.031591613279944974,0.20673516357640898,-0.051334959941482516,0.20896752587246614,-0.6382729592279752,-0.18851752212426987,0.5302633140310136,0.9093896001304917,0.28720733255374253,-0.08570441989643296,-0.6663032339735941
-0.7847385614875474,-0.03546522010559723,0.023509023975979367,0.0005581038696733688,-0.42566282308306796,0.02500589980738946,-0.004167439461479915,0.05349328715284706,0.007494301868825368,-0.019865441532493228,-0.23135047018991894,0.2980212280462464,-0.6686701998768112,-0.3710028286182725,-0.65265025310285,0.16969780365777454,0.17609058180433923,-0.9184674864716897,0.4219186804323367,0.5403090780906148
-0.21284772044713285,0.14558327955937633,-0.2115515821513576,0.02394323812475674,-0.04813277061644311,-0.13334535092757221,0.09796474065391171,-0.6137634204224077,0.19262487505717035,0.23875296254665007,0.8515305901239103,-0.6875032728518815,-0.9962985158075324,-0.8130006628685056,0.14418524574047797,0.9735205412391565,-0.2908531523008022,0.1805179399366048,-0.5357995741049857,-0.3527604820897654
0.09665121364194362,0.23942830532977016,-0.03206412870928943,-0.2878224552275706,-0.052122506636572724,0.03210633550271577,0.2042538552555323,-0.2655369168938381,-0.46756174041446563,0.017604245999303214,0.5974679457458711,-0.5726579257370847,0.6255403529869654,0.3917613408867562,0.4543608085646149,-0.12476773250411388,0.061718278635391366,0.7092824671359073,-0.4090914833852126,0.2235625367977927
-0.006315481824863606,-0.19383903817165807,-0.04573355161933268,0.0744144878049324,-0.02979674258401427,-0.4176580111085638,0.03324804018864718,-0.015235791235307578,-0.08865167367765078,0.3449962045926369,-0.006593404544392056,0.7800291375685007,-0.5629399690418271,0.8767529323498433,-0.12015307032675793,0.5802864049695913,0.8826382393989096,0.4612145436143671,-0.2592609125046681,0.623573868410394
0.43961134279326053,0.05194383870161734,0.3025441808223104,0.2104484428807483,-0.13721337184288193,-0.10442703148886891,0.09429879253639495,-0.21704832546908018,0.12629885257504458,0.5001476323457719,0.527104760765265,-0.15563350937615472,0.9441046329895564,-0.06136573121785793,-0.28524092669718715,0.34849869686264423,-0.811321739868144,0.3006704230081396,0.8900836525743956,-0.0006693292224819736
-0.007999732647444285,0.49159379389705515,-0.20616551057511234,0.07072037645767526,-0.03309643927584074,0.3471117691715866,-0.16421136797646685,0.16357299279208132,0.09261040346550803,0.2967739231255957,0.636173778496006,-0.060270031053552886,0.026358855177872842,-0.408229691670809,0.717531452596992,0.5945992612946378,-0.9623742768031589,-0.9131548462211878,-0.5057880490663962,0.02942927798923134
-0.5606791282208616,0.03747401990048152,0.41209234610424983,-0.04492967031203221,0.14271151308584196,0.19300662378017197,-0.04145853729152993,0.38439790359005455,-0.2596996569665465,0.15496864445218717,-0.08764037624260212,-0.8469909870029235,0.6208868806139465,-0.040841269947446746,0.9705937175199217,0.17231911760835406,0.034375339689832085,-0.8396343189445272,-0.7417307981401497,-0.4410014536858837
0.023145945544053817,-0.0016592793660140936,0.4540297672085471,-0.45487400991577487,0.18390649899636746,0.09543310111428045,0.14107854753321264,0.08219869863978962,-0.04228610663513822,0.39721857658589266,0.4065421814425234,-0.7841355320303869,0.2624074767021367,0.9170163235983575,-0.12047250464608905,-0.5500560357776738,-0.5509540285882124,0.21195779596784292,0.8403244216614278,0.5148610834489558
-0.30594400788106624,-0.39758501545153957,-0.1031205518337873,-0.2313875956133657,0.3178221850697264,-0.002523369004619802,0.3091534730975899,0.17657863345015146,0.2501376135619512,0.0017644531994365567,0.8086648297188479,-0.224351853756795,0.22776861559759998,0.8286106324681912,-0.657740229916097,0.25193184857932205,0.532579948336712,-0.585629548983738,-0.7562917328791845,-0.9083391513590713
0.042067408537500434,-0.12380441118438472,-0.6152336772308327,0.02813221992442326,0.23012573787921997,-0.3075166904215022,-0.39670295672735323,-0.05413106371468579,-0.06562129279861388,0.15399088381452342,0.338748731454082,0.8747830574695981,-0.16789257130702873,0.8526153040666455,0.965173796855398,0.9501583763029691,-0.9646188227048154,0.35051346045141774,-0.7364112314740705,0.5664227761897347
0.13791865802536107,-0.14384214626440134,-0.011700373431759371,0.0033462350997321977,0.01467012923885445,0.4953460174986033,0.0032431014231684326,-0.29185876355928875,0.637345973543465,0.16730208011471093,0.26374302423374085,-0.47490830732508793,-0.45962489751894164,0.9401377891383629,0.4788576605423296,-0.6678283902912796,-0.34796649113740186,-0.024182567439599456,0.3184177287401888,0.0956288794893898
-0.16260965608765765,-0.007431040578018036,-0.05356286804546331,-0.3239710580402132,0.08398396278488274,0.2801874521412322,0.17189373022854237,0.2538176688858661,-0.15377101155678607,-0.055574652339237696,0.18738668749387233,0.15395624928493268,-0.7979139899141388,-0.9532635096238249,-0.6503002420087318,-0.008105758455900336,0.877912048365846,-0.9567103996648325,-0.8996878661872614,-0.07561573829357693
0.05543970311914529,0.12302284294070226,-0.03248071444882941,0.2949314943631848,-0.5658163864164871,0.10434282477064893,-0.04654325973513349,-0.042067948182533225,0.29747717484586234,-0.009855110904623383,0.7649498016669147,0.23905525571028585,-0.5359627507724669,-0.5800179322653418,-0.6807880982832353,-0.9031968313484344,-0.8564447998918017,0.7319003593241888,0.008421695847831145,0.22445702245206856
0.118120761464268,-0.1013560920222035,-0.2785455651723028,-0.012805990720341888,-0.002081435690582771,-0.5994284466177511,0.20885632251009176,0.14887518676190126,0.06592811166492783,0.02018415469358232,0.3141470201841774,0.3617437765747904,0.9121476487760665,0.050981131439439276,-0.0436528187098737,0.5409606956900379,0.6759775049369703,-0.3564708681509563,0.2278994189494319,0.10618378862019284
0.04925462316136653,0.3292770726511921,0.1925117081018591,-0.21745381838835937,0.16659057850741837,0.13727209030927745,-0.2579665970776035,0.0301909316426672,-0.13933699945025738,0.5198606181233563,0.44743313993543254,0.12923737938481916,-0.8047634382448179,-0.046444873121454844,-0.6247021008711011,-0.86200209935822,-0.35490983667580145,0.9154134982588922,0.8827254830886968,0.9644003544874811
0.07134322619594986,0.3986136422105704,-0.2677337516076908,-0.3480943402020744,0.10830010064265241,0.010621620819358524,0.002608482988632711,0.11204877900058835,0.02386110920187805,0.30432359409553766,0.6862766501178506,-0.9458498909558455,-0.7503162107041983,-0.7172858354109286,-0.3147672766202776,0.9673011177677429,0.4127029931792925,-0.1098596508646632,0.480542146603091,0.3484164599811197
0.11459239578689573,-0.016836142573964208,0.3029619776420358,-0.6078777732322534,0.15568082992589632,0.07117130190970275,-0.3212794855402895,-0.11139403091849369,0.2628439207951596,0.09264034051510492,-0.09421281418984173,-0.34612867861133156,0.8676838189481049,0.5968109469665102,-0.06258945800739446,0.3961539799781606,0.1574130498485058,-0.5633387920343207,0.349320330461095,-0.3990396885651011
-0.4972590946320215,0.11530508531260997,0.3102428257281242,-0.21234389136513307,-0.023747672893306093,0.05693177341976688,-0.14116102095896357,-0.15349445808841689,0.09032877620897126,0.3024789934025993,-0.44889189429869725,0.8076062640642347,-0.7157066250274908,0.9655258074674513,-0.09987633979007837,0.9924541685756771,0.8476540609307193,-0.5535212617924055,-0.3004480083133696,-0.27529105266507625
-0.013813763317061158,-0.04211734808384346,-0.24231154726927226,0.0028407696038922374,0.011291141031555946,-0.017655262840121283,0.08330116913178076,-0.020955334436678207,-0.00016586662905159938,0.7378260497128103,-0.9094967370067748,0.7833006916733389,0.6876173564130976,0.9371852341059459,-0.4962046448740025,-0.9780047297344621,-0.1327325118543805,-0.4672086852697357,-0.5247560220836576,-0.7367512640066303
0.08422788524775529,0.05192115184798618,0.018121963573591998,-0.19271598303224172,0.11767973235706342,0.11015371542396578,-0.3266165193646549,-0.6058744420712303,0.004960939917028349,-0.0009797120875758986,0.41710492308656755,-0.8314962763888072,0.6698355242325187,0.9961174745464485,-0.16663627702313466,0.18843202034053474,0.15863304413372314,0.8249466241976537,-0.8838481226721839,-0.16278110442847837
-0.05429315825601449,0.026978902075337458,0.33145243000577973,0.03506686596473696,0.15112435146218559,-0.027324923664565532,0.40849010555743104,-0.19653477250789309,-0.5491643488667365,-0.03575875957077568,-0.7488475546953364,-0.49539978079418345,0.24794244127797938,0.07581173792745233,-0.6514732972228388,-0.7869562559364383,0.3421156999335755,0.17228463259109517,0.09325752770077966,-0.45611439328896064
-0.21962399716612327,0.09180226508796094,0.20723271948725724,-0.2128108849184268,-0.01662626635018974,0.18918454020116404,0.316394927972244,0.4359031224501033,-0.11010337730734832,0.08926953789306913,0.9943775079538892,0.4793708585035017,-0.6860790484206418,0.5028349582571305,-0.3133282551894665,-0.36392257998617317,-0.8920438504340091,0.6200348881756177,-0.21876637441357927,-0.6554940754502396
0.610947990772368,0.008871703914484552,-0.04722564628939213,-0.1969881848103933,-0.012802398498937093,-0.017282370298761503,0.09588611519759938,0.5556026264915344,0.11729359617848684,-0.13152155704092755,-0.26919138354094607,-0.7752519595805505,-0.1466009629230438,-0.2107646900847684,0.7068170813341084,-0.7353203673486741,0.5194399733735466,0.19481435015171278,-0.7203271867381056,0.37998479652335937
0.15552606053672058,0.1550991687038651,-0.20273952780205817,-0.10474335600575399,0.3619492257516153,0.077252662524402,0.07371837160675299,-0.4120024819703848,-0.06625420985690658,0.11066641253137127,0.21355209155227595,0.9060493784080366,0.32454087267893317,0.654529581995213,0.8694521497698491,-0.09350769845441187,-0.19263500082211116,-0.36547587887489197,0.9553880492792683,0.4636029797676653
-0.2106464519059823,0.3892907491447566,-0.7074550428675785,0.08285679324119213,0.037309684117641684,0.189929718708938,0.060030061215089955,-0.05415634396640727,-0.032158080417500415,-0.18645648525988895,0.4797803246481216,-0.06933503214469283,-0.4313187080997236,0.6099928389724951,0.7958305182397853,0.8293133382189559,0.48379332989713264,-0.3748347361923785,-0.8469239475233532,0.11872009519411586
-0.0240519010083362,0.18824235519995552,-0.5414363483792001,-0.12786426426018618,0.04022387132724459,-0.4116129389703297,0.22557577307868942,-0.020963333289260894,0.2071241552140986,0.0016330156781307614,-0.9077533593321463,-0.9757424306919389,0.39677530523498405,-0.6585339161448998,0.7906078148304827,-0.9512501565568832,0.9705419881859343,0.5532207389567758,-0.6835212300721016,-0.5604887861598689
0.03453116085409669,0.07153532578187707,-0.19762670315232078,-0.10115672473357112,0.1256138477624516,-0.17483180767221262,0.106211724832673,0.2017255586824853,-0.6816786659995816,0.1041853946504635,0.6670117161301752,-0.21693819684417814,-0.1375476467808081,0.6114320622662726,0.553007838608736,0.15459439451518753,-0.5873886817397913,-0.07052371657457468,-0.07700838861806636,-0.17014034798843847
-0.024810357558136105,-0.18084811522558633,0.007397386808173624,0.0029338257129223923,-0.16083674544072973,0.7325645003639661,-0.08381615675132117,0.009147129031453904,0.26871828992341573,-0.013137556878877932,-0.5688331793484582,-0.630080521371094,-0.9292906620184751,0.5472727791556506,0.4762318950014339,-0.7977451919349019,0.7212472171306386,0.029365185528127835,0.5732096742688135,0.327419916191487
-0.7395284920272867,0.07609324989182051,-0.10631203485116979,-0.3807948134508272,-0.04704399556755609,-0.08144859819345257,0.028979625184254176,0.06588354431714889,-0.05701147392293121,-0.010734885478139625,0.006933010310158583,-0.20403811414887785,-0.6912455032264038,-0.9381184865699539,0.94738481945731,0.5543800445141234,-0.9491783690407605,0.5378883971754835,0.09367411590363117,-0.0709156355533549
-0.01618931850671812,0.16701477620657212,0.06295581650822563,0.24189907236499852,-0.29986028715946283,0.19067883556718376,-0.16569143263534672,0.09122485560135996,0.4706803198092271,0.36058322373429996,0.0031293990089014123,0.6449622883755972,-0.8488958293475866,0.8564198404888927,0.4857394014476428,-0.005255118236600964,-0.9243591668415647,0.43308293078082105,0.807968129735519,-0.7410680028208798
0.057976552839844236,-0.12013248993753084,0.021295994646665983,0.03545732926511541,-0.2036434873056734,-0.0006794935661480483,-0.10864814112429849,-0.14670618468052882,0.006032285752186062,-0.01978938472913455,-0.8946428551184777,0.22869395408914128,-0.8059445158398251,0.8395579728620588,-0.4287371117487764,-0.1944540188256494,-0.7327350856354826,0.6940362106861075,0.17855446899368843,0.08265717376429227
-0.3243715831529125,-0.09504220283872639,-0.13372123630772031,-0.05281558698156483,0.23033034955396825,0.03660455325372952,0.37096355789196966,-0.3628757229642485,-0.18469312867336252,0.10287512737318502,0.24144789137270073,0.6706451948363024,0.010065230167354944,-0.31633609024883924,0.9037126347324631,0.9104662706942301,0.3007466641789447,0.11828427602829028,-0.22068945324363498,-0.1569679370365884
-0.3687283184869369,0.16123794836633842,-0.0686962185860166,-0.011841472121422725,0.2637761399056948,0.16167068913597743,0.07379540481333924,-0.17252765573045614,-0.289457587846818,-0.08198554190851659,0.2483655818192716,-0.02407694102047042,0.40263319174698586,-0.7499847743518793,-0.8533012138262968,-0.7322441841230329,-0.4782730105123598,0.31408383148963104,-0.7521244492268957,0.29464046599485716
0.12474326319517731,0.029794372519575847,-0.09579706763109583,-0.10787029357696243,0.05053369389828099,-0.008658073560084707,0.20484139623253672,-0.25712462590036805,0.2604651080233686,-0.4019187313067577,-0.10535492562845139,-0.8049748248104662,0.23440973265885479,-0.1087858377315365,-0.8569286127203182,-0.8484665713011263,-0.005182751824752696,-0.46647726735071426,0.14103755325824663,-0.8050457678688971
-0.18991504600360534,-0.1315488513636987,-0.06610373021149085,-0.2287954049315211,-0.07454683628737883,0.1180583998993684,-0.026138360510967382,0.0034124326401766616,0.020394150351486326,-0.7130050572548131,-0.046286831136624684,0.9624331160828388,0.2684701379822114,0.21079919520209467,-0.40342915664786894,0.1428867584863922,-0.5256493000419629,0.06342099999358375,-0.9289586125004583,-0.11900766025409504
0.24873603561824387,0.12706952420403328,-0.036293813747325654,-0.018675840688532244,-0.014789799268716316,-0.09323299401853624,0.044411151107451655,0.7556030785048969,0.17568351926253867,-0.3061673389756332,0.2508964788036505,-0.8924143844988277,0.5057339965115712,0.9441464682354861,-0.6327691057040521,-0.47812151126054747,0.43870244581361284,-0.9160904079265364,-0.6286342133181106,0.6874670124149045
-0.31207176488481464,0.18553612886657217,-0.006292695224146383,0.5257212859971256,0.14233813728860617,0.3993830311784028,0.16816644774878947,0.07191418441757935,0.20610434461201294,-0.2502694598947346,-0.8551708610080202,-0.16429542619253712,-0.06974022031931404,-0.22980964074232202,0.6540655573124476,-0.00039040246432642256,-0.7353885916059697,-0.9469304882922143,-0.3052443658347639,-0.6816757586330542
-0.017428176967986434,0.011331671707805066,-0.239985879132974,-0.01744039235680673,0.7359052350732511,-0.01918586042927551,0.06363043699582473,-0.022269601628428396,-0.10705408214540951,0.005025936134764212,0.6957551030203042,-0.8274913746126251,0.7844028130817327,0.8619322261242619,0.0013668637744239653,-0.3008086375033485,0.13573974136425382,-0.4364623490849595,0.7072999965676812,-0.5615892333679144
0.08351231597365352,-0.0867455085587773,-0.13916865666504152,0.5893183911259074,0.12872380733998298,0.18504896893222159,0.19122093926881684,-0.026837440046257183,0.0795422660968195,-0.04393892572604495,-0.6807088626322642,-0.7712539649204799,0.6859794898161671,0.9607481636053805,0.7167259952599245,0.275897511540357,0.0057610030155124115,0.20585100089147002,0.39520702224200654,0.6464094426587053
0.05982586336677298,0.02357337494316375,-0.20624979502335983,-0.6851861271923525,-0.12577271425004796,-0.22160514284356747,-0.14110754885314855,0.02213153982965721,-0.002786797149790604,-0.26935849806628076,-0.15730187910046323,-0.7699500248028643,0.7912320007849685,0.6183147279465451,0.45060569042120235,-0.45073677944752144,0.8363881745133566,0.915741647614821,-0.08930083282927415,-0.09467539868090591
0.43319294726731705,-0.09609931350917955,-0.023435927486055053,-0.40070716988605937,-0.02928612789220171,0.1229961604880508,-0.08427987716169685,-0.15984035996698887,0.2648105126989505,-0.2364606272763184,0.617435797218671,-0.4447585329385948,-0.5745385697402288,0.03924348652747489,0.9936338188608629,0.49799683845012943,0.569271123329743,0.9449113180171627,-0.043190615779813646,-0.33274811407836125
0.009363288524006794,-0.13528738374741933,0.03395669294428859,0.0038291453961239643,-0.003644343877668186,-0.6078608040096651,-0.13305363262703743,0.016709310829830393,0.2100968960776504,-0.010529445586119422,0.790667408979207,-0.8999094730168427,0.4261002338965769,-0.2899645829159234,0.5237591905584424,0.5446118138602958,0.9692618611269737,0.3770343012573849,-0.6675392227620316,-0.22099137870789565
0.013023115521683643,0.014878884455721289,0.015030410350160103,-0.06547384391577327,0.5984812522944273,-0.015148091676187744,-0.15405036104194159,0.4829938895001453,0.031519315188064945,-0.19616575755783816,-0.5164821482993205,-0.9378812757740989,0.08807575138591939,-0.5759368617397465,-0.653673178948964,0.5119138111148689,-0.5326811288744449,0.006638629319898559,-0.6581218256732786,-0.9524366813362464
-0.40997782413709366,-0.05926992389435588,-0.060842818679558985,0.12202778216290791,-0.2050542360303085,-0.18619870791612392,-0.13165570135535926,0.2854932115063986,0.36363763967671836,-0.06793715463967481,-0.7454163152797963,0.9863169819722124,0.8968472714970059,-0.36666006439041876,0.026199759771610154,0.38337471900091,0.42546408522498735,-0.1894702241786459,0.8184763187869988,0.8644945857128865
0.016530155464193078,-0.426997753660404,0.19680222030485273,0.03218006868409745,0.23505603001956565,-0.013303375744164514,0.02514860490939308,-0.037568458726031345,0.27303965770006355,0.28000819830313767,0.9920521494185213,-0.8412807100659878,0.7182170185872137,-0.8841902451780799,-0.24634754045665508,0.571370085949966,0.7278571626845451,0.6216761769132568,0.6841807759460652,0.00996143853505771
-0.0669967719374112,-0.015939861248269155,-0.06846540621615903,0.39149574867211334,0.08212743081217919,0.1309669977279373,0.1527528271625259,0.22660035066980533,0.3071476334551637,0.028853396402743953,0.9191889920284824,0.24489166422212238,-0.06585332768319718,-0.8287743674429309,-0.92560710831213,0.011811320841335293,0.21019723504505827,0.05519790984063144,-0.01256372945059625,0.5017718745965776
-0.022914222252520045,0.133722105240207,0.11716843695451712,-0.29728240280326695,-0.024129631356872933,0.4341092316500069,-0.03218603365120676,0.2863241748962693,0.167350078664394,-0.19838314703100604,0.7262842479810518,-0.5803447117128091,-0.2970384153790713,0.7396509079804001,-0.48319310822123973,-0.7648165376370213,-0.662366600147331,0.6852080053138809,-0.2639600872193044,-0.7871613561596233
0.27205053761632636,-0.07339292523084892,-0.27277263068220764,-0.15845818672117695,0.07611882794479827,-0.014001443572227032,0.3646796508133453,0.5725744555355348,0.1747342895965116,0.14441745676101886,-0.11137692192065263,-0.07622636833777885,0.56584160611167,-0.9155798705025235,-0.17001114531580241,-0.7228993258857119,-0.2615266536663765,0.9438954961438468,-0.24485904976612272,-0.6583033795686009
0.039378458376178316,-0.236757568492767,-0.29914102177977503,0.16206459802700346,0.210082789836754,0.3032839023518217,0.00711095377551374,0.6111822923587962,0.26000645187391436,0.03221953521478403,0.22941129659992932,0.7881954651790888,-0.2665771929340164,-0.5390608149901681,-0.07733704441902023,-0.853980429963535,-0.4295401959529219,-0.004471435430176918,-0.7245902108155695,-0.44959403711345836
-0.04634886135287397,-0.5385169784341479,-0.4077201427527535,0.1299333768363078,0.11826480612306972,-0.045460475688650304,0.4129457751765036,-0.07643339430834567,-0.13676218778315005,-0.24680652486728874,0.8587945424095071,-0.1513348248982811,0.8679739544012111,-0.32889974136377664,-0.0035885237486714683,-0.6629552418556077,-0.9796111747339291,-0.9496829506134679,0.9072167778952174,0.9571864351443025
-0.20586170606936816,-0.47176551550125423,-0.021172266343776475,-0.22358152227576417,-0.3377380335718967,0.3997500321168017,0.018923971817470187,-0.034330020858524754,-0.1425785759154825,0.11996591234261317,0.5881660918538822,0.7941362059286659,-0.24234466635972218,-0.28721235906991915,-0.7645575420604778,-0.9119264622148167,0.6968010130002029,-0.4909472959450065,-0.9086008201707789,-0.044616005485780263
0.3166505898582345,0.1394726096213535,0.03284320908802213,0.4717785636964833,0.09829391434968257,-0.10755269961052419,0.42401332994540497,0.03735401836434504,-0.04143064838764368,-0.05229635240986324,-0.42647226861186227,0.5999392926358076,0.21247504283151408,0.07512204037924186,-0.5255754247781481,-0.4924792882465787,0.9489570656126429,-0.48888482242005393,0.5533715085370838,0.2679313538033008
0.011496769496825765,0.13349024465275183,0.12525117397283642,-0.28589767288700213,-0.041792929816434454,-0.47062993116452806,-0.2161753559318958,0.044966059921547175,0.009384788716158277,-0.49267449188808865,-0.005321355774967618,-0.994861325739608,-0.7391888165537015,-0.032925252882858524,0.38958956885888507,0.2692316171632172,-0.16319904436561217,-0.2348892754058154,-0.8516976142854589,-0.03473736050094356
-0.012410607716894707,-0.14615386777580147,0.07001123879633217,-0.4878963805119059,-0.1788343913928152,0.15501112122262817,-0.07800108381311827,0.4605132984633682,-0.07280003966474435,-0.45645168474235387,-0.2566337589409684,-0.9912081660463441,0.1811389449731895,0.426969473402252,0.6964915539246033,-0.5446113064266536,0.30168393163541096,0.4016335430374727,0.4182221994152038,-0.6417515904887134
-0.04527523514818659,-0.19780581470811975,0.03658535620142581,-0.2394501415214536,0.0017658208462570345,0.6358341497230874,-0.009503609640035195,0.15596288672342695,0.14409235082273975,-0.12525850639689567,-0.22888190143143494,-0.7957216423316347,0.6790798726632732,-0.5110167884135757,-0.6223012211307593,0.25731590630074797,0.7103056072359508,-0.7759957396365584,0.8344874479311946,0.8450922363359259
0.14501377509510743,-0.029316427694856532,0.27611622203568265,0.21164879468309922,-0.39069637218980535,0.11382315582656581,0.033297831213296894,-0.16117040924165615,-0.062199899335951866,0.09887522711835905,-0.747090892852309,0.4639903452586456,0.062187338890664634,-0.8295057779088688,-0.6729078554045649,-0.32240999532183423,-0.5292405419719768,0.6571464989592795,0.7230611806206273,-0.5275354425866825
0.22541860454880092,0.011037685108677031,0.3339768622881068,0.3551398367480877,0.4974104741239892,0.07190885166945327,0.12862719976032821,0.009577851766171819,0.23947853056245993,-0.2248058926666444,-0.8044183840826926,-0.8191860050939761,-0.8663403365846711,-0.8212839405052992,0.2766973723208004,0.9690600501294513,0.690194253230975,-0.8519428228284451,0.7390088305506977,-0.22581693488280385
0.46066551875322614,-0.025483288787715302,-0.2856382906626973,-0.04770973141198767,-0.17921676865691072,-0.11680027904798698,0.062206989178308886,-0.3986132011352253,0.07171815803120143,-0.41344972380153483,-0.36662114489432374,-0.7399185266575741,-0.18364827191813937,0.3921721237298821,-0.02288164698825823,-0.3384776446922817,-0.12182177694175289,-0.39825896278632444,-0.9991973624208137,-0.709895459496064
-0.28152375229749943,-0.462748152573344,-0.22938463267257797,0.011390211506567596,0.2871210092163876,-0.019465511144940512,0.16017071824309392,0.30410113535032224,0.33462403924452155,0.001712852541904682,-0.8484616959861295,0.7841048422453127,0.6775354264024256,0.33610809339653525,0.7278429016406829,0.4095286432622045,-0.17624645027115693,0.2329146167811107,0.6362782439136858,-0.694610155166759
-0.10065338900752835,-0.0019782065691606628,0.4176636861676777,-0.16759917657214024,0.03340769537538347,0.00018047203938437867,0.1765079443889137,0.34826858892878454,0.30780330559283614,-0.2261091448627496,-0.8547437526733102,0.6776417040132727,-0.28621170602635315,-0.21834871268337785,-0.06616354027990523,-0.6817726095281322,0.5766768650479233,-0.6691908997790004,0.4780481553607976,0.8475046902241263
0.1750519285166643,0.25078636590550574,-0.17818359458644417,0.06674534308685467,-0.3476280094961656,-0.04111454700196327,0.07964726631549682,0.02234266070460593,-0.6086262723564226,0.281651555219427,-0.7795840690586373,0.4587187518301119,0.9700921837921375,-0.906070205700028,-0.4127835475068702,0.366796204872754,-0.19881296921114644,0.2548439422622917,0.775669116245628,-0.1247099455657803
0.013451776377176386,-0.1531256674367407,0.2250403099015134,0.7215079091515059,-0.01658378486324913,0.08720576738582031,0.16683724374100894,0.16860968739002952,0.18258532128242855,0.22731469295176843,0.2883602976292068,-0.3913756358390197,-0.7190074791417145,-0.6478893232570226,-0.6971386250403493,0.9861235586373214,-0.900991553859674,-0.7026366059867688,0.7631676192278611,-0.16182963963337182
-0.1675059266547792,0.12585522007964126,-0.4095128646389597,0.033367508055335365,0.0597460413008748,-0.0761289987995461,0.07925934534679548,0.3301114715242528,0.5643936105975593,0.2833684818432587,-0.09805585357303626,-0.6951725798024908,-0.9411901933026363,-0.9540103391083168,-0.27613275808404647,-0.5036833962849045,0.7112237431273432,0.42621592765649075,0.429981387174478,-0.8826151354514478
-0.14301865186007073,-0.09159667344906086,0.11476984136414581,-0.14387806201078518,-0.008855221859021267,0.6823720190182023,-0.07122374386315797,0.19393703225711278,-0.09668272806147593,-0.2411018549461651,0.5361194035540939,-0.3751515354020898,-0.9830725219059142,-0.8850989432631848,-0.02613355316725241,0.5552515502897588,-0.5212662593256518,-0.45611149952499197,-0.8385019226404715,0.800652859773374
-0.3418509786066899,-0.27004379418685653,0.07181335255405216,0.16964807426986778,-0.10252592033796051,0.13729080512602684,0.496756185225825,0.15250913357828672,0.4216246702875712,0.368839991836603,-0.4480007699001649,-0.8750442916453964,0.6592450529833458,-0.583784576031467,0.9026078207443167,0.5926815837900654,0.1933526917274646,-0.31220308987255585,0.7965468456862947,0.7244892933803826
0.4352751662866755,0.23170588116765,0.156642448397998,0.17503448363730162,-0.3054201467865752,0.10935820361314223,0.1853630201470668,-0.014159375134403851,-0.06725722310276022,-0.6141014289198636,-0.30486648963471397,0.27284148758842264,0.9262334278593034,0.8651121905041568,-0.06719062208429238,-0.22228364705230663,-0.01931865438941971,-0.12698108365832073,-0.0148771509122958,-0.11957428107400347
0.04925374873860118,0.5009565283475538,0.47340877297594547,-0.0758704075442094,0.2270891002343646,0.2947375883045016,-0.05133559832066115,-0.04243366881992697,0.09665396103275384,0.14814761414645003,0.8855163461280084,-0.05215991880413595,-0.05254572339703567,0.5671064614109727,-0.47339250076583617,-0.9938713810280453,-0.0026329940380802608,0.19501717466964674,-0.6698286267582885,-0.5178770423390302
0.11272557889123482,0.8536993150778046,0.002675625275803662,-0.02800312902116394,0.018800673192945715,0.14963984465595853,0.016851102607512297,0.00197987811966829,0.05023391400570858,-0.1257305729313466,-0.11993391144610976,-0.9327732431832292,-0.3652559669533504,0.40312207366671937,-0.13299725818296215,0.623663390586491,-0.5950715725868501,-0.17729237007643417,-0.9102775785283772,-0.48406905651982357
-0.057662967345641164,-0.030608994744408202,0.410330651550881,-0.34874242485394474,-0.42205259788543936,-0.023084436194017566,-0.2602188281267423,-0.05406990492564845,0.16168687961898237,0.13624738163390618,0.06881210722484576,-0.8856597930986856,0.5082714051843935,-0.3517351575121024,0.5250949889931165,0.5124401065525992,0.4874123509413424,0.3304178503980295,0.7666190516485003,0.18157882335931252
0.006993585855970069,-0.11592136719821822,0.30105417783600574,-0.3724279265782098,-0.12744378263834238,-0.09060009163418915,0.008201140560134684,0.15706304409576965,0.0707428714054614,-0.3354112764403192,-0.9277705149192346,0.041319855491050106,-0.17484037196416602,0.3161622351192366,-0.9263231627131163,-0.48825854430407656,-0.9316053391647601,-0.7829995136738388,0.7296310126016352,0.08271655168567094
0.09537182843015823,-0.12523667719475998,0.1784813421307826,0.3452730193187111,0.009482085832901742,0.014770184263856838,-0.4961539246358969,-0.06310948814227527,-0.46926115110713995,0.2726718886952757,0.5350658480746981,-0.8149520039670581,0.4158928876093586,-0.09884627961164716,-0.6810927015014949,0.8866367085632789,-0.9679636030270267,-0.2389763216506089,-0.5787687506688415,-0.2829337958292275
-0.08507559480810584,-0.15069373711649042,0.15083207004943644,-0.37072259614440795,0.2455283389901176,0.09686464107108828,-0.5243782525499148,0.01139535493013022,-0.24376307956553228,-0.08866597705792548,-0.9485660177219444,0.0618501118391237,0.1861877075580971,0.791000306503866,-0.5850679734497048,-0.9743703753581681,0.5979582836547028,0.6411258896743968,0.8795752208644265,0.7549030749311816
0.0028000352008598073,-0.3892031860839419,-0.2648958660408562,0.16699742073682003,-0.012025779578926012,0.20676963921310149,0.5108641134599184,-0.0029190065734221032,-0.059025460945314384,-0.027557190376433338,-0.8668920701070835,0.26229987028330903,-0.2889441441628624,-0.645225397881166,-0.29981504244123447,-0.43880668408039303,0.5638349563577283,0.1424192738225727,0.5834422526844283,-0.5587719915055713
-0.08236692519803143,-0.058163332622027476,-0.03064397205790005,0.03709973171928032,-0.4127523178550015,0.1323169256508149,0.08513400478607822,-0.12085290408515534,-0.22033840606409566,-0.2159043949629191,0.27423118925761303,-0.6149258093811123,-0.28716872990833164,-0.7294733461249412,0.07374122610138767,-0.2914735118626355,0.8101450848973313,0.05921988338841033,-0.44336165927931304,-0.9761078569839354
-0.06335117974742381,-0.026038369274811582,0.013954169259800892,0.001726556562879511,0.46805853112536083,0.22370313758900967,0.17118909748613714,-0.004356172945398945,-0.641383657878396,-0.034538202770762416,0.6362914417632803,-0.239717873088247,0.3397930641283873,-0.635892527396295,-0.9526854950474053,0.7916496072968053,0.19044720827424322,-0.909288940023883,0.3347290811757022,-0.8529994730192623
-0.2210111220607083,-0.28945432332180915,-0.18019047103810307,-0.06732040283070177,0.16564080900575656,-0.3886341785533749,-0.09846757306445805,-0.26849035318415904,-0.3298712782606069,-0.2707231060885016,-0.29994448133817664,0.17319131506701546,-0.0838114677634465,0.2788821889488111,0.11111519204488385,0.3866187568933783,-0.42218137507651177,-0.9861409294488594,-0.9231986356370092,-0.05294640782987736
-0.5926580363212203,-0.04168713983780148,-0.20357479422563138,0.1917692166305911,-0.4314772564943471,0.019036453485637206,0.04767158866431845,0.3781825717616814,-0.14324323392719557,0.06614479800366124,-0.8085082170045754,-0.00425331829525688,-0.014789653688108917,-0.5432668347122047,-0.9321012461465878,-0.3833962882012325,0.7462447430598724,-0.9837928946116579,0.47788401810275816,-0.7417603277673896
0.14566674749563666,0.5813217437399155,0.06750913906102685,-0.022492128997390795,-0.27210792012861035,0.3790883949303399,-0.026296170472052932,-0.0407642809522595,-0.02336040875434396,0.35980679948481353,-0.9994236417425808,0.22721842289511818,-0.6755869885794958,0.08342399904231623,-0.8227907302437194,-0.6109302099011324,0.9041283792399759,-0.10043081279059862,0.39101389013599896,0.11397580301285215
-0.08679046686842609,-0.07675421065574434,-0.8519876197582126,-0.19287771233486004,0.05943005832222714,0.09261497316110529,0.10733419569303831,-0.06289905162058496,0.0031648733903801296,0.061782925136003586,0.34720574417186745,0.8940878252368398,-0.051784510393136696,0.33061792247841404,-0.8162326684927408,-0.6113786636953151,-0.1481632105202726,0.5142349388543701,-0.5148570576845832,0.7591136226398181
0.06170945665037374,-0.08421180275170652,-0.24584254345285564,-0.0016867125347937285,0.08269549986904706,0.016280451570321805,0.008214362717150425,0.049062473811568634,0.6890246324089053,0.007207630665601218,-0.1876683364580103,0.25834470177252733,-0.37368400815427494,-0.17598876850146006,-0.6339334312136233,0.963343385400834,-0.03466676856460893,-0.9135591023981433,0.4805119707509835,-0.23724173163038786
-0.05469135279000868,0.007042898577158757,0.0022482945953764266,0.07513642943275876,-0.4235340826882572,0.028423727510998753,0.002199824287537122,-0.2923571979598584,-0.2740245329574239,-0.20825766431068088,-0.36823354305228717,0.6397391454791597,-0.17321003241968835,0.44378566782542905,-0.052951829341980616,-0.9717853976592423,-0.2000983091548878,0.720232583694828,0.27388398489662547,0.4588443622629401
0.05591669616363991,0.0033490712517234775,0.10248677711155729,0.13083214073882315,-0.06543234509369392,-0.259734932048884,-0.000615603047009125,0.29234483565756003,0.5358297958467724,-0.33187409123534617,-0.12240229006463021,0.1954063685496159,-0.5910169191697434,-0.9496376190362916,-0.7613156407364055,0.11080410973670007,0.24890875996711248,-0.49784785736533177,-0.3808731791190849,-0.21982081668207942
0.05189508567900636,-0.44038018166004705,0.08014790817089879,0.12200758077842327,-0.005583479229281402,0.16549083891019054,0.11505894585483717,-0.5673990673979276,-0.0323786198913085,-0.14275400479074793,0.4747163955132945,0.07625478850694467,-0.5845294055196208,0.8107793829900836,0.6656618728746437,0.40311145633942647,0.3038549571387279,0.327956543813148,-0.27716128271723917,0.7265203640521947
-0.02718123205681716,-0.06190437288105394,0.08526750846952452,-0.04324494693446787,0.053402570875333844,-0.4947105927750177,0.017585539747103474,-0.23572278991465656,0.056396609810124024,-0.34775261362599885,0.6080751655073926,0.7545399409535105,-0.4555357880615112,0.9812740069293973,0.444160858687646,0.24929417434178092,0.4461563336801333,0.030618913041592588,0.28844831163634965,0.5924945050504615
-0.09238980001785306,0.15742194561531964,-0.33691947991889204,-0.39095054921165656,-0.11773173773836015,0.15735077802288674,-0.25652917569856626,-0.011963120331069527,0.021437181121988433,-0.6973489594352758,0.8519218198195153,0.29320541946894085,0.8105110809455216,-0.37655212126987414,0.696792386525712,0.5146749199850578,-0.9118128080219507,0.08590152207945789,-0.9951683719718118,0.1782398659043145
-0.060604885187902635,-0.09841422088086191,0.02050169413369335,-0.24827772801902848,-0.2111591245434304,0.2502611532793207,0.019898573843104207,0.4768694832657999,0.28805777101092417,0.28018364641457816,-0.8690504747974177,-0.38948624625351713,-0.7789566651233213,-0.00871031093688579,-0.573517761322146,-0.07435996812845458,-0.3119710132290554,0.7129842016122059,-0.8925727292965091,0.893195723294052
-0.3266602100167053,0.0991583810741587,-0.24751480678365578,-0.06197433515092693,0.10812823156392012,0.07110915784132484,-0.049561043674697824,0.5675243924633993,0.03136947783626137,0.012520162501404888,-0.16161968277358185,0.2963599854567953,-0.5812952271142766,0.800703003056805,0.3406263120033701,-0.9019742056264097,0.410109006014691,0.5921422246473631,0.16239565918212073,-0.22019335721001032
0.1451868918887821,-0.2962666540261238,-0.12203160940402313,0.1140185162947227,-0.1894200383115306,0.045652326408144386,0.4979685938794365,-0.06778764409908555,-0.3577811605849864,-0.2821616273943589,-0.8112033557439091,0.07733451095361299,-0.8955276493430826,0.6011878173769978,0.3232660090751178,0.25794321889938465,0.46302553590820317,-0.269347685418994,0.28312120261936746,0.33361531030857616
-0.12407336401499439,0.297337634713601,-0.1554162596213075,-0.043014313665693193,0.22347019155161285,0.17882227206607038,-0.543579837123398,-0.11827832053297854,0.12727021963045818,0.07252333702116498,0.6233745861086799,0.13475935265650585,0.19097431388448238,0.6697261611318834,-0.9649332141693348,0.9090167484049574,-0.11536822305218863,-0.2864072376448934,-0.9632385774421846,0.29067283085947926
-0.06530842485316815,0.41872295606439036,0.02882889009616868,0.022608763366161008,0.18973760238410717,0.021000607920472005,-0.5513856809119444,0.4185865181477556,0.03158470856222749,-0.036402293583279004,0.4904397302212393,0.7289698832680247,-0.44054444964362194,0.11451799050570033,-0.9873012499656972,0.5660729234365103,0.15688170673504387,0.7322617280950057,0.22885294527596667,0.2947346366474246
0.0574036447899612,-0.1468708333059465,0.47196930363606016,0.16665267669005712,0.18358589248581653,-0.03164578266410058,0.35020329328021305,-0.062324398464639164,0.4975540113246524,0.0055657709442594044,0.20018084065106811,0.5951851874309129,0.015981618364619088,0.8824186076246103,0.6133490219261271,-0.30895272749707403,0.9700823291744778,0.39504726679798896,0.01626902001372721,0.9629713920093261
-0.17001696664909266,0.3928503256212844,-0.10931625819174691,-0.17718329318320084,-0.10200987324583294,-0.07886997360370132,0.07560424920250053,-0.033344229490986366,-0.36895687723925313,-0.3000479031417195,-0.25860595474685044,-0.8349863010389182,0.7770312833410231,0.06187690931589751,-0.9770230485460105,-0.17713734848296903,0.8818767728521286,0.606040147794261,0.6134657953379785,0.8923438682682192
-0.2341432762091527,-0.294078175441801,0.16092496958780256,-0.19182747715636744,-0.3457830903165233,-0.12631789093167733,-0.1500511208980776,-0.43394441979108644,0.06266003281189071,0.07298423044275992,0.6745024243788733,-0.9286035160606783,-0.22943722648047737,-0.33829464018017474,-0.6560835598819144,-0.2805852083883118,-0.9797575772684517,0.12496766402799353,0.20676538975226322,-0.2874325308099537
-0.16646456803463483,-0.3007986079261388,0.21809953769278856,0.07128003033975043,-0.08777196395013587,0.5357216660407671,0.49888013134557263,-0.27313630410764356,-0.14810552325320475,-0.0042700215716781065,0.885797440622075,-0.6109178201005312,-0.7860743222560385,-0.7174090986074577,0.38500677370250425,0.4414563179866937,-0.37470974487162456,0.30637375161392577,-0.3543231829366109,-0.7767354272215865
-0.16178474844811677,0.11003906291470032,0.008584494424177025,0.1687264995477169,-0.1822492899164934,0.10004724476665888,-0.1111106218765094,0.14137228467445462,-0.7584545219963388,0.05441532866653462,0.06008129622818226,-0.37659350680004633,-0.6793325691734364,0.021771669150861594,0.5821159504376572,-0.6596984616001977,-0.3753635150102024,-0.6723028598659764,0.2405378575176309,-0.6596898321096358
0.02918608484041107,-0.03161146197998531,0.024640854998623278,0.32025106289938926,0.17589257933985175,-0.4239390009609169,0.15961809729706247,-0.3923189155765482,0.04746629991697446,0.02213836549866014,0.996986465684597,-0.8966247358197084,0.02982502952203192,-0.6889715365730289,0.12038636704684569,0.41015900386360693,-0.16346549907129382,0.5905289240788933,-0.809121588570078,-0.6128483434643466
-0.7181064575584986,0.025189228306304053,-0.19043837940967223,0.0032975288733561835,-0.02892030678183488,0.01888014253193642,-0.10438673113906456,-0.07888726197974476,0.04296513249327492,-0.17034535419361327,0.8092785782075036,-0.30924589959333404,0.930456405040093,-0.23208162665452314,-0.8646928006998265,-0.28529123888971064,0.9576101183694621,0.8795515323109993,-0.9936038352530512,0.016152873537649715
-0.06896148596954899,0.09322963862972512,-0.27257570492950817,0.5661979713639071,-0.4114711250575375,0.011866569977195256,0.023254788389116876,0.11366866928780049,0.06757781163928422,0.06890107395524143,-0.013016851961529685,-0.8924916373151983,0.7789400296426627,-0.37394080780635486,-0.13831702363444776,0.2833138522083012,-0.8357027120122222,0.9976160662424003,0.16198764586086467,0.24320835994451384
0.02379330165389078,0.03623241181707189,0.0921166149799229,-0.1746298213280013,0.05919413391858193,-0.18317357973334863,-0.6129981187570186,-0.048466933478566024,0.354206433883102,0.06692455459825537,0.21569006957689507,0.28030387931102174,0.5644870580694492,0.2521707556955872,-0.1665795657176361,-0.6609379762828913,-0.02701892470463907,0.19742036474547509,0.8087040017655927,0.6868899301963605
0.06874655245126476,-0.6409712748306423,0.005805544678977315,-0.046028130377229776,-0.04137927373373301,-0.08869973856507103,0.029403094157212144,-0.042325092942862214,-0.32514717477299865,-0.11725419185643031,0.6033563215233,-0.07504758088680097,-0.44125011773943745,-0.7668794969382229,0.9367433157689067,0.703258690159672,0.13268147517265239,-0.9484536090294333,-0.06496830341060944,0.7948369684532646
0.14582377922313328,0.38961686124011674,-0.09829811456852322,0.5348280456189292,0.13505893477042674,0.06942166051646431,-0.30680441022429084,0.08154936999477258,0.07808062808722133,-0.4324822705366468,-0.6015684740011722,-0.5014196581774555,0.8856622395739875,-0.3415791952112499,0.7880846950907352,0.9964414350245423,0.819704093328415,0.6109191663999871,-0.8532943673621074,0.8680451111276428
0.11685508438503817,-0.14733645066178547,0.006722541670363069,0.2007962826161126,0.6406058545357683,0.26832084043246773,0.057174913710486996,-0.12887777956344587,0.17256305415357748,0.022090734231313136,-0.300420771367248,0.7491453866378257,0.0806319636981696,-0.13062683689868182,-0.6502778034671304,-0.4672257826960504,-0.18507926156266086,0.23941041842847555,-0.8992283249543216,0.3484308044399609
0.009261253432371452,-0.343329818323449,-0.2812701630939341,0.1144171806814151,0.10681436912121872,0.016166973028247433,0.004156292064091516,-0.2546297101878998,0.08179860249968454,-0.48780012837251313,0.838096564290117,-0.6385021429125921,-0.45723904130859583,-0.8047962386113119,0.1026050075073337,-0.5375430246600261,0.42940462050802597,0.47548045540043415,-0.13575227501603782,-0.6770607119849601
0.33892731697836065,-0.19937831418988727,-0.2866091031173896,0.13680347063217357,0.26285679808266016,0.041260699827013525,0.19211494804265067,-0.3249716148433083,-0.1554411224447707,-0.22248568616714753,0.29662847716217566,-0.13399826507849388,-0.2908099614975319,0.6872560939936669,0.7172138485631638,0.6298332163486471,-0.7378325867995894,-0.5997713250015329,0.6528956561785475,-0.5507931614224686
-0.053054505399021214,-0.22383268571204537,0.029940469391218416,0.03212659779591712,-0.013798003389375469,0.39952574032470456,0.02267222805218718,-0.3997857023563392,0.09061698013286207,0.014474918443513243,-0.6210459321207673,0.18871357588523896,-0.558804922211771,-0.08016790873474244,0.966983227108694,0.59359033786593,0.14596697174135742,-0.4156063895863189,0.5440053517932795,0.6395244280777468
0.4630645234178612,-0.3244899941719528,-0.010262718864485265,0.029635595248166044,0.09689804005866307,-0.1552601481035594,0.029259490645650837,-0.026670056695013877,-0.05032225608569568,-0.17378041379006937,0.005473102608823055,-0.05105320394946422,0.46362578336432647,-0.4165464489853623,0.7090107365626863,-0.23517947570784603,0.4640172398393796,0.3860440349281671,0.5891025208957752,-0.2992681453905721
-0.3938634870645791,-0.009544717912608164,0.060561002404384084,-0.07622981695088316,0.7133468757464976,0.19510308477419852,0.28527813773205724,0.03854552458921051,-0.05227055894518891,-0.04460502786745757,-0.7714363960309438,0.020812965197522404,-0.5829172125843285,0.30105475983929053,0.3416847738446669,0.21722302545270744,-0.6642258351948953,0.5246325446785227,-0.3883483771178038,0.4389893552814832
0.13016994762518785,-0.0015439189317798252,-0.03185688160759941,-0.42517315017520607,0.2698779578378615,0.13513099345742025,0.3472629022821859,0.025223125613234587,-0.5340876451754529,0.19738402120878648,0.8343700154712475,-0.10972273178893843,0.9236430883558104,-0.0022674805228339867,-0.07733077213491191,-0.4439816751308141,0.8869576436436664,0.9312044845115621,0.9482131511954841,-0.029479956597181944
0.1982671127540394,0.16208802176131065,0.40372176663323195,0.04659169279704134,-0.018564479057909658,-0.025311553305001122,-0.11813660624883301,-0.5724258776663765,0.03097024987783352,0.14008594624953416,0.21324427467962037,-0.28354488577639114,0.46879264269626963,0.37567875383156824,-0.11919137249468892,0.5657628708785551,0.9683789840286596,-0.7584835760934117,-0.30733523419543607,0.2141741470537939
-0.43460159640041185,-0.09369315536109557,0.11065271176687241,-0.10197683943570104,0.25119331919015264,0.3612669604865828,0.06323419621223941,-0.10756058860028866,-0.011707106249389865,-0.5227568944829316,0.1596520797096117,0.6076093830431792,0.48373409036100723,0.9464558899492936,0.6642467364997344,0.19039848610774435,0.31245743762623635,-0.323982927246629,0.4334618602176197,0.8193509563535144
-0.00044661739586608455,-0.23606186271635954,0.32233026102304135,-0.09562499031167292,-0.008391734949299005,0.1678480400126482,-0.09364489340643996,-0.585243555280373,0.18261064020980175,0.06302589416277848,0.49016268395608065,-0.8838693984950665,-0.603251548243849,-0.12624822193278673,0.11452777843364825,0.809899720786976,0.10499645672008717,0.3939726737639513,-0.07449498813899447,-0.29297585191197095
0.01426163256377444,-0.17728043108522895,-0.06833384721541969,0.10083338109494816,0.3161476647847087,0.22276775291873974,-0.10991108406752348,-0.5329867587119389,0.031091942313601684,-0.09750002922339646,-0.9697798419714028,0.07099319606869092,-0.052363582695448496,0.9751185403887859,0.547227523120394,-0.9856578102032494,0.34092017847653344,0.9037450253988355,0.3529993864302692,0.15710804773317388
0.11706218446498859,-0.7798530106609817,0.058032514359986326,-0.05018817651738789,-0.1054971815856901,0.07350970044591851,0.050555313967907245,0.005677888978562071,0.28805455594015106,-0.048858891958726225,-0.7645348414320838,0.07442305340807365,-0.2306571744881658,-0.5783335300275458,0.24241811358282273,-0.42155158185121433,0.015477658952684603,-0.49531038999100674,0.9133759914627004,-0.9592446336300671
-0.0450840830213865,0.013622389278505231,-0.7003556311903112,-0.14381652024179842,0.03805910633733922,-0.06770785555704312,0.4538677838340873,0.22222901449667365,-0.1884771462992737,-0.20975221158155558,0.6004957732822078,0.0908529506258211,0.6847738441129179,0.2035234504078709,0.23499090604152406,-0.12724238401622046,-0.9606382593914973,0.23182541140732615,-0.17479335903964044,0.8943628802229404
0.20445934521916082,0.17010471899839463,-0.014922564637585067,0.27653414687341193,0.07564854151291575,0.01666869104312393,0.12777631094249897,-0.2051789679284331,0.015941604066341403,0.025795469109000158,-0.7260925172484256,0.3092753577198084,0.08254229259228385,0.27097344626374875,0.8302849123213094,0.6817232080774442,0.23270612241361754,0.5011061753158617,0.8767556582163241,-0.38882385085828863
-0.05597793091410424,0.015095611676619769,0.4318510957180939,-0.02816830234648493,0.16122908773350927,0.17304162515521465,0.12325465663556585,0.19015221057294612,0.35648080965224993,-0.022941681194593694,0.5200349186568882,0.162028066703928,-0.96385064856389,0.5647346053163615,0.05864615502309034,0.10257178197260042,0.48776710374595833,-0.9416100122213809,0.4844261499100737,0.6871374970374955
-0.5329515895485258,-0.0028735313722942912,0.05575294692711207,-0.05218477492525694,0.013029410341280571,-0.09847058407996787,-0.048453570691746835,0.359239350893664,-0.31429087729186433,-0.033759072273061325,0.019697596202738588,-0.8659508943716436,0.00026738108034973784,-0.531223777823943,0.5630974942638276,-0.20748221360169627,0.15243852017816328,0.4966908508514605,0.05114794241756937,0.6206831924360332
0.03683934164357337,0.08431933546733789,-0.009973658882297481,-0.015030323038793529,-0.02647265399774218,0.10061479961425968,-0.6415409572491392,-0.053279450262107564,0.45200494295863985,-0.05361395496954324,0.646371012232829,-0.43873695658867984,0.8204314374462434,-0.06698438605356993,-0.4599271751440621,0.34019106635541374,-0.5888831245442463,-0.12370177571230334,-0.6087561565216999,-0.955213847439988
0.2432858996654778,0.21382064770912446,0.194261443831799,-0.5943088711204126,-0.15529571529830158,0.3066488307795162,-0.12407156859810375,-0.18024499972561275,-0.04603027701922402,-0.338904682200623,0.9333855490715064,-0.04015802239789634,0.16549248924671223,-0.9530858410070686,-0.6835302700940522,-0.7986288025016921,0.8793868928273048,-0.16383688097370297,-0.4352217489484318,0.8248956792292219
0.15133953706094633,-0.08601135509301222,-0.022776986071290584,0.4905002358371282,0.08364993706602541,0.0451124047787083,0.14369231096469648,-0.027902065351610217,-0.2302509259658124,0.09592347385706024,0.9252037966826046,0.16851732228882566,0.3250633532770566,0.7118827427734047,-0.6847598373858179,0.9104125948752824,0.5826003109142395,-0.5431065275183631,0.7686906834435374,0.23859291730847287
-0.10668904127004522,0.012256840365149343,0.04667427896509789,-0.009272499834897557,0.03396433150202979,-0.5527967598482896,0.17265637883037588,-0.2812562218101964,-0.008565374667627919,-0.24761335640959609,0.09950841855788894,0.20142831686580842,-0.8592180573587231,0.046599111320008824,-0.19383450157975535,0.8029507119583281,0.5886472085767498,-0.617917117817169,-0.10673488784500673,0.34801733852082073
0.1982674397552706,0.34057371053957375,-0.3964184105366802,0.16562938259034082,-0.11429258501689643,0.3372702110525446,0.016304589154422636,-0.38459345528543554,-0.04196509386797426,0.09182003236983043,0.3301088284048814,0.6175282688885741,0.24087415693897274,0.7966777131949236,0.8346448454143294,-0.2679636503363385,-0.9746369011977194,0.06407744117157299,-0.33023678723300254,-0.6359246031793306
0.22120999256645302,0.0799518485155376,-0.5842365803410077,-0.11660131084892758,-0.3043008893421705,0.3245832935241325,0.10103639293085398,0.08147786033926271,-0.2730552551412592,-0.021374262034229097,0.31090790754526143,0.35240288554779586,-0.25632591794891946,0.35712924100444754,0.09590637719839412,0.11306043357923623,-0.5155367681464353,-0.7434551471021327,-0.9781245580738711,0.7503637831341423
0.02249130578464474,-0.06739148267170625,0.5615208626586313,0.007673014918486876,-0.7586401144679052,-0.05478763096171288,0.06502144682811903,0.004141559962299507,-0.05755403396636199,-0.09974691330274284,0.7686239987947354,0.5623117027195721,0.48691281759800087,0.8665959689988996,0.26803780840195235,0.1861021502895026,-0.527937642342321,-0.43916844745419104,0.3874357858840787,-0.3130558282718152
0.15759747293833282,0.6184308916239248,0.1375333328180134,-0.14654180861582028,0.0882108959172413,-0.1674703764385279,-0.007393436430699285,0.04604805474085216,0.1674853566797317,-0.1331818750021917,0.021261450346767408,0.48518887201788186,0.22142814100214148,0.8456336692358501,0.361569197393975,0.4993557260286434,-0.3123347155173015,0.4616861599768989,-0.8487570614276096,0.8337477924400603
0.0011873955652852014,0.09003777834262114,-0.28130038158810056,0.1232659637503507,-0.6822921418973028,0.12680619922721578,-0.008256158401443114,-0.15779568304055325,0.02357539870910612,0.2223298742397537,0.314045493266115,0.5743768562287264,0.17235037682081167,-0.9335167670794613,0.8374114717548722,-0.3946040251582619,-0.07885468885487379,0.5538156048822414,0.949851301845541,-0.048559764694365404
-0.14202381714735446,-0.11392276962629208,0.11843610212233002,-0.08824874442463776,-0.057532318137980265,0.4429853215900248,0.10759098207972759,-0.3448387174191054,-0.35415496265669166,-0.5678077657317406,0.4890887399527657,-0.5063954957010586,0.445042670824636,-0.5872258802387391,-0.1534938434059585,-0.9358135827574547,-0.9619660237315526,0.3943889354816734,0.9934469599592808,0.27281801678335316
-0.014851488680197478,0.29721440258607246,-0.08842491195222665,-0.07987843804863129,0.29256828226576315,0.1960123885038645,-0.3533476310030423,0.13343081752716648,0.01149719071973998,0.52374290025361,0.9107449375515344,-0.2769642522074993,0.07016409814300939,0.04928949118916437,-0.7503696000032434,-0.14361976139460308,-0.12220582544029446,-0.7880001983751299,-0.5492300781286692,-0.184518861984303
-0.004633620409303735,0.2925333448858309,-0.03064760973462466,-0.12096586384150146,-0.34551468822893694,-0.43299775800045187,0.041537415972905195,0.41047238149388154,0.39506077416855057,0.09406124281303685,0.5136463839321179,-0.885130173243889,0.6878939112137357,0.054350610607814875,-0.5955921359634906,-0.6408657142785339,-0.25295065718572607,0.21605970834512855,-0.9786594017478567,0.8717172138191507
0.01314669212187694,0.021765370602998414,0.8936984447743577,0.0188337944267215,0.01446984709088489,0.021940589965240023,-0.025393718361710893,-0.11939527904792857,0.28067797482830603,0.04516037091072786,0.27326666673395383,-0.28720929330420275,-0.6086831296770083,-0.5304029652970321,0.7369978727913036,0.8688806783024516,0.3937207933590987,-0.20122873372782157,0.48784380139771644,-0.12255348872417549
-0.07514732105524144,0.4547907855642537,0.012773931617124673,-0.5701034631001369,0.07405820304421279,-0.10908063156789313,0.05247515069106057,-0.06447648219039204,-0.17476560534250024,-0.3451030563980385,0.34304583908734365,0.2748032447978692,-0.5342213819097952,0.08892764136101228,-0.3318403109742065,0.723053998414436,0.45589553584495146,-0.3024752961127066,0.48892926131147507,-0.942209781778721
0.16396501594004184,-0.06839665837837845,-0.1610250489406138,-0.10114009458810232,0.13147138709966527,0.010765028402698898,0.5105712332301862,0.4533294190459999,0.03149534334005845,-0.001643827973684328,-0.09562213161377087,0.5466821098377828,-0.7806692211810136,-0.17196623297981284,0.30233646870906083,-0.28312688338341774,-0.8047830510899252,0.5570122354236651,-0.8183026127650495,0.8083156217292291
0.3378639287174935,0.05824433820074504,0.01753285920122455,0.28674996723041135,-0.007156200357051834,0.14417658781621834,0.1363292380871538,0.24624797400313447,-0.2933605889292778,0.05790927197124429,0.7892357699803081,-0.9211827461221755,-0.6604348079645943,0.33633766914448104,-0.10529114566255848,0.9260543703264201,0.8974779252344907,0.7334160747738159,0.250565976507118,0.30259369250741885
-0.08352735042435279,0.05685619555455412,0.06582496907030137,-0.02396158312713087,-0.11544019301791042,-0.1689661299201552,0.2452385283566626,0.03751484413617484,0.38489683201486913,-0.10548264180354178,-0.25284671777971623,-0.5654244655648224,0.03466015309093362,-0.18007750363905406,-0.5264631881244186,0.692243750239363,0.44748092344854107,0.7639172979660978,-0.6415741117327887,0.3449380485610887
0.11031713715489222,-0.05632991263380478,-0.2729005287320557,0.016700155919592757,-0.28358347445155463,0.16638776697162952,-0.0071632727538932725,0.11696065512793952,0.049250298482511126,0.5243031263493799,0.872792581477952,-0.03914876524310951,0.07698680151890702,-0.8937437988350081,0.7197851338862813,0.22099891718195508,-0.7492588918889405,0.8435141097798005,0.504686916857604,0.5531813202996052
-0.10004233271063612,-0.12442147011424941,-0.33968066662657925,-0.027466307085445785,-0.06833547699565636,0.09165930807620862,-0.14404234600857097,0.26654928620756413,-0.16695013158471664,-0.6395777129916688,0.6323567037080842,-0.38749763526979386,-0.5445631344600328,-0.8183576785160196,0.5326517597474627,-0.9723148786231264,-0.42353093486080895,0.09733800367686851,-0.01826770246249354,0.750928812566408
0.0640141541020188,-0.42334365093998116,-0.31057099448500347,-0.3936182081741595,-0.04692328514682025,-0.28008904311063865,0.033218809094237536,-0.043150217391267294,-0.0223782679725862,-0.12455710203762083,0.5188154456130083,-0.7801607558482446,0.7886831193057469,0.7920065274075287,0.6646834105754174,-0.3392338681765972,-0.4779844751855158,0.8417934727964347,-0.3629922053511654,0.900893277957592
0.0034688304389639338,-0.015059465750136489,-0.08271211749433957,0.009890015198060719,0.7847519766642377,0.5577219468330255,-0.05902272224929824,0.09125827151118546,-0.036260952369043364,-0.013111506721047005,0.7566783717684469,0.24955877864273535,-0.4734978786719759,-0.6730745608370725,-0.6139091787673967,0.3795542011236799,0.036865474170242996,-0.3871507753210315,0.8995503217349508,0.3171766816279946
0.060390894115571525,-0.2081078601829761,-0.03456988083680193,-0.08629667826255372,0.21442801344393758,-0.31616135592077704,0.013091050091498468,0.1213568122075579,0.2552332385661624,0.0015988984062467876,0.5885139874684027,-0.9852467565734895,-0.5820200853004782,0.06690642064914876,-0.332367722993004,-0.24963843758279403,0.23679792546571243,0.9161121421253002,0.5690411775183024,0.914840100058117
0.2227846216465437,0.06314046955286562,-0.07563796440238345,0.12213920640025955,0.04036605699873563,0.8540131323152521,-0.020118362511228477,0.05612159989850252,0.12597845350855316,-0.16921375804684766,-0.26026272642429715,-0.039945589406645166,-0.8400102176954609,0.6703661763072342,-0.09831844837617543,-0.19175595833805015,0.6094629088277297,0.44220146631670443,0.5452884444188897,-0.6774523047536456
0.020583519657399907,-0.07669633402082053,0.15279078100131982,0.1671024771250803,-0.15486114583641541,0.11948485835872846,0.3601282923955327,0.35320241897327265,-0.5435627476903531,0.1609035167697197,0.8858356248522492,0.06066062999966304,-0.8804667306586893,0.7419451799017551,0.1358102186952217,0.9744672153359404,-0.9550407971947223,0.6415428386975754,0.01086880465863449,0.4255602190445591
-0.007453786191420286,0.028483519823932046,-0.01443446514235422,0.3820776040088394,0.11069370053933006,0.019604652717567256,-0.5595724371011177,0.46479037022666336,-0.2607649384272107,0.13502342265215203,-0.47397092260562546,-0.541465666020676,-0.343377546782764,0.59167029905975,-0.7827039670737876,0.6728723571366124,0.8729929826378187,0.4713162729759175,0.09971212792848361,-0.3358559479796297
-0.0068778931556399345,-0.01554809674047531,0.0216395670859502,-0.005208470727379993,0.009869084080275127,-0.6048128401189077,0.052265728414424006,0.3292830059683301,-0.12659180810876206,-0.31855167026025416,-0.735803823053816,0.36535705873990176,0.8830569757615341,-0.6083794401852787,0.27928170261809737,0.6758802961933119,0.5887218128857745,-0.8026631558152835,0.6335765065083239,0.3043897879277975
0.04806631303172376,0.29038417242954684,-0.03182848716845388,-0.6839084805308052,-0.08128505062602667,0.4430897517156359,-0.1869894611725727,-0.0023708953010662254,-0.028564810377682798,0.09888471609096122,-0.05746644704034054,0.49919473951614335,-0.7001716505388365,0.1794067682480689,0.9076233241986127,0.6363666963129679,0.6897341077952586,0.3575035060875258,-0.3308691108574784,-0.40294022503423643
0.029203868113577863,0.07947963889195786,-0.738035510082548,0.12185297205582735,0.0010375871039532414,0.02172130983166784,0.20444799315952994,-0.08794401316357574,0.06214426866027939,-0.1302845423205108,-0.9406612461659938,-0.6821860913507092,0.34534954932666806,-0.6709652043122769,0.9360657541036552,0.9125751224797425,0.07360409688455061,0.4467308031570578,0.2700610814222191,-0.2863825415520096
-0.14956270238975944,0.038913175656002774,-0.4110004084743585,0.30569030693190136,-0.040301714316583886,-0.31284814223600665,-0.32063664113138524,-0.20180733206630713,0.0316795045945172,0.17548055414540764,0.43130508043801186,-0.047151590227236584,-0.07791082643791336,-0.7205589771259671,-0.4729958341128273,0.5257015548343893,-0.4557512752684816,-0.101875918292887,0.24055196965682435,0.2799145617757326
0.0782830933294153,-0.15957112397350548,-0.0892924676775413,0.49420928032619116,-0.29747660969347195,0.14314840546518548,-0.4013656833041448,-0.1860416687938405,-0.2247818779990649,0.2505986069258088,0.48603757665665137,0.13235371044668853,-0.5324667094683253,0.6214071409434954,0.8669337015755041,-0.25874173542907175,0.901849956601275,-0.5701152190019585,-0.19434888140803386,0.5304688018128918
-0.2824866966916948,0.006720062705529994,-0.08084784458804051,-0.047439414825066584,-0.14098359316565107,0.2583320150676536,0.14778555688748515,0.17898151140186466,0.44388916595859007,0.3542667727496457,-0.5536775115950612,0.05498516620739635,-0.38473218928784503,-0.43929805546334344,0.10279871987567923,0.23191773601225218,-0.663342062430865,-0.019507377524856206,-0.2938512560712616,0.28253583234955326
-0.05966386653191729,0.17109074454755124,0.03503914884397499,-0.750013043713073,-0.12702490651115128,0.05830849239200697,-0.010350500573602182,0.09883099428633041,0.07365080181253754,0.19936474703007218,-0.8007234756469344,-0.7367964669593488,0.14903913575705952,0.883308672448279,0.28713601772443464,-0.24717407912393252,0.7043222949090562,-0.92261735728147,-0.7311448431855023,-0.8871742691251261
-0.08063952474681774,-0.13507352385910065,-0.006858223848378718,0.0005049858951026824,-0.07480477266334914,-0.015170738085536923,-0.14882593402261388,-0.05563501386105871,-0.0014446881541686236,-0.9346540149312043,-0.5807209900566859,0.5771635233973016,-0.9936577520974927,-0.24153049643513103,0.12249800976194414,0.47745506548911054,0.12882658206391828,-0.7122590039316161,0.42261198506813114,0.48970534952310585
0.014543672930055165,-0.037348417499882366,0.031545556540136,-0.5494286214500185,-0.11257699747289954,0.5022693826254072,0.028265357804166613,-0.07218735056921866,0.04757763203542482,0.1820697547508034,-0.31328232867653716,0.24492781286904108,-0.34625666952823053,0.22528587312715387,0.9410329552908892,-0.8470122731569056,-0.21056083788176339,0.42790917464425493,0.214459906414614,-0.48925315753665166
0.17247765290408112,0.23602507254157756,0.31018578819969633,-0.0936623522957397,-0.18769919989294814,0.001473214438257979,0.2951838810515611,-0.1811125102929914,0.4323416749323655,-0.15616043315289385,-0.3000122646570329,0.53592273532364,0.9370978021260188,-0.9477512713732967,-0.7107213788464273,-0.9169150864717506,0.7536680922818688,-0.5740338750382048,0.6001856207831753,-0.5596210528913497
-0.14384644119043238,0.17460155274544942,-0.05823888625654727,0.46716145367695605,0.4529223723177538,-0.05443278494415514,-0.00020071907488990182,0.08714977889110598,-0.0035208400361288056,0.06010457971513572,0.9330583758635442,0.2135196205485943,0.475871096670049,0.19079772635168113,0.39829630879295275,-0.2160109774742649,0.7882886072395541,-0.877883145911518,-0.3548767694074271,0.414486518847059
0.12686475108114692,-0.02094478512483311,-0.23358062739793778,0.4370562447477241,-0.27587281335685954,-0.3795067751832174,-0.16453047929123532,0.0006365694227545848,-0.011062833786373405,-0.21418375539781964,-0.3201557070354719,-0.5934186088509621,0.40479985718915334,0.49377643599989196,0.4669773425462258,-0.06155915307923676,0.44475788878195455,-0.3391913770695767,0.6475609792095636,0.6226087636634883
0.16136803563929197,-0.6423324031313211,-0.2231635954700861,-0.004044590161743064,0.03053031010075205,0.03099826500013433,0.02167067951354354,-0.22984682197159656,0.01782640345237209,-0.13887440272928356,0.2548744108818275,0.0028588347581619544,0.8402111770421574,0.5322519784860851,0.7254990091467122,0.8873689454225786,0.2746184829589673,0.8684170842722012,0.3494287744051221,0.22370286504617476
-0.2640605270460973,-0.27761566696181394,0.16880194840771645,-0.09900652847612726,0.05526420521061608,0.01703099707546818,-0.2806498697783909,-0.020808391372873047,-0.05771946758633806,-0.19955131070068072,-0.7771607154913227,-0.4178639679734826,-0.9929154700813854,0.9249492847526388,-0.32767817234719154,-0.07373700705016306,-0.6885707486217463,0.4006028593564195,-0.4573944946503101,-0.14571330404469274
0.08681374397234527,-0.15315606501903378,-0.141171230031299,-0.1985985037584653,-0.04663796671257325,-0.32622995394050786,-0.10079709181877286,0.15236315854909604,0.251942500121063,0.38931338381018255,-0.19149062881887602,0.7044563611896422,-0.12226699545297048,-0.22033767704904617,-0.9570540349599217,0.2925436195995432,-0.5884667925301115,0.6914336536009245,0.4839060665036641,0.25604209066484995
-0.049087709730750995,-0.2564498515785386,-0.6358003307633056,-0.1928477034792334,0.01601661765865335,0.0024985069892378836,-0.14051046632841158,-0.05656932300114413,-0.336641791344528,-0.0043191385495121165,-0.720273656914205,0.49741904727573427,0.1874050524868749,0.1617352210246601,-0.10431351330945016,0.5376112234346757,-0.6406003771784079,-0.2671048470450679,-0.3551605419632944,0.08941045742110365
-0.5876091432207028,0.05645090574065237,0.005823303505056374,-0.04203521263411681,0.044384467398122074,-0.2933971410482192,-0.04721183150204891,0.3792741300351343,0.0320758389159485,-0.009139427856987792,-0.912696430534667,-0.5820271395662604,0.7189946509666638,-0.8628925350463168,0.5587117238598043,0.5145002435441566,-0.6449080895151904,0.10939115713219572,0.9487272736522108,-0.2318439902558651
-0.0668359006523942,0.25176647313566247,-0.30848526384037045,-0.09889513492946844,0.1745902854908692,0.2500135429280419,-0.09401403893557908,0.3456589713994481,0.4083226667016042,0.1207674853839028,-0.4801095285982484,0.6649195898171818,-0.30074162114166736,0.9911406119936936,-0.3302278918825614,-0.2526058868267862,0.0958758498026604,0.8921893122705526,-0.19561247633764323,-0.8838635923547711
-0.03341515245935214,-0.003794357154809691,0.08461622633869581,-0.09616667749271518,-0.4377640987447966,0.13240366952621474,0.10092393406667832,0.2298899616404997,-0.20130173543089164,-0.34804286929739103,-0.03936307446178233,0.18431617691011626,-0.18410570192607323,0.1587992979834152,0.2070062054000259,-0.7623742850185269,-0.8068327014333476,0.0761449109977217,0.005775379990295759,-0.20432432849279691
0.1372368453405287,0.1515640760417849,0.06925437163168502,-0.10077825601898854,0.16340748037059705,0.13904723812086806,-0.22873574065195715,0.15037359340453593,-0.6964205634911305,-0.13414959027698173,-0.6681880535416045,-0.9392314921480505,0.5638138861532596,0.7943047259952161,0.4426678501980672,0.31743071599315154,0.47842200132943113,-0.8545793878149741,0.7910472286653312,0.9954761047285374
-0.15319701065529545,-0.1100434783042622,0.2406034654217869,-0.09545743074577134,0.015219491767776844,0.16408106796048527,-0.10083093168229246,-0.5368326857000322,0.41287890017623174,0.0420622533180903,-0.9756382083189425,0.2246704342597441,-0.9168209801736971,0.6891783194354135,0.023652236952232286,-0.060924272534167434,-0.6338526383111063,0.9014682714829323,-0.03451832693233681,-0.9930932716195724
-0.3981107352000453,0.30694658570577754,-0.0074212404287893885,-0.28385466937576076,0.5887563228789833,0.1432849518897232,0.08062581418704387,0.0026768425568434173,-0.007016169764560182,0.06507876415833264,-0.8549866645909587,0.02476780997526906,0.4309468534353995,-0.19442325020829831,-0.11356196857649126,0.5262813781468563,0.26122167623326087,-0.6779850128067082,0.6710936004609229,0.2925219297449648
0.12506653520915179,-0.3377613663435507,0.057611376366373604,0.021865344054682184,-0.21867486883186296,0.018155327433494847,-0.5147249107600277,0.1312215931364455,0.12621427697348148,-0.047172338828246625,-0.32789790957088627,-0.08699904816144333,-0.5128256263890714,-0.330443150854802,0.9232162934088508,0.9884929653453824,-0.892989219030049,0.3079726155793805,-0.020525314260325445,-0.5203725123862977
-0.053844651806011945,-0.006476920607257117,-0.6078364914518991,0.4610279624191418,-0.00621961414756593,0.058332742948477755,-0.027369586896914933,0.07969406291251072,0.005011637133058775,-0.26290271421934597,0.12936609468157378,0.07727694748977632,0.45367618782311103,-0.6332591510892931,0.9441746817145571,-0.8321523600600089,0.9836647777742575,0.9708612466600375,0.3538605591881683,-0.35130617740240355
-0.439216650878428,-0.057878212959875205,-0.12352911352604456,-0.001472727863906731,-0.039244209020435475,-0.39820465144984313,0.07863351524534914,0.6825034718772249,0.1688074473356953,0.11784069454981275,-0.36210918293432726,0.31007880016469214,-0.9277184162780334,-0.16072987159147312,-0.11326214918663657,0.26522068444828806,-0.08003721358457194,0.03445008641302394,-0.46738176948252796,-0.5825747836499597
0.16247292017179504,-0.21912435174092426,-0.42079730285380107,-0.029588077894712114,-0.2452500387872362,0.015428774245020628,0.042000139045741354,-0.34076158075539587,-0.16548994332270206,0.0006587716268844079,-0.039237621414312196,0.11211835816453819,0.7541796019728007,0.16380987973711836,0.9672453905363407,0.11153009127604618,0.7047756574598256,-0.5536121922487036,0.6879473026314546,0.36295064761344453
0.3368958768076013,-0.03622267750392699,-0.2256975325445131,0.01749724314804124,-0.24923445107665568,0.06794622272739873,0.6602782886852213,-0.04641933234872328,-0.0677634748959227,-0.017931884450536367,-0.020905510557873264,0.01582333949905168,0.6949527086506049,0.7052247156274867,0.38421719910052876,-0.46414718705429414,-0.21111789662267988,0.9572988298446019,0.7222537956229971,0.7907723541822498
-0.02369304567521327,-0.03497367649435177,0.021438396245580693,-0.05088320273872044,0.16913457006597457,0.09965259964290822,0.18317198776827515,0.697544536984907,0.011827051943513377,0.026345571665477744,-0.28042275481439694,-0.012551727281238767,0.18473181429695562,-0.5805623245317859,0.4102905824373242,-0.9452545049976886,0.9685293619046054,0.22594523746640705,0.9331779077200684,-0.4156814060404219
-0.0758800734511208,-0.19964074168824084,0.08180142712888012,-0.002214969407074635,0.04911542764710547,-0.01392645465791753,-0.10081508827434638,0.2059390954705444,0.7298951925421244,0.008750679935617595,0.15103325179288274,0.6326795901310531,-0.9007819719630847,0.08884558781055807,-0.693811327082128,-0.2835306491899168,-0.2830036347739515,0.5526902501774429,0.6081590301228001,-0.5937795725145301
-0.04075666107754089,0.26386921724798196,-0.47287396563192985,0.16619418230394434,-0.01905200783587291,-0.057826999275449986,0.1788395677591661,0.44071913883823555,0.26355371452495546,0.20328533236105617,-0.07162031582598427,0.11260873487458123,-0.10517699871586972,-0.30426042557438615,0.48077456811079666,0.36514942307144604,0.5380970206200306,-0.4240840866118005,-0.3882049810842132,0.18580584981754567
-0.4418833313075171,-0.5621399974431481,0.05059823716148515,0.19207352364647645,0.06995159570771114,-0.038125426233291515,0.02334484209733606,0.13546865089103763,0.35615987947866534,-0.008815585791174585,-0.16529716200467526,0.7835976724280953,0.2375756040807815,-0.3802649389658037,0.02817879879820251,0.49441634426052383,-0.03209814503542696,0.3356298128466908,-0.6047110636741859,0.5553183633218473
-0.10576495328225011,-0.1220763796565405,-0.44625358523618486,-0.2574368950454301,-0.06586609263571726,0.01205007698968645,0.21197040223145902,0.06837112759891475,0.021085298356218918,0.30878880364398464,0.8887019981835544,-0.07548818145048197,0.9429514028687103,-0.1474491933135671,-0.9372979036419384,0.6357122895102918,0.25265254166142115,0.40646477342003373,0.7933862518268993,0.15217640619203832
0.12071277082868648,0.07592641536595629,-0.05065362386574836,0.08065977836913935,0.5697654972366236,0.06709410945794092,0.07027025237525591,0.0360743100365839,0.021814570528923438,0.24888135530358801,0.1762257942345531,0.43476576691213586,0.3020703249680734,-0.8389410979513832,0.14617066242843646,0.40054398143143577,-0.27737957904518207,0.6280132785616919,0.8129450312982547,0.6534648414287734
0.5940286251592276,-0.20651611791887703,0.34263775525185114,0.15285343325246037,0.0280535123678759,-0.0005219068265082116,0.03699311336942035,0.0037705588217933853,0.22621181111384453,0.17313227416330973,0.8371936286977264,-0.7522722405999582,-0.9773809668764661,-0.8575570381247444,0.9623836340169702,-0.9368164335710565,-0.7422706808512469,0.255863222992909,0.03081141804210108,0.3959596114684012
-0.09783404935674567,-0.07330312441734721,-0.3637443190438584,-0.09471351097532645,0.6692753149314812,0.10671074055005647,-0.04234972907865944,0.3544509127769423,-0.09427805838308045,-0.28137650611684456,-0.32980043628390265,-0.8180371326721736,0.5327545891278285,0.7383810836523137,-0.6990111717031966,0.1213514982174555,-0.6802852361503395,-0.5236867164246848,0.8434511051324325,-0.5694478607016877
0.028595067890947852,0.02471182354804108,0.35995293042921805,-0.03768950303413786,0.21987172784441628,-0.0991743700056183,0.4222442727302923,-0.033971841822691626,0.012912752371260005,-0.5267911734631484,-0.10482657911236481,0.5147753344577455,0.24215816787786193,0.6180246145707404,0.7333237790275347,0.11701931910611907,0.8135162239336584,-0.1391442731748489,-0.6270881871456433,0.8877130707477623
0.061652938976919015,0.5278197330006947,-0.30934355762908083,0.021624611635275355,0.03638051224704952,0.2169759993142203,-0.005404438182981464,-0.07155339669735962,0.008736602156230207,0.011158697836201987,0.8118869289264354,0.010826698995771045,-0.7091060389184671,0.6219742870022633,-0.575214727674848,0.5651681176036496,0.9536458220827926,-0.15922743029678998,-0.12495272900458976,-0.9339902844792098
0.11656099793613622,-0.03391155105882624,-0.5764224668239056,-0.0005667502033994687,-0.6365859752748744,-0.06837124755044416,-0.007265770448848522,0.023045699170232137,-0.0359517063511475,-0.03337094123417083,0.693414669182904,0.9709753574142446,0.6333186110241709,0.47456207526739225,-0.9812016298130675,-0.9912453947099755,0.5623918849515064,-0.634858387110572,0.2208915151582853,0.9873221476023615
-0.2408515904612175,0.2939569922794556,-0.11900000864097937,-0.28521091810334376,0.023116957760261625,0.13812298600183925,-0.08810648633223572,0.033948704720307324,0.18692271256747134,-0.07084435083492235,0.9319688347202475,0.32294711277891697,-0.14882726380558542,-0.14896616157805997,0.027702185557337167,0.8034154204617747,0.8978046668357491,-0.4620910051705671,-0.5089553894291505,0.28835650655300715
0.03671615240738507,-0.15460141151296614,0.024126417741098555,0.048563494351493694,0.003967240262039345,0.37153263963705574,0.09702208102885995,0.23541848383620084,-0.2701409307025402,-0.08683336092097282,-0.21765729761989894,0.15798046715199043,-0.5151666268114183,0.29190858606672143,-0.5029060025608652,0.9362716257904675,0.5433274482842849,0.41103609452064904,0.6497819060162173,0.7233835043443888
0.3517474376008367,0.1485919531195653,-0.10215904954363146,0.0901489789223372,0.0685356360405466,0.1946560448568173,0.057804679573000284,0.09851373643608186,-0.6617586389938375,0.07852707535635815,0.0758729312933415,0.7133818062690542,0.6188345802699249,-0.3771260996388297,0.8452616202267833,-0.4427950759601371,-0.4112392455989722,-0.7672281967803083,-0.41577853487070704,0.6473123091097892
0.011297527734623065,-0.14341914244894793,0.34852440909457233,-0.045296089114809625,0.23854512818186902,-0.10973348385968958,-0.3224242827123237,0.3853113260526809,-0.3236453394499697,-0.0051296778344347635,0.5219386653971974,0.9890921540628412,-0.7800458175677238,0.15211976949224737,0.03274472584043986,0.507093729986464,0.016621367554825017,-0.9145253851302502,-0.8091360532139922,0.3761029230362043
0.013196163808220585,-0.45919755870842044,-0.0962747594351067,-0.2607551304866531,0.11290563391124092,-0.09286101905919564,0.022882520446407817,0.10911836838355203,0.07542454132984755,0.17604296507704276,0.4650615134624203,-0.6628175849151909,-0.8077341179696718,0.16755410237390023,0.12860501446262673,-0.22110614098301706,-0.35995226384441237,-0.6191018748909161,-0.5557872664122041,-0.8171878802577657
-0.06291930295244452,0.3940804218536349,-0.00899611186680773,0.4914532492641659,-0.1345258150179186,0.0811349698249054,0.11802588580700663,0.027996303720730045,0.07581745570965463,0.533618977362317,0.11547251045108231,-0.2892770765735111,-0.7814028576888825,-0.6395553526792079,-0.7520330794023733,0.6423465003242481,-0.6239819353538574,-0.43507017932085157,-0.7482542422785092,-0.3894133814112388
0.09678003967263002,-0.4770730160145219,-0.11191169536979428,-0.02196144277018916,-0.1984504786694282,0.6324600407048662,0.16921325603821072,-0.16222056948106517,-0.02271303683419132,0.09328815641292137,-0.1935307802004107,0.2983930524428271,0.0642650253620245,-0.29310315376671614,-0.8654451720119718,0.9671895892847719,-0.48176044447634725,-0.11678153664999158,0.028502112808868274,-0.40670201273083206
-0.009107857109132866,0.1700839560494145,0.49788153487879827,-0.32040587198324777,0.002741822774106964,0.31704026871155844,-0.15397561226187553,0.1500361321450335,-0.22892273624573883,0.013938988736576119,0.10831301375482871,0.8422138243722956,0.7569674189760569,0.23661388575573405,0.027913225242710116,-0.030713541694417534,0.5680529246940584,-0.9967959138841973,-0.7352774864323006,-0.3147781319813716
0.110126394784116,-0.6306172638104325,-0.05101206945343156,-0.011476644222095642,0.20793579644810198,-0.14200832296081076,-0.16046843474903313,-0.05716001114396928,0.05920127368879219,0.02056006930500759,0.5823601299565035,-0.7322033918134581,0.33157882882226986,0.8119829511835344,0.814960149678503,0.4967320758906084,-0.1843418771849199,0.8741733985355662,0.6678439247984844,-0.11269749789984429
-0.09941908947381793,0.662727831033791,-0.07919987738099533,-0.41302370785904674,0.0023901231985448135,0.005499592033201828,-0.537850060784225,-0.07481300478851693,-0.0792792398381974,-0.11110236279180308,0.9444492343136182,-0.811450410176642,-0.040867136354669764,-0.3074937004060718,-0.7989690081679852,-0.37263097838930026,0.7425441002106501,0.3223457910869101,0.6562968939275793,-0.39269348588118547
0.405270064912733,0.16645498853049695,-0.23609870201175404,0.07001109297865374,0.12308136609706613,-0.4491236686570364,-0.13902884171889363,-0.18909461824231885,0.022787718517658984,-0.26188241356174613,-0.13730925520909865,0.022409740989286053,0.3384640691898171,0.9077247606766745,-0.49274967338406817,0.2116707540076681,-0.15084801612022125,0.528858518379894,-0.28566551752313596,0.5856482837539296
0.3052234867148679,0.12195866081911333,-0.41032010206180586,0.09708481259576873,0.156296423236793,0.16253031916889593,0.5980360356186097,-0.1169897844744976,0.10994637604185137,0.005573380554960206,0.08257912774421405,-0.11417722892499826,0.05192999913029661,-0.1926653219351575,0.10180662125293072,0.7330669015918221,-0.24273278240476825,-0.21532893119704188,0.29647685821388925,0.6952710797846646
-0.09168261868030322,-0.46679806235555593,0.24464672801563836,-0.17243718204189265,-0.0553711294351499,0.14996892324924385,-0.37818873337436126,-0.31605389330521644,0.3209829528280847,0.03602411864941896,-0.9663038607739132,-0.04260113258604914,-0.2159774825472769,0.2163465187729301,-0.4117621746130664,-0.7000378589204024,0.7945342598934524,-0.9453884890282984,-0.9540402605231606,0.5673793284145774
-0.08896422547412824,-0.35577883063761817,0.2498361106261947,-0.10652716075818677,-0.29703888319934224,0.42699910625104687,-0.17742024408220158,-0.0828508125940755,-0.13765946772793836,0.1073964717876355,-0.967656555606083,0.6001013953262875,0.12844373702147638,-0.7036075026851722,-0.26635585444368015,0.20957271041377634,-0.6358904953236015,0.654055217784232,-0.5144340851663245,-0.35180571979095965
0.3198644766439838,-0.16731965494512532,-0.8326528461780404,0.015743921922658888,-0.008003352494262372,0.02898010902313193,0.06704444857257696,-0.0276330253139076,0.002356454447738219,0.25289559873772255,-0.7039012370029791,-0.8947365910212828,-0.5276043928080634,0.6117294292929754,0.3662370420010641,-0.4782447543325212,-0.2230854988437443,0.1161593132656249,0.9398319619362323,0.09603456675001953
0.03733356229970186,0.13365268434376576,-0.05232193475684355,-0.02987156549401898,0.08896740149458787,-0.5552262776931923,0.1346768775905059,0.08320272259058795,-0.3257011638932727,-0.474983033234019,0.6085977523229011,-0.730072519234211,-0.8562826097324772,0.9659918912623187,-0.25991162186631755,-0.025440669694702933,0.07510924226241933,0.43658834643497624,0.4592182001283842,-0.05241984080472051
0.3198984599504867,-0.023141137571840276,-0.2860947494317537,0.06648059826601127,0.15288723182146702,-0.31325910845451427,0.2278051031266587,0.020137834578112135,0.3704426299807051,-0.007811116041431143,0.1266625223521276,-0.6764424361084402,-0.3602691980789636,-0.23523300023585758,-0.8476149689031729,0.2700060799064208,-0.090633231788938,0.8496929831901012,0.14715510670712684,0.4896244277235995
0.04897782290714642,0.05647273096747749,0.28610373538508893,0.3531421293856426,-0.19262986035576493,0.1104291058011801,-0.05167249335322266,0.09058194776639805,-0.007237443569118707,-0.10339883328735837,0.48851441763512726,0.612696747480256,-0.03161268261581718,0.8519053338978138,-0.9274523873984051,-0.5448749040534129,0.25257980280227854,-0.8444732143320879,-0.4318447891220589,0.2260692361070884
0.014994135228026464,-0.4129956973100751,-0.25043814966739636,-0.04768530333504284,-0.01878698419186558,-0.03212018153854855,0.19408213274684805,0.20773890282493965,0.03162520092164525,-0.273811664987893,-0.8834538886204688,-0.006543082779802312,-0.7762260504753813,-0.8391579448688922,-0.19933963372678454,0.011746545264486707,-0.3420425171849648,-0.06309285067123205,0.6805509587118452,0.4960841238749385
-0.27058034745117676,0.02224064628413236,-0.12142976451163028,-0.1508372348154599,0.12231693243675912,-0.22246931454891153,-0.11100859540961128,0.2942937455202838,-0.5818008338784062,-0.06886424940630986,0.5301578168433203,-0.9840377151023374,0.42020981699066695,0.85757416201733,0.17901893845980243,0.9553085941752788,0.33387209364693815,-0.10953975853999487,-0.8002370080111416,0.23488036982152982
-0.02364484862463906,-0.09667881885297896,-0.6031091038807301,0.09678076976964034,-0.06101073204150917,-0.010147003600901823,-0.018269320577914,-0.026199624864615245,0.12955553066015166,-0.13822487906985678,-0.9212714318120083,0.7484331763142891,0.027824576605514295,-0.010014038443862727,0.8380545768867915,0.47494952274522273,-0.8181864198042932,-0.9951190608604858,0.307089077636139,-0.9983646743391281
0.13523232470083207,-0.2857255122077055,-0.35935399477414004,-0.06096802636251586,-0.02704119845080255,0.04722653258646889,-0.1781646285571578,-0.5680521148653401,0.14931459174003464,0.0847716523641587,-0.28510749063970064,0.6914872381029797,0.9071236233031177,-0.8881160179846019,0.7695253812262817,-0.41930940118011284,-0.6176091647253361,-0.3483872284079932,0.5731618570145081,-0.39674031413488
-0.016388369649788903,0.018598392287079102,-0.625900106767387,0.14105423998855499,0.09249803579115845,0.028200868831817258,0.07974444072742967,0.0848506862792883,-0.0347739746807757,-0.3741192371016868,-0.7181709954230318,0.3741159490120942,-0.9648476641768409,0.7816957318629814,0.8536145392521106,-0.5950025874428484,0.927835114796121,0.13194383357759198,-0.4646288585212204,-0.6839239511755282
-0.4498063762542262,0.5093954368821891,0.32571146264602824,-0.1343677052597699,-0.032520649404960675,0.1311623370994653,-0.02259165753208192,-0.013711465278948447,0.23445655365563034,-0.3821886220366579,0.9509460840835828,-0.16450022423481658,-0.125567563296904,0.7806694132363197,0.1974465853515901,0.45931227008140985,0.8479814687896463,-0.927770228549015,0.2772436276766215,0.3922133813447495
0.06048594368054683,0.33722469402806854,0.14968667219130513,0.19681035509590938,-0.12783623449254156,-0.009890699255841821,-0.43675583100262816,-0.08091128507607245,-0.4016717180258201,0.41084118997349584,-0.7354446777480632,-0.18430297745729662,-0.20407185687108487,0.7479737282061911,0.6928432114190739,0.28747704145627595,0.4288469205632002,-0.5540047299660076,0.13949562145068373,0.5538857730702251
-0.17601042148975238,0.23283487383084678,-0.04464469870351262,0.2879972391727856,-0.19300848429653022,-0.031548086698806405,-0.3327362843535981,-0.14579627055456684,0.5899517687691104,-0.0318249992136873,-0.7210411177156641,-0.310867277051015,0.8616140190673907,-0.17084346723635524,-0.7088264563250062,-0.4149677649861945,0.7317010381339821,-0.16935263144871504,0.40608427649933465,0.9810848803677072
-0.5353339852093919,-0.026312695202896197,0.40556519835179583,0.09091900593257568,-0.08800764230013694,-0.08714467719542193,-0.0972360583966213,0.06358695502339388,-0.05949462085362818,-0.0029739842626029557,-0.4683850098226867,-0.4199092397529176,-0.4703082616018268,0.608334437927941,0.9351696778513934,-0.6472065812109169,0.6040917978053777,0.5760425719847566,0.776201109987271,-0.030988633818910483
0.1142977159041807,-0.19639122444485063,0.2257432810221207,-0.34742275442031956,0.19648338487532235,-0.06270975924716646,0.009616779702473544,0.18712155724461255,0.08736456278399027,0.48730099840449903,-0.24651778300674465,-0.5805731452124994,-0.3256182806446293,0.9472535528487218,-0.34946903839391874,0.6981386979795403,-0.957795517996817,0.347942189545807,0.3571787764086811,-0.31896844880119213
0.07844923180840013,-0.03740774696417341,0.05193927355015705,0.015908475884987006,-0.03576685911013351,0.07801924555296319,-0.025751772671675218,0.4775989203045542,0.2220438120621404,0.5047173949177756,-0.6662279308336376,0.8548772025645797,-0.8448347477650682,0.2339525760405765,-0.7579200143546581,-0.9089026731886805,-0.3872079090444962,0.5332114266643679,-0.5574272203094395,0.1624024926743488
0.025409608568503245,0.04859335590382176,0.07882578237192744,-0.005761004497453287,-0.012629790296884963,-0.06794223870921999,0.2874261027509649,0.02628567295137499,-0.19405840425488363,0.11301437767907896,-0.4631821319885694,0.419430034417841,-0.5501531109903315,-0.06410390506952224,-0.40919461369308197,-0.897963538041481,-0.7194797170917284,-0.6330559149250459,-0.5328323191181537,-0.8267219968778765
-0.2254088566722015,0.14229185007847212,-0.04483939829227336,-0.0343807212323536,-0.8443910209286513,-0.017904960511755424,-0.06436150903474945,0.04661268958070228,-0.36718743893242456,-0.0325584594469481,0.20182831086014996,0.20332830410899372,-0.08234083354290278,0.82730001419859,0.06151427160177758,0.4080522652929248,0.5731126032261729,-0.5632197966917498,-0.06790794214417462,-0.8190607910049976
-0.03182005393670985,-0.7777251498874665,-0.28706646044306605,0.0019339933970173168,0.03083361868149706,-0.011307261428274207,0.03705133039959445,-0.0016224182605049375,-0.013157881899848137,0.060596990112831,-0.6162534590170068,0.42436454262191825,0.6136389193418088,0.48090236862076696,-0.03359449938644965,-0.013230916306980367,0.6359742927041019,-0.42318373889901006,-0.2417907420433063,-0.700208725332053
-0.05473653427773492,-0.18691233728542303,-0.3497558202538652,0.01140760371523894,0.02903770929440712,-0.04873495583924097,0.06579162232936586,0.09866443748789994,0.3214888015931776,0.35309117104196763,0.8200670357147897,0.5614382069959254,-0.4326826689471863,-0.8516079348620234,-0.9689549642635613,-0.7394920144765444,0.9089643368945066,0.13359773225688376,-0.782529037753217,-0.2943141560427567
-0.3971268547615043,-0.16554252310491474,-0.1700304319882005,0.5789321473805794,-0.03926506595400653,-0.05073981591670956,-0.15064371972721724,0.08021506235344233,-0.24435701633814733,0.0523304595809381,0.15560471522753172,0.028212228788537574,-0.07440577628271217,0.11252717994647554,0.781394474973355,-0.09004424574045822,-0.20269817386868283,-0.6187270792826682,-0.9733375910839603,0.7711897193363852
-0.006443197976906401,-0.282849442458393,0.5987379887715378,0.12804801362240253,-0.052579038334399975,-0.21090749029437378,0.15358518106708885,0.31109849043927257,0.11034235084957766,-0.2568325599922119,-0.7403482188358317,0.1603948994377038,-0.4209381277596205,-0.4315192914076946,0.9924634205614526,0.9505303574353241,0.5737365302331621,0.8579951382758915,-0.8456524595135437,0.031140930424498725
0.13387313033957743,0.0005544037144720373,-0.013077974454633441,0.018880447566899543,-0.0694703538249326,-0.7120051322304739,-0.0030855877316554176,0.0007782921409972513,0.0009740586603179807,-0.0038344008646378144,0.9204397835822089,-0.8061149005973687,-0.5711608025626871,-0.5794377061381448,0.689716296680625,-0.6143779742080797,0.07536276110710327,-0.8176032942971769,-0.37825871652831333,-0.4622313462098484
-0.44904320409804843,-0.04643732061241637,0.4436947492151444,-0.1642915739739096,0.0942551090316045,0.022572000835773792,0.010167523087911967,-0.13331466252280919,0.3820640915790056,-0.1923087332526077,-0.7665993362714079,-0.14663669353483466,0.12033716646694015,-0.8000208073136719,0.9624135707354218,-0.16925610075263076,0.25033182220206274,-0.4537921631968236,-0.44215262179478687,-0.673903760279692
-0.24275834339128383,-0.303486974816167,0.2830586647805071,-0.18370535467018606,0.05402807983410339,-0.07379987086372301,0.2282696639228682,0.20483650119633953,0.1209489709632394,-0.1673624569948431,0.07192136647570391,0.6508678102708938,0.2340356774553145,-0.726767976899273,0.012151203252030784,-0.26634858717971044,-0.8411125973972204,-0.7446807773985666,-0.3601246175287385,0.02836763558789257
0.06830474065209297,-0.1272573219893103,-0.052712315439219726,-0.45949916446452627,-0.5091684715241414,0.0013136806545447702,0.285631136319085,0.5094876702595517,0.057980030056681536,-0.15600589806072968,-0.9158826749864557,0.09122777303015561,0.15650247770762982,0.2833866060992887,0.3833830332533432,0.6346561433396549,0.08445909026995713,-0.062391653023410765,-0.9341722294368113,-0.8997118951717216
0.5071536574265184,-0.0637060478041856,0.060469925781173384,-0.061156361719499425,0.018429759330092166,-0.059855309769061324,-0.17641051375925432,-0.07298769386568221,0.1896305418581354,-0.347955752662315,-0.732521892805575,-0.8040801725979279,-0.5974530921230128,0.12780086154224057,0.01906492081785416,0.7028741089121744,0.6149699270720415,0.3284389782227428,-0.4158866825167986,-0.16065926438828582
0.05516497380780738,-0.13573199335031208,-0.07762775766877411,0.576025659726203,0.11341743014476668,0.046855167267424225,-0.07464980279806238,0.25431972098306893,-0.3146197746138129,0.11408209704549621,0.30221671407576456,0.47645490249331024,-0.5489550958171301,0.708175666578277,-0.18153237621542506,0.10113116676022571,-0.5749576075341998,-0.5144425463334334,0.8270674468774937,0.4584801097585438
-0.691390428187852,-0.17357204226041822,0.010970113363266412,-0.0044353135453589175,-0.024903544022740066,-0.3092947290988229,-0.09961809334967715,0.2247540539785584,-0.0065824030163239115,-0.04913121299442622,0.41590601778456726,0.06549769530857197,-0.5115341219155711,-0.8241893175794028,-0.6149814351238498,0.516336416748282,0.9924437442514877,-0.18837188329017152,0.2415614288604151,-0.13889708585425198
0.19974803024870125,0.17255208532050242,0.3070232486963339,-0.6257865203775911,0.07645777539059091,0.10887863407745724,-0.08243840186651932,-0.09234684895269268,0.24679054647458482,0.21224023994855218,-0.2436506921531989,0.3435842593096754,0.438791132732661,-0.009866415912255233,0.5356347853403023,0.08615489615245386,-0.20923580862688795,0.9959491333249872,0.5906533403310834,0.3887428391834906
-0.0856769481666626,0.04308559191751739,0.21382623412387844,-0.004193920384297445,-0.5307244635841347,0.16337423513204308,-0.02024684232554567,0.007974873209672065,0.19180688815680624,-0.5926715694161933,-0.03335466173299739,0.8384743992156831,-0.3472451550327107,0.07724763631215281,0.6477098180718606,-0.2763327030792131,0.8270716164765621,-0.693977380198922,0.05149525251495568,-0.7260716286442845
0.027776418484871265,-0.13128979713234076,-0.7445866534148233,-0.1272082401511737,-0.1499596234653965,-0.04472385900495596,0.06911268639263471,-0.10906951237962026,0.0005348341837921461,-0.22214661105725875,-0.6314298852074858,-0.08041871362916742,0.887612064672813,-0.2691630849509854,0.02579451607694727,-0.8531509454665289,-0.5307870487048094,-0.9506453923274056,0.5337892748613857,-0.6258660858516538
-0.013480108909839472,-0.06226279203023532,-0.5967935794287083,-0.2309399518648942,0.11504053538010706,-0.08397387862197449,-0.3649051074693189,0.0471815345664871,0.013003283777846156,0.12661550643547465,-0.3482751719086634,-0.7423141918281693,-0.007332499196189168,-0.9570885492455272,0.16505057035585224,0.7574802524242457,0.2476303661363808,0.16945061687132168,-0.46300786129243665,-0.7123844472311245
0.07640934695480006,0.24703411174335743,-0.005880120026804353,-0.0856326206740465,0.05107412000163997,-0.2238053413149567,0.18770987504593162,0.05189423378808622,0.2551672008906446,-0.2098285041834822,-0.9657024396263054,0.41609933955022993,-0.9017998410789492,0.8055402858680372,-0.44498360938650205,-0.12716300643339307,-0.9007211277845153,0.14432750534341254,0.8243997734280633,0.8335445427958479
-0.14136862938417938,0.0990680567548766,0.026740710113429496,-0.49655433992261766,-0.09470382854018386,-0.22942290343319502,-0.46759922021439393,0.029061688080204318,0.03394992359715008,-0.026776145838081584,-0.9209372467675276,-0.48454400494057914,-0.7516046301555925,0.40105732950935113,-0.9323237935160549,0.8893265360267015,-0.2784901188954223,-0.8055776242884631,-0.4194264041171889,0.5222894629857353
0.11075922221539464,-0.15364864885356042,0.03282524554974456,0.20897392644424628,-0.30763669543740796,0.2208904356132183,0.10863638406866466,-0.043262889138913824,-0.19238666784493816,0.00979208286099148,-0.6896104769175297,-0.5810342963168229,0.08629755184713295,-0.1893202876526343,0.21619989143386853,-0.9504828101066516,-0.5797925845877927,0.2660979249145212,-0.35588064792742635,0.5055453216562571
0.6746599841705209,-0.44936095564471257,-0.14598961059524118,-0.16729558312053894,-0.07698180243072739,0.1352206308241522,0.15161793725186468,-0.23150027634707837,0.09041814515530824,-0.14137531332062847,-0.6228289399416522,0.4101420313924289,-0.04235636199027781,-0.1012064484633397,-0.8207671848584572,0.4431964209160735,0.8136119492048219,-0.7338701537453454,0.23781214460189526,-0.09541216075472958
0.5142726259079814,0.25448788724445975,-0.4197970504533059,0.02365600363633033,-0.007164630346581026,-0.20495006143243533,-0.11810230422977992,0.002122317918254315,-0.3968842758398616,0.015088524521353827,-0.4187490883037437,0.8649410758925404,-0.054255316638474715,-0.7993201061346165,-0.8613840631435983,0.9273902288421207,0.8853944917146812,0.32781663876925493,-0.21667243714305506,-0.2527009028777849
0.11687787217515322,0.1301159721300113,0.03528989929858185,-0.009015245572906672,-0.06477120740593323,-0.008987071851485479,-0.4463379178875209,0.23190796758232368,-0.019535714210601865,0.693448710537714,0.22904778718282826,-0.15277563077513667,0.9584639625978209,-0.06668676034608034,-0.32067854009020347,0.850448356070387,0.060681331453763976,0.09202347694080215,0.3935208207695553,-0.7454178239999678
0.3446849358058728,-0.08215752698604863,-0.2873032317981377,0.14176379263574967,0.27281134608813756,-0.24578497773553032,0.0024201351150065172,0.07874375280009031,0.5269326874346367,0.018213130643084312,-0.9798233530803069,-0.2988066583096465,0.4947365518406046,0.7335221075448792,-0.7725988106619943,-0.4658146224732753,-0.8196793301219176,-0.46200595777732034,0.1893841974935393,-0.6898250576605052
0.012144709090112046,0.011996711162685442,0.09462073996124645,-0.009639341939464287,0.019484548859779807,-0.07578460008301777,-0.11448548641561782,-0.22060561515941607,-0.02206711603854969,-0.02068910263106967,-0.21012625704272803,0.09306080601640665,-0.753980618217313,-0.934137587097025,0.12513356676987808,-0.5355404366656753,0.7858737483273284,0.11907755493791128,-0.5180800943154584,-0.0024947725065764814
-0.1583048748360218,-0.13803193184404616,0.13115678975963885,0.5775742450466816,0.1738668315654758,-0.01178384270629923,0.013549122620450315,-0.21742515127824005,-0.13940988037806315,-0.26890309633686954,0.9885114787170453,-0.5174183010907822,-0.635420781906239,0.01928654503097338,0.8083600304901062,-0.8067206279667636,0.26383083350416503,0.5962549375579782,0.5892852819985426,-0.19868792469162444
-0.2636663054054703,-0.467327289215053,0.08838029528657876,-0.010264358285487822,0.41968897989204346,-0.050879372296548264,-0.20204723024112736,0.047243106912780664,0.21344118268726642,0.18662848013458488,-0.6262962739041342,-0.2112306448425163,0.7576456736152712,0.09630963467548548,0.015791317631526303,0.5936696691195431,0.5172978537227022,0.9669813116411268,0.4119107656285348,0.47812242279366135
0.008368701207741608,0.5058149242686404,-0.0004953035457940722,-0.08456325997830846,-0.7935661958460417,0.004587352055596211,-0.051076157657316434,0.004228457986430442,0.01027444148894853,-0.039325440947335935,-0.03192108370572222,-0.05508422546797065,-0.915182756829451,0.793928895905436,0.517015037722836,-0.12718356454726676,0.5704983942181039,-0.7928147973159758,-0.15369419192412304,0.6562761916792339
0.3304523237620285,0.7172971179340911,-0.13368137502698996,-0.012464687921325154,-0.015487386850048973,-0.06764846754317719,-0.03654398776644069,-0.02596192406174923,-0.03178000965788485,-0.15776795576377972,0.4846663115738741,0.22510824850776023,0.6140869138574079,0.42758262157963745,0.581598232182271,0.6687940532956076,-0.02457431647131192,-0.13545433948048213,0.17337145788782804,0.8799053024762347
-0.02825278680362797,0.32817171173494997,0.1908374070166916,-0.4985641682015197,0.17393854369420667,-0.01959798978229685,-0.23108328756571922,-0.13356009778087397,0.22227071682499433,-0.24165138241265935,-0.10789279740715996,0.2394060046354296,-0.030084029281135072,-0.5907809287138532,-0.6378598264123827,0.05848203903463922,-0.5159202777849592,0.9154460099986081,-0.2897981387547346,-0.9806048075477807
0.07574777078740867,0.20508943803149537,0.47768854723891374,-0.14970525019905895,0.27910053973488547,-0.00011105601872264323,-0.01514450926373001,0.04347753889039199,0.33463923397031575,0.0840164008479937,0.9513285706743804,0.1271246292989885,0.344224806145746,0.9875264338116201,0.16674389324056116,-0.2261605616133544,0.05199040457011095,0.026798107586046616,0.23592391029956894,0.26819531003369823
-0.05908850450319489,0.021313149177973414,-0.28345168302946877,-0.10565128415689083,-0.033788299853850366,0.08441695855701872,0.22632157121265112,-0.5306112877078173,0.2720142165729111,0.37102049421829714,-0.300202057755248,-0.635860534984144,-0.4900731039842592,-0.19622237461521963,-0.8240191413730142,-0.2287725790052122,0.7244005947300467,0.399397080953662,0.11727615465977825,0.47573123426590347
-0.2188559538276648,-0.3783147654543396,-0.2544765945487061,-0.4390496664039858,-0.04047290961592985,0.07558596577364224,0.022866075709627287,-0.24999795223056762,0.22574139570184956,-0.04723204602924247,0.19378554882005128,-0.20968926918049768,0.9520532768537386,-0.13828643257706275,0.8262916722783615,-0.8397166092216597,0.6364188879073103,-0.8864655495465106,-0.8965044664340367,0.7827767454394239
0.03528746760857049,0.08181842392942706,0.05650511982852957,0.11293094325405262,0.2973379819774936,0.013229330086644508,-0.16173432633284301,-0.42124641053858514,0.08176081674248081,0.20437589651842614,0.5506389029410692,0.27241413468913334,-0.6289042858739149,0.9988522910917395,0.45172686722319644,-0.9242119879622448,-0.8483901181678013,0.25980994821509573,0.7824251723426636,0.6236919432810781
0.15770101393667424,0.0530215811905308,-0.15446834326228226,0.14888108913357248,-0.12398865989611774,0.2880075038407045,0.022207037261053345,0.43078720894283296,0.0145896385046929,0.07369943474486179,0.7221598606294068,-0.3705963530179295,-0.43307003432104785,0.41530103262691,-0.4836932349670868,-0.22188527609553965,-0.8590974722892744,-0.4245209563434065,-0.039421546831301946,0.2756991865233682
0.033995059188692084,-0.2994516496407501,0.5443808976845381,-0.001581547404526068,0.000765058980855049,0.03172553117829263,-0.05652143477221738,0.10861849914328947,0.5751062124955519,0.04573639096828233,-0.09294563563839375,-0.8842471627587363,0.6255146469080206,0.2544114867993508,-0.6211201813559764,0.6034200130855039,-0.2774081823018266,0.9446595118191741,-0.47808025494794926,-0.26706543454954734
-0.17132350005579125,0.38385019754969935,-0.04126951490741887,-0.05566993924322616,0.5338929715944576,0.17109955942006333,0.21315469279337207,-0.14581532272049152,-0.3532446364128643,-0.16490523956521247,0.6256212617900196,-0.3446516401230564,0.7273705687251493,-0.8363966416948565,0.16637036149848772,-0.3176343333905176,0.0898244862520341,0.8680279360738967,0.6053151663056253,0.06632449252162198
-0.012658628460771669,-0.0046135134163439,0.7267310342001175,0.2463677465052212,0.023717643617379214,0.3117972055108593,0.008692995229315693,-0.016210532864127727,0.006656551590888078,-0.05531697843922331,0.38909929177946023,-0.09380632726095106,0.6349854734482361,0.7527543253982831,0.8662458075517729,0.5434029153741611,0.29613845209028544,0.3741605727637174,0.22618032914672348,-0.5458831489306959
-0.015562651391433868,0.052714819765170284,0.11606219461750397,0.7524985144056078,-0.2056566909895312,0.0699306658318107,-0.09368947565682878,-0.046640677480196555,-0.09348868376664578,-0.06255845248154221,-0.009484888988529283,-0.21055899616575036,0.985867793439859,-0.36061966306745674,-0.7177366431454744,-0.6111981685532664,-0.291387206372542,0.31808362806976453,0.33691591481962746,-0.6278581393650979
0.14107335695223205,-0.04574665722231663,-0.25804702427536785,-0.0006679005063969061,0.26729540515847944,0.035644822194224324,-0.16251955365794013,0.10567601632521645,0.16738297647061445,0.6154830258287655,-0.3465245334080318,0.18821436203931552,0.2476962837233352,-0.8858813536634551,-0.3283255923550732,-0.1252911101495915,-0.2556460026816878,0.7392362413108386,0.45443656827306134,-0.6405142550309757
-0.09365252997141818,0.7025818643753206,-0.009210643079472808,0.3363043426963491,0.19615186069784962,0.1275884034074522,-0.2390825842904315,0.16346800264810254,-0.04193347024295688,0.30309231563601324,0.23677780613713373,0.30356023935142673,-0.4401009193295755,0.7860551128621331,0.5472128783461276,0.9559331201946186,-0.49855703375431526,-0.11371510017888875,0.511994654776667,0.8628744886197532
-0.12494827954872945,-0.5301467907977427,0.3247802597546935,0.07145933984689559,-0.03818746702426777,0.180835302713205,-0.3979085092134969,0.5223291219208253,0.0956965837080902,0.03518111132484392,0.14378939478401032,0.2445015772963932,0.8219981712545819,-0.3165089151292244,-0.7133356932611796,0.3681079148701718,-0.05771153688350705,0.20317465522869305,0.35688119196595625,-0.3217540842817026
-0.30819531650227605,-0.30536459536653854,0.11774471824499244,-0.037027515835012126,0.5383911113278548,0.008683674409534548,-0.060102742978050155,0.06025827885822438,-0.1091022300164608,0.2380674808302159,0.3210557758944035,0.3370366364470987,-0.37245724657686985,0.39060224188684844,0.6701045645455224,-0.5446466933357175,-0.05019361874097661,0.5467021888589731,0.8602008199321716,-0.9927158405862191
-0.11025790096599708,-0.2933285628689579,0.0812619581217951,0.04567452173471287,0.24339151885082466,-0.19800361599501887,-0.13143806827376958,0.3909499919712529,-0.04477569146833543,-0.42585878945974115,-0.4302400561708404,-0.8787505745721178,-0.7425870124061258,-0.14501974772913107,-0.3773092462341072,-0.8545102462228793,0.48979961929342775,-0.9086720629446288,0.5963283451183601,-0.1950878241470433
0.11514753140288497,0.2083753734258043,0.1427296413081045,-0.3028263617595449,0.4983821090425111,0.23590050243803595,-0.04977729182340164,0.10743344635562713,-0.30411427742789554,0.16105582851010414,-0.08620919043205189,0.6939073887747571,-0.10976732811689138,-0.12280431393818514,0.02197026234513122,-0.4146014347597673,-0.8767121837752565,0.9978642855258073,-0.1798991846711513,0.4224362277397
-0.6499014580146237,0.1319187618035803,-0.20375683115823734,0.07662425676672248,-0.0298139408801108,0.13500745288932786,-0.04474522470407964,0.10658064149678717,0.013387477079075435,0.023874312964220597,-0.3194154318528122,-0.37370153881830626,-0.29340816391250324,-0.3034158894708334,-0.28656441708884905,-0.8285274396909927,0.056620812724586855,0.28814319662484245,-0.9962415593530121,0.7566515248921726
0.4859115294507371,-0.33009263874076666,-0.24021125515846298,-0.04463168064905183,0.11117040151199546,-0.16821175584424247,0.3844977675550024,-0.02928214383266125,0.1916672423292576,0.017301103195418777,0.6333895877162998,0.2554584281546899,0.7887560399296674,-0.5686713501692173,0.2962644171008517,-0.22804862971015427,-0.048225507930840905,-0.17604838258065136,0.5532940548793279,-0.17883273167648883
-0.32972560546631613,-0.012921382996581299,-0.45975501700009763,-0.008193400211616908,-0.11620110654152116,0.28652419886411085,0.3079255872490854,0.23931550458978468,-0.3540155417694234,-0.1125048654406598,-0.4746269200349347,-0.3421037004845371,0.22516114039043855,-0.875698079707059,-0.70236095709031,-0.2571487764500364,0.09778170510078588,-0.11454318212858983,-0.42544837925600065,-0.32091522553573504
0.3461196590533103,0.1189807435012539,0.0668727262668884,-0.06519339246617073,-0.0009534602433186601,-0.2562548481518694,-0.0426578471493103,-0.0046464105476197864,-0.03667364065367029,0.5639559569423331,0.2501368648584763,0.09234013764168769,-0.213568223955666,0.7501402534636954,0.7485851158656613,0.13691809050142112,-0.04614586460154624,-0.1996009188190504,-0.9543583318844762,-0.03151650870507905
0.026499552385223703,0.31721253270607236,-0.17519275302977416,0.012761881257946917,0.14987074942330791,-0.010203758300430948,-0.3836695267498749,-0.09808568352069268,-0.5557861369302075,-0.1531087585745705,0.301959299735969,-0.9767890166111273,-0.8399908573882546,0.06644057773807477,0.5160893320566564,-0.39564437900705873,0.4787454005886438,0.3673622756282615,-0.1394450098918767,0.4437425039200824
-0.031465416743355686,0.3048557202937983,-0.058541525682166744,-0.04580107519656723,-0.16034909173161552,0.7300651311343107,0.048783283268813774,0.21108421421275964,-0.007878942744564917,-0.34716862384714986,0.5547821431681883,-0.008238169195546652,-0.5237520902651502,-0.8198637240475204,-0.9194334508765292,0.22119366887989944,-0.4547239452587808,0.32291924775146197,0.24772825364214612,0.5787571524630764
0.04584855340146498,0.02911434841388555,0.018365090960480376,-0.4886477522732267,-0.6319951424740873,0.1466267568137329,0.005069983350086731,-0.01212590387646436,0.08530427501798435,-0.18930052180983872,-0.4800120296041428,-0.7084251601165514,0.7542108985880083,-0.00685374353570567,-0.5779862311776895,0.3608935421246453,-0.5293676009440464,-0.26275691864798056,0.7543469758504842,-0.609199295940674
0.44994589622457,-0.23959988839839721,0.05304368210115609,-0.011321800390254322,-0.1153740037024561,-0.2382291773690755,0.17794212220702937,-0.3665084368890959,-0.19238777815948865,-0.03974126977087422,0.769757855720679,-0.050941218741556105,-0.5795011038159956,-0.15956171103457106,-0.28183589446122426,0.23757658299602036,-0.5383234809271715,0.24649787887039198,0.4984233484591889,-0.3908943565052305
0.04573881063508552,-0.17145472238990886,-0.06643158637227006,0.045314114745326206,0.48667948968994695,-0.014895201554069037,-0.3883215644305817,-0.04163246723688954,0.04725102253275053,-0.5131562944405546,-0.3041430123096207,-0.06603860748514423,0.9252145697257683,0.34132452553215975,-0.5982731420326299,0.7790298243558809,0.8997950046852554,-0.08498646915011476,-0.07319562058373985,0.964010492218307
-0.7492024090128651,0.0211747853474166,-0.17659463753915353,-0.04691213844453458,-0.021051341918997938,0.017996151170468218,-0.003570355280951643,0.15885790792293358,0.33886987880145225,-0.12472437878468157,-0.402022087813128,-0.28952918407613293,0.5964885984220463,0.10533841732139071,-0.7168004722077195,-0.00898518578255203,-0.5334485476209447,0.3969398188460693,-0.9209600103424469,0.39237381085577394
-0.050841667137867,0.23260621583311764,0.2400159363727321,0.10048759574423521,0.3178777785724367,0.15530226866110597,-0.04476443287709991,-0.2932291728669616,-0.19067114503017496,0.45064029377753534,-0.40157542386214784,0.14500525349209203,0.2308226175981909,-0.646633097578009,0.5163531663302519,-0.08421843858322231,-0.2179706391734033,-0.7518919907080757,-0.7727416494682577,-0.6887841267384094
-0.12526223519238622,-0.12141807714532499,-0.026583517897355732,-0.012126413665682748,0.00030569028420319305,0.0019318919259174588,0.6568540897635976,-0.07448610268650346,0.0433952135572781,-0.19108841862351766,0.26525681899522424,-0.9119923838706767,-0.03499292059554815,-0.47683856425403204,-0.17133532989678657,0.19704877598943749,-0.8031579513942539,-0.18456713346979425,0.9719474742283261,0.25212122727696284
-0.049799345981935146,-0.4092160310529843,-0.1262346943282397,-0.11122370921659885,-0.019938657416407136,-0.4565247309764078,-0.0502326409459664,0.43083851285499103,0.03223895868865956,-0.224672341890658,-0.4785598292131854,0.40630659078346887,0.2843330292185773,0.3865064958190916,0.599569511117481,-0.569557659056493,0.43281647800125667,-0.2670891914500342,0.9104808669596702,-0.9560687787623456
0.09997206986842026,-0.23933780231812893,-0.40578286254581925,-0.041475235733011914,-0.2834737179762011,0.4314671872745719,0.061701078535640067,0.04651287676921225,-0.24131167933931558,0.010332208628036965,0.35958724769033656,-0.5587477132839356,0.5179405729524067,0.15868728219664963,0.8615605011109695,-0.19847580436491108,0.8860108133033193,0.4629966482343,-0.018015202707043487,0.39834812402563946
0.0071734822528154735,-0.09947124026495857,0.2605632972199414,-0.19348156627748014,0.04091583625791456,0.39034589830620026,-0.08951223823835641,0.021318279045060562,-0.2175014188629401,0.06683858342630591,-0.24956832076056812,-0.45888185903399825,0.2341003773226329,-0.5834777306457322,0.6595864519069408,-0.7387117939590648,0.5312128810251906,-0.1555469321905445,0.7188217968437376,0.8860005992461071
0.5735682968261043,-0.03928622730495767,0.03378008703534371,-0.029031861740455057,0.6224454840825301,-0.010722888457110754,0.1443258142869665,0.12449162726472268,0.015319853461783092,0.035989180683209894,-0.8516364764902342,-0.723787909554718,0.9754854830816859,-0.7099187759790329,-0.9478810091174685,-0.14552869500184018,0.42307535424004894,0.5877789955941604,0.010316299635526383,-0.3093674284152097
0.010683335098198146,-0.008275691272983048,0.8618609601642014,-0.09256546803181077,-0.08847600279256507,0.01810202798692536,-0.09337918567842467,-0.0641105239630319,0.17322902993102224,0.06588169207904108,-0.6050511654799224,0.769511805014488,-0.6149736353082731,-0.09950821743288185,-0.3271437969113966,-0.20911295007943487,-0.7934213524572209,-0.09349247980392783,-0.3857021939432099,0.0812177976941213
-0.15395178733834336,0.2814516839963613,-0.5786615964806205,0.11429850839785519,0.27001570559993915,0.3313254816758236,-0.15227970278823155,0.12548167502066646,0.02543289502649676,0.043922042930720384,0.34367249146041634,0.5532682451964022,0.5677015395116003,0.5829343967512293,0.24623990717117117,0.2725278969025,-0.2692231287659548,-0.2756111224294089,-0.895516244974375,0.6174897063373264
-0.21642682123650922,-0.1675914960685525,0.009885356820548585,-0.05346133295882605,-0.09337281980210202,-0.527041159668692,-0.3318278195108409,0.30049511266173906,0.18156340093364998,0.2512905338181609,-0.3611972040537803,0.46987738318398287,0.5591440760067428,-0.9491962216508163,-0.539049972504815,0.3173277442894875,-0.1525980683294177,-0.21810753136854344,0.5211761015188803,-0.4565607535346994
-0.26440506547514,0.008046871321434765,-0.11217697136609858,0.04797609958809612,0.15318155751476786,-0.02155792654926246,0.2783273295511887,0.32008042511075097,-0.25999841750361125,-0.17057134842245084,-0.8318191897747829,0.11098786091119206,0.6471274723784775,0.8961348712500312,-0.5236562931902071,-0.6443820637414741,0.7820790637209032,0.9911877383582188,-0.5141761881487044,-0.5102893754261055
0.001112490413617627,-0.001386202986529833,-0.22514690436843188,0.0011185524680637667,-0.003544891269689557,0.04464610241156669,0.07151352833397795,-0.025358529022580283,-0.728960218150791,-0.04594674709853125,0.7671423262755974,0.9816663384035003,0.38043726879012807,0.07997358303236068,0.7222247169938001,0.9301368535291148,-0.608194698104686,-0.36745471074670033,0.9638082609838312,0.8161389123733636
-0.39282909274840616,0.1207488872200605,0.03549386192315242,0.07640407040966586,-0.35141981718310933,-0.08735729985393059,-0.05297718906943564,-0.29948664233260663,0.02427698309355542,0.0270651867712334,-0.031348630457465276,-0.3678436006120378,-0.5502873544931646,-0.49727947862209243,0.4408393795630663,-0.40622374799222394,0.8047262784783844,-0.7270687824235262,-0.1241204619955174,0.9596169915375616
0.020042754551394787,-0.15606290233905384,0.01357378850401613,0.0038498998786851684,-0.20378281351121127,0.589128861021861,0.26760772072216876,0.22135663765002866,0.27030909758893995,0.027578468081796412,-0.4851702488048446,-0.34589822737083287,-0.6090388141017054,0.8880901654828124,0.2936025791973007,0.3334654983500107,0.9500103249531282,-0.8791638964485005,-0.6681233304154435,0.5765142482592023
-0.10500854789410749,0.1025032635649167,-0.015371004874668387,0.01841891201992435,0.007054839370881976,-0.7946539519371556,-0.11410786327362396,-0.15978862444484168,0.005300674153193668,-0.023593708932645188,-0.7014263330907566,0.04171536522800401,-0.4768486184695191,-0.1359009223832759,-0.25629921210533646,0.25688059953661035,-0.7195542190428559,-0.37535247420019613,-0.31606469102431967,0.7819480394700375
0.14312077831042558,-0.2741414395686856,0.1391051749183123,-0.29201705175314063,0.05647300175546202,0.40019253052253123,-0.09554239780754384,0.12299812998530105,-0.05005464664989463,-0.4896177492349818,-0.9781933416252209,-0.5652435556020785,0.6526782010681806,-0.1254084451310078,0.6882811765656509,-0.9281282452409219,-0.47984634389817304,-0.7536207056751556,-0.33206796452772536,0.7008774315222912
0.19758884168054414,-0.0010993396346522313,-0.0059994856745187695,0.17549856169994854,-0.02087793861639959,0.08508369074297963,0.3437289292775012,0.8378257445081587,0.00035904132095826435,-0.029986342490681828,0.7047207169440419,-0.9968718427250483,-0.223285114177745,0.9401948030388736,-0.9522581783382282,0.2891430056114037,-0.7921506695063143,-0.9820071384969133,0.4694327295762395,0.8830080768825466
0.10247360641853778,0.08141614300970168,0.6965188727288012,0.3256393292491603,0.12151700034209101,-0.05589898749703753,-0.153893722569566,-0.29420751919914023,-0.3042509468925203,0.1447316784153955,-0.6474885404297024,0.28909741830394076,0.10970240370451645,-0.43634054061264704,0.04211300124302397,-0.03806697975083684,-0.19933352180276853,-0.032990608952601974,0.07100849286358768,-0.8692565326874198
0.0768101990220135,-0.39340649368665176,-0.0886063439362938,0.1397201385761488,-0.45607567125431325,0.009078219518341868,-0.39752201965887113,-0.027845941413489284,-0.1882651828792049,0.26687906033165065,0.572491964732653,-0.5215827509702837,-0.921533807523794,-0.7714375657224231,-0.45182783018344597,-0.2783780900881434,-0.2442721128712917,-0.5116074346906168,0.9758613244688019,0.011387405100182324
-0.13217097859436766,-0.05615476312981735,-0.007385461815143435,-0.003918648758011067,-0.18772897603130664,-0.3651214837226107,-0.041936106040883436,0.29326986425478907,-0.4808459912760875,0.04625271719442092,0.5976002157991465,0.8087932263567768,-0.24599061892401997,0.8310701290216052,-0.8906340491086167,-0.37727189069265976,-0.04014697198050654,-0.5030419328059013,0.34979882667242146,-0.5596052829249853
0.17513228116036306,-0.7221148389905562,0.17868297194721916,-0.09440134036025286,-0.22376188517661663,0.33506197758769046,0.13746321563583594,0.06390170289687494,-0.11266495329329726,-0.2106352422738094,-0.07245389457506746,0.037635473538748965,-0.6990902136638526,0.39684932041731047,-0.9189557334134,-0.9725919864549255,0.45058018741938377,0.014364573765673017,-0.4038664065555255,0.7847308800298509
-0.4781905350368687,-0.1424653855305067,-0.2855282501193733,-0.022045049495154567,-0.01166299139181165,-0.35968191023173635,0.03470143800524713,0.0674489008004146,-0.0015438249291395145,-0.010087148341750271,-0.4802967173487376,-0.09537868560260643,-0.8631037579703462,0.549347072214412,-0.9874175314149622,-0.05356254271449057,0.06980322947904583,-0.49344090334369817,0.0072288749484328285,0.31062506290749003
0.037656127124340216,0.05852265772794907,0.36103786807860516,-0.14025709503631895,0.05869714145933322,-0.02760140721527013,-0.041777037636098524,-0.026953020367680713,0.17124924906901423,0.462846809752553,0.04823695010865037,-0.8845599333630167,-0.9211814547904902,0.6368978206446751,-0.22561318576645073,-0.31432416878949065,0.07467509432552166,0.18540379209119218,0.3322012805206813,-0.11690392401588534
-0.1788049385119558,-0.024643458169718774,0.05266336585353021,-0.07338090096031126,0.1683422167126474,0.5518889208302287,0.17245691783385614,0.3797169747729968,0.3625217788590151,0.026474297066679652,-0.6943757156249779,-0.1692826126991711,-0.014769493122918087,-0.25269998636844604,-0.1764500444663395,0.8785789837529197,0.5174501899415087,-0.5462458198908275,0.9414973395459092,-0.2633858942963403
0.3646957470081469,0.05157461960933167,0.5663162398199486,0.043346888982720155,0.059162954634980336,-0.0018023882595958438,-0.05044546359951481,-0.12258620221978257,-0.28707827331752606,-0.029298049219028788,0.06376912278898228,-0.24437299044509575,-0.7671064718960852,-0.7110087176833537,0.7682942587682284,-0.13231207781842325,0.38649832699881803,-0.6941717566889525,0.6628555010591328,0.2518666329811907
-0.23377309167988425,-0.21096374841346452,0.6223254196338419,-0.20527165773861922,-0.08902241548529975,0.14029597680796022,-0.002043672814500852,0.0413110745913125,-0.31354279268065166,-0.2011029390528711,-0.785875055299087,-0.9141067961029772,-0.18362607734866043,-0.20035681873165156,0.24738682875960905,-0.46061936749205645,-0.46164765325450374,-0.4987014031069261,-0.12253067139005958,0.8766285626285164
-0.061104641268900056,0.028835530536225555,0.13671162711387588,0.18726879464468185,-0.366516042281676,0.021600665532420835,0.3919327948640401,0.23456539249016994,-0.2853156415921015,0.09303228101199082,0.21759578236650645,0.0638350124666387,0.4827958572076396,-0.5324494594176856,-0.7655599190706655,-0.37948404531209823,0.2708155101039258,-0.8792633647409929,0.4057401264195841,0.36574356456886536
0.7338390199986885,0.15322634651689304,-0.055290395985346685,-0.0377511947409065,0.24755681778092486,0.151790789816105,-0.009332037652112858,0.025831947233551544,-0.0012322100375493708,-0.008165211589333553,0.6917796882833214,-0.12897225366874987,0.4216032381072097,-0.7617273215708822,0.6898578112349196,0.11306977831731513,-0.9381226864107881,0.6905158821761719,-0.5800852030189037,0.7601614202775859
-0.06976975705362587,-0.03921897644617836,-0.02054127489804377,-0.2597438217423434,0.4766157659959148,-0.06260427731903087,0.11225738926228505,0.2187124064242909,-0.2450414710229608,-0.17100660794585576,0.9175106445270014,0.1272886221030407,0.55601900788057,0.2899210722655594,-0.20572832690497367,0.9292854319106187,0.5862951400254925,-0.7212646268770966,-0.026065421897636165,-0.7888127442607176
0.29366680148369795,-0.05583800621248762,-0.3385854217939689,-0.11790332948237413,0.04152035595372315,-0.1646404193888381,-0.5207291441565963,0.1726075590857344,0.16004698945632695,0.022617498745563833,0.4275734379005276,-0.9825495130216906,-0.7917406898753847,0.5899395597475994,0.5509890829684116,-0.8135128777543423,-0.6393135627763893,-0.2724020937349396,-0.8723145386398747,0.6480506240341193
-0.6211561027203354,-0.02186002033130964,-0.06026052344633916,0.12788689861568767,0.09636291766775924,0.3176689881642143,-0.06860937208080153,0.17475973232935182,0.011037407252179929,-0.01313610216458358,0.595296060177585,0.984270165402509,-0.8251123160454505,0.17786575350077838,0.709123326473974,-0.8967079038290358,0.5624223391011938,0.12051253687435848,-0.47586054022127877,-0.3934879010114902
-0.016479942433400147,-0.23946204279489586,0.14227386306077763,-0.029335055252028383,0.013342497925314806,-0.05749410871894016,-0.28840817620829284,-0.5132106487140993,0.6169076667936748,-0.051727041048146766,-0.8074498380031647,0.06144258067548658,0.6537804054364971,0.9643063867060215,-0.949188296766633,-0.021229713725953614,-0.45555447599363386,-0.8683069385159112,0.9441153457662121,0.2467684139907349
-0.3421652033627987,-0.42221259116381643,0.12872177485137304,0.01036349110521341,0.05738268331361859,-0.20669555438876502,-0.5375156485752295,0.21929124641276582,-0.07975412926776596,-0.007013795296169106,-0.18612963781410596,-0.7029652585602575,0.6963417952234632,-0.1206996382374963,-0.7195810168294767,-0.4449118521932258,0.738522938957848,-0.7580387820176824,0.3878750971924656,0.2101286166989298
-0.30215635971589355,-0.4676575382878402,-0.20865527663245326,-0.024753295953319793,0.01019851542891359,-0.04064502657146024,0.03502747144833946,-0.2022787522186718,-0.15087944286364402,-0.14074965869841932,-0.4929479246064752,-0.7318811107939436,-0.8924215612315558,-0.8507048819107794,0.27517815302362814,0.8797563847991594,-0.2731534500769912,0.17545482002520552,-0.9649322594398038,0.13099752066003822
-0.8083051294950179,0.12641433181745282,0.04866707775814701,0.0214327249152602,-0.13515294799223027,0.0004115716295478994,-0.10916310850812633,-0.02375586117482724,-0.007223996485002018,-0.2035756652977767,-0.5650734010232046,-0.22008290085279159,-0.1885297922974023,-0.7496454524106877,-0.44035389414052584,-0.379355106181128,-0.12160480645365435,-0.8463268032436215,-0.26513173602556606,0.4792188166463538
0.165822781665581,0.08833849198964558,-0.49594238723845335,0.001912498605087163,-0.6138148145686613,0.08201588577784107,0.15998033775953133,-0.3265012157061816,-0.05678217044565534,0.005538845785210987,-0.40153622205025563,-0.7921332717258462,0.4712163596750487,0.34030130580909446,0.04653370045720484,0.09881167920910405,-0.8771248111983858,-0.42063577961503884,0.1683263062425795,0.802370534179411
-0.07300281431622611,-0.04598655133427154,-0.07567806563203834,0.05913837530770411,0.1852021114281307,-0.2752740800168905,0.24043909549738834,-0.23349423596841637,-0.17246671270562186,-0.7049400676096469,-0.667688327435985,0.31918407986301234,-0.5969618485673591,0.9029692127648563,0.44786000719522456,0.3923816628791106,0.8705600279074655,-0.8816513871941161,-0.6731201098922879,0.7433695145126196
0.5032751553186197,0.05605607954612302,-0.34042564790648544,-0.12011965384731993,0.17333636070565828,-0.3156401350115447,0.04826612929632368,-0.18078385669687674,0.062444592191104195,-0.043763348274829555,0.8720993809478776,0.20234743755357276,-0.2432837359225848,-0.7386555970110471,0.20290218322255793,0.7196714635807036,-0.26870327518725134,0.3836184970704286,0.08301470279147027,0.41781010433491916
-0.01906716542495164,0.09596970798166495,0.38916239892202664,-0.020927941410756434,0.011352791497835676,0.013095431499736184,-0.7851219949181087,0.021395608199523623,-0.00554246801804108,0.29639715967079233,0.8647356990354067,0.4049830475896874,-0.5266043820720978,0.10779000255203286,-0.6195691323170702,-0.24615709222983284,0.14852247572738642,-0.31228737124602324,-0.8647050072412137,0.8943027708545663
-0.7781063743176316,-0.009209359761853497,0.01894251218564491,0.12642176186236714,-0.2440912939334423,-0.014139464290122167,0.10644504700334612,0.3200733516129427,-0.01840745114352412,0.03995976962258088,0.8496148627368894,-0.9108827381159061,0.32439045092009255,-0.5452105158654803,0.026366656041653558,0.9149318030676703,-0.29342331040265135,-0.9249727397091838,-0.09937565401966797,0.6798724319311347
-0.42941928578529387,-0.3424095442712542,-0.09471033858296449,-0.1776177559330646,0.16055153739698208,0.001477727262251663,0.29050567251746057,0.13370579914559655,0.2398148077479029,-0.14035516687807242,0.7382575290235511,-0.00033854666078858564,0.07138187372161342,0.5621752995395797,0.539698888782902,0.9669859940033996,0.7025373872197855,0.011362658910097023,0.28224567857983507,-0.1168692784272376
0.09229100621173009,-0.16805148324883373,-0.12903361560918336,0.17217441126530675,0.12855359266165095,0.47587477685393653,0.2036601914826317,-0.02994320167496503,0.6565586981980955,-0.09562205643941823,-0.036315967455504694,0.6068898351765308,0.8566795589337992,-0.7830060826649021,0.7136935179428971,0.9862815916729097,0.5218401068188445,0.4740682395778375,0.13721572373430302,-0.7867127149951858
-0.6408357146577438,-0.16302075445198827,-0.33833740455729383,-0.10005568848248866,-0.4161172797370194,0.08662386472428305,0.12311187167380698,0.04115379736664679,0.03854376911643491,-0.03938899919069251,0.8609600777606057,-0.4931707432118788,-0.2587592445824167,-0.5992661178158893,-0.6842642316829839,0.554529681116646,0.9183762186482609,0.10780165444141665,0.2128712757871296,-0.7984267110893148
-0.5181896267382178,0.23415150588687506,-0.5187740451768352,-0.009588791444155462,-0.20864767761217384,0.09906861995238697,-0.10011541425114662,0.05622582207677104,-0.10674880273488746,0.13102737883765198,0.397692753879733,-0.9063649049786049,0.01832464506541176,-0.7597863866833039,0.12921502944873198,0.835963532196407,-0.31552133753417433,-0.08860791734040774,0.3021184267131234,0.07789621751801112
-0.4118452314298429,0.06823813431784687,-0.5129960116663617,0.0013216116124197264,0.0026473659224495755,0.36738043523964903,-0.10081489799406287,-0.13122164774230005,-0.03983243953142191,-0.4137719531398553,0.9292732243857649,-0.7392546705234142,-0.31473144090067184,-0.07758001137504222,-0.7993538465844856,-0.9605490955199045,-0.3309247241840292,0.701347600197664,-0.612812028582318,-0.45501239672226923
-0.2745109561577677,0.0022724343680347037,-0.27610652550300896,-0.022808844124262373,-0.1732245470286254,0.05601843123281411,-0.06787408344498494,-0.020290104946688897,-0.4763002004768214,0.3872019301169076,-0.20111277850798936,0.831157170021992,0.9665136471687741,-0.17587897363644966,0.31277282959782915,0.039737644521288695,0.3178827781795468,0.625641378782094,-0.153110948702885,-0.27836347562656716
-0.2043467567595148,-0.10081551796303509,-0.2394516645602675,-0.36543415079839014,-0.344234095110872,-0.11693964893308818,0.008781591809386854,0.31723394328901783,-0.0011140404622323255,-0.01388110490006339,0.05018211034965425,-0.6549279022635186,0.7652040129018409,-0.5151065175865928,0.6519733463154795,-0.2665638362343621,0.4848004266001593,0.23646876521050153,0.11249849351286256,-0.5386015744991195
-0.04955429182803361,0.4992187282726668,0.1891779267060909,0.005223019525338142,0.05056712639789311,0.016571498878869616,0.5448731857663216,-0.11341762418056113,0.03162202050425166,-0.017021661627456334,0.9648755183975659,-0.4582819606057773,-0.8065611193507713,-0.7731613612842714,0.7011327830707579,-0.4649693163234341,-0.0023641730305925535,-0.8466722027428188,-0.5964523221654654,0.029059679264282767
0.05764474990000723,-0.03931204126307605,0.5798038975318406,0.3482191959568519,-0.2894789014120305,0.05199648272637425,0.1226971276416409,-0.045726070789894685,0.06650204610644528,0.38432246050740615,-0.9189085138599611,-0.2990152119939753,0.7687562760835922,-0.9476055209233405,-0.2846821650624334,0.785160750266624,0.04154837681119683,-0.023944905492826907,-0.03540786471209234,0.1550448769888495
0.2223642553042513,0.03357732769862612,0.1855145918896812,-0.4430350587650325,0.48323145651155686,-0.08657129578945777,-0.08546592389333821,-0.1402776267204362,-0.3573324039829124,0.030927247763106097,-0.8916689086158129,0.5599744849860013,0.13371684624620195,0.7987746856848825,0.0978541185207964,-0.9572841871580238,0.23075668750980594,0.036720028294766394,-0.18418095028993697,0.602204451240103
0.009004113279627239,-0.05209117292563925,-0.06955776939414171,-0.21961785669603184,-0.2576060737611023,-0.06055769812905709,-0.15166727680715097,0.5405517982157476,-0.1849048333800245,-0.08780866172445219,-0.40164576349431624,-0.8617091061872879,-0.22514957889899612,-0.9873244784649098,0.6122015220995247,0.8408894976041457,-0.7127536596336377,0.24953860187743304,0.6512345632982421,0.10359977644155882
0.4850628000760877,-0.09224606750691938,0.2903838516063141,-0.3542611598971053,0.20321944212383491,0.1689792127973711,-0.18995611834515114,0.09128316771200179,0.11669991213445208,0.34106311206393747,-0.8967543141684058,-0.640599103511339,0.8454447604421285,0.19198168451854447,-0.17131621200433234,-0.4185460344276255,-0.23777427436737564,-0.36180219292270777,0.29256329603535347,0.3030491641824278
0.23620342722224352,-0.20146764493315655,0.04813367435115104,0.666129150113855,-0.013819519802188356,-0.00835422034421133,-0.09454243474008571,0.17631230057655833,0.049408317733857426,-0.013211615655352225,-0.03611719293756366,0.8872243229864603,-0.539035656910841,-0.03998058309377939,0.4479496918447117,0.0427693156896054,0.382396516384085,-0.09365426061577686,0.8337881026080058,-0.09049160799826805
0.6058391593720684,-0.25999861835605165,-0.003256688513849859,0.2026662447234066,-0.006212969733815604,0.057938927022284425,0.02205417559058681,-0.07424682462724412,-0.0931785474775382,0.5305681524030538,-0.49565869967243237,-0.8924826750008772,0.8106172701409808,-0.273841696113859,0.011222587120569116,-0.026372830059694152,0.15407164719040956,-0.426732535716144,0.9917733576754959,-0.9575179605311097
-0.41393953059917044,-0.556299828254564,0.26700405937699834,0.18635343958708772,-0.21242404542660173,0.03045219990455661,0.010324952149874903,0.1528081708344073,0.0877391952674183,-0.3500356586989232,-0.9518730167970266,-0.8029928785142502,0.45778234511659566,-0.400299772435585,0.7413299496959622,0.18095788384504874,0.20836173666650848,-0.10024705493951758,0.7620997426592675,-0.6510879375387073
0.03625812413092566,0.6730369133225849,0.09403056061489659,0.000847224495797546,0.21859145279576067,0.053399954334323735,0.0518145816929937,-0.13788539539531408,0.09197142124417633,-0.2615000860683163,-0.2459078133525352,-0.09762372505496342,0.45041755283840645,-0.5456960349560918,-0.5987732072017538,0.08544167225877541,-0.8918796403661404,-0.9444505791767981,-0.8897372632678722,0.8896622907835192
-0.1136528075500033,-0.05801287878726004,0.05337562377087657,-0.3707105557741282,0.22097376313414094,-0.4393151531101167,0.079743019084184,-0.2893378880648421,-0.2863302528424128,-0.21155580603643193,0.8242229224442315,-0.46604495402016033,0.32792434069006404,-0.5393083155829188,-0.9991414758046369,0.4704402641975014,0.005328194611271764,0.15463227477256325,-0.8318431355785536,0.05073121223696342
0.07721534357287296,0.5432626498245885,-0.092373598609378,0.18525755563210594,0.17082716666851194,-0.3391845460124158,-0.1527764083606824,0.03429646268486852,-0.24473779294404785,-0.059418274132727766,-0.8572888564426635,-0.34747669515657154,-0.8336771088761523,0.9216214901878046,-0.9206858583816073,-0.04735935470794339,-0.6939650512568882,-0.11068849143563186,0.12279389986664091,0.1832238484444375
0.0681765162916329,0.39552385944591295,-0.08370669470076852,-0.2935106141727386,0.15938906732462677,-0.026859118861875975,-0.1557668388369442,-0.13846347158531624,0.16927131471615697,0.29557564665712277,0.9122072569565614,-0.2784226338815663,-0.054778596196709994,-0.4825078388330508,0.8283745746651199,0.4822244159727602,-0.8940936548708147,-0.8000817087210512,0.10248428171352542,0.22056684975974195
-0.018000259431249443,0.06704973631903854,-0.002802950236376521,0.4274469637195859,0.01606610211956755,0.08671199635591592,-0.14836204634293304,-0.29145648271272456,0.28081214388836906,-0.35176158356411064,-0.6648548697140471,-0.629963565305955,0.011814404791471222,0.31878229740051545,-0.22690753334287517,0.1027253641131729,-0.29143777523870473,0.37185219277323167,0.05962882102111422,-0.7061356060061508
0.01625421577935829,0.6242261035185778,0.14649049348855714,-0.17237407420450523,-0.23320734068088345,0.14053245857050345,0.039672409411105614,-0.19477714362655174,0.26954649511540785,0.37756474837520093,0.6629845547938669,-0.30019856521154953,0.888170699957449,0.4097475465074796,0.6263289182127028,0.8616212585535667,-0.05014976882717348,0.5239613729673704,-0.3506468518502963,-0.3390323712686396
-0.6617267288756412,0.3474710075944134,0.0008979257554871181,0.08884424076031205,0.026218532722445273,0.05483685958250195,0.013940952774250791,0.1273627803043368,-0.13018952577265855,0.39797621072607764,0.7740364688896963,0.02930557402918832,0.9728910576948786,-0.14460513974599243,-0.7275052054659636,0.7412462866729141,0.16156688271543884,0.5725758026232406,0.07774433328128905,-0.5509135466865078
0.6583509552486183,0.15893528547821015,0.06394550390978689,-0.2529490760442552,-0.025016257735531823,0.2073876345786823,0.11744502976164173,0.04960187134772226,-0.14359849786695206,-0.5068030434450654,-0.09048873004552238,0.1447314603807801,0.7453914066527536,0.18809327984785962,-0.6126619382211187,0.6265763856739692,-0.8158515887735518,0.4399923110947064,0.073395873711255,0.871191387026164
0.21018173504303223,-0.15895835807048414,0.0011934075098432584,-0.15720785228620687,-0.11376572956954717,0.18385610853615475,-0.7442731048832918,-0.007525395770676915,-0.17403574112971923,-0.059189168716220805,-0.5430086006156336,-0.817472954798939,-0.002979154135085871,-0.003484148929737696,0.7484378170876267,-0.25983783835078267,0.2790732102285878,0.2365847797394669,-0.3770368688968475,-0.6606968135639115
-0.0041836575839240275,0.2075731732408943,-0.013271787512624922,-0.1430879368550892,-0.002626513468207664,0.4679814969152437,-0.1008646954651618,-0.03890464294839563,0.06923590313358324,0.055525833670838354,0.38700181232523856,-0.381200471448925,-0.4807356481894307,0.4792139424023236,-0.5897159187581389,0.5031320172474318,0.050386239497771435,0.17636850169155283,0.3810087928973733,-0.5177447419078638
0.22786667756778511,0.22301587953456573,-0.059336261112414856,0.454755120146741,0.32784850051027403,0.023081599666538277,-0.14450885800806507,0.4089697770046703,0.09005835582509014,0.20926073820139363,-0.7787385115974799,-0.7724663942027803,0.7153717084154714,-0.08061220661367186,0.1786146070655068,-0.8800993394010872,-0.9414507743033433,0.5556683507423383,0.47436937283110425,-0.059708636337707066
-0.020309322449821962,0.14440759444341822,0.18292369642617257,-0.65324024876577,0.5045303926141725,0.014794306059731623,-0.13863725918827208,-0.01091648302116302,-0.03302202147584362,-0.04114644568741817,-0.06265383800290936,0.7843552362745287,0.19794811984161176,0.4648448526334885,0.09973382512830065,0.46357153001447227,0.36043864589836816,-0.6083942507114808,0.33773646473283825,0.48137433530371565
-0.39206379401329006,0.12374415036762415,0.11882376760068797,-0.03075915621048489,-0.10708698136464037,0.03214004702692294,0.03772615841262822,-0.030528068224511595,-0.6720414659028087,0.05040517148776241,0.5224478828466845,-0.264044167869699,-0.9805156505957233,0.09927509031128556,-0.8665910020076457,0.15897076958563439,0.16343155917753815,0.03144950356541587,0.13927926792648093,0.771401321067958
0.24280850191265313,-0.031977195666406624,-0.0029814796018087786,0.052794025619773116,-0.22680442178895174,0.46490376701015557,0.5847907884457375,0.02113607762395564,-0.03815549299714564,0.44359933279719677,-0.31053312651204656,-0.36130116584606475,0.20552073499047063,-0.8108772628534437,-0.811386841436754,0.5202620721063214,0.8933769334764861,0.3419876181261525,0.4826761480447386,0.87023302199618
-0.5287207065013028,-0.513534795712321,0.041824484666133616,0.01780697395589157,0.022964178586455445,0.035133570785828405,0.021941379267708117,-0.12021727147867217,0.1280977711013091,-0.20799680041849586,0.7055846856377443,0.6724146694751916,-0.8173646858928856,-0.6001938735617789,-0.3403658771402198,-0.24339909984244112,-0.8671096067200517,0.7870388023338981,0.8225297981553559,-0.4505840139411108
0.007708567471144234,0.04827781725099106,0.16288454606229708,0.003210508825752245,-0.09290057458133527,-0.7025525684399133,0.013737895717399782,0.16766145926435905,0.2185676732770806,0.09362115229360041,-0.41022550676822234,-0.46721647353107687,-0.599044357224797,-0.1620686939286453,-0.16482921496400582,-0.7822350089807468,-0.33349524777132267,0.9892587766709615,0.38539796546532323,0.7278103517059198
-0.6029834986050102,-0.3288374856727811,-0.17508780596821905,0.11008517145443913,0.10077494200853732,-0.18303532635542075,0.14804849443133367,-0.09777947805596382,0.14632893375540124,0.03149594090652913,-0.091417424294711,0.33885990806953536,0.14317851582275876,-0.01623068195715094,-0.7770931752937611,-0.09454159656780492,0.6572692492407828,0.761644761151625,0.4300901641637087,0.9344626201092006
-0.47301062474370004,0.1526633348803771,0.16391922330479294,-0.07365957690508473,0.198038307951409,0.18369251461084818,-0.12056719507102626,-0.16244461290956635,0.3063794173743867,0.2784270661871884,0.833788316973288,-0.5867555837966587,-0.08755735321615998,-0.6525641425293123,0.13600909735091182,-8.036510114295403e-05,0.6362508409404071,-0.007429187311429164,0.6967860416682925,-0.4056359750463856
0.07473893393778086,0.5837035895780278,0.12361728369137567,0.0652948935927804,-0.19177988290922943,-0.08309978033651141,-0.09007014940271015,-0.0783294524459212,0.03211806706419443,-0.5130578883425013,-0.38260279925557406,0.7529846857755653,0.19040581697812753,0.8825450277515665,0.1613999134734012,0.8959728219376306,-0.7644597044498711,-0.20990029493655848,-0.7810490149998959,0.2761486009926257
-0.2630476797538375,-0.5757395560853301,-0.02849726380189474,0.46389568708923545,0.0064188682131123,-0.01098280702494613,0.12597853508585505,0.08740454743913009,0.2570748138869828,-0.041096504283201274,-0.3001843743964252,-0.9994567823620539,-0.3763076577794011,0.40649838468393007,-0.4268569994268301,0.0603536614281428,0.8696174680414857,0.17699508425345245,-0.027088125452723988,0.14897550904296097
-0.6838239868727141,-0.051931024919055074,0.13082874062540334,0.005045562710728736,0.09452786165511917,0.4317775666196808,-0.04302929408390288,-0.08274322951884341,0.03363288512385666,-0.015699055849792393,0.7279629605963192,0.70999913825656,0.24156499975289525,-0.43970236182932787,-0.9981901865335807,-0.2475461390797895,-0.17655936367495273,-0.6923677687761913,-0.7318380388537946,0.8326331953776587
0.14641035162106386,-0.10937158243275158,0.5366208847513965,-0.04628153103976751,0.386032645125729,0.09716887765836035,0.045779585244237725,-0.13615093339452117,0.2619671492575097,-0.02904160680720702,0.23418085730428095,0.08873433806424469,-0.38201107079089636,-0.8122194927876647,-0.7387849599941416,0.8583486555258886,-0.40728752347405517,-0.7013873051690886,-0.3758854271261871,-0.13431672033658293
-0.033478361781288844,0.003243686870841034,-0.2743152831570044,0.0038409481115900083,0.05461280425769562,0.0022923995286355664,0.35717826179260237,0.30041922470642557,0.00013138643796600444,0.6009467799833293,0.6766633387264696,-0.8179241625614087,0.797854209227451,0.6854658799747841,-0.3454677789157028,-0.09137050175279082,0.13287533018075237,0.62885795922234,0.5870702255313527,0.9455394703982092
0.4294065578385016,-0.03269748211357884,0.03543376865455529,-0.007174607488079562,0.21384841343093391,0.23317584989539725,0.09838021339572013,-0.5182795011399546,0.024517033464782456,-0.16500070602597416,0.030093732746928614,0.9583397845390393,-0.7239740531367092,0.7990025767820357,0.038134307219539476,-0.3630337101086427,0.1556187908684059,0.8160914414240454,0.09998855790417793,-0.9584039415147074
0.024002592321121338,0.5018152754343777,-0.44469489068525647,-0.0708581817753301,0.2222619723183457,0.16061410603182552,0.09932789226809723,-0.032346116005779496,0.16476332044313735,0.1097137706340478,-0.10961623594454717,0.4582423653514245,-0.5578215939676758,-0.08314279654362466,0.7686627566144335,-0.12636441889437267,-0.7876376542715753,-0.7858179785916584,0.9417197922639058,-0.9331259027118788
-0.014501334433814073,-0.03917246477739897,-0.14751664120994726,-0.0925698388209105,-0.14430512285727923,0.0679749199748999,-0.49980146256015395,0.029047859253305566,0.09158830002532625,0.5675890980685951,0.7222119826306119,-0.29970584672147194,0.17445160174490426,-0.46041617205291163,0.03647339972221997,-0.3285187156922085,0.8585651758269164,-0.19332559725648335,-0.32854442525933125,0.7679031494245558
0.0415711506013004,0.1209199385390349,-0.21620362597283296,0.04794264741522444,0.11954228779524728,-0.28617945697129654,-0.007637772936236992,0.009467621219786337,0.2089809160534819,-0.18290109698541007,0.20586511033602695,-0.01967645350419911,-0.2286716400403801,-0.19001941416587087,-0.5568812815669162,-0.8271576589924108,0.31603402441456985,-0.39952441348948486,0.5489410144150602,0.032699673821593445
0.043134622006014894,-0.07143922868353093,-0.5799377425878298,-0.019212415479919046,0.5302262293487082,-0.031162900353593932,0.024116320140794234,0.3531834495701297,0.010046211029508348,0.10126732791650392,0.24697452551854338,0.001536235409109521,0.2944458528993059,0.39094006451984775,0.4699184165369015,0.4488835290522637,0.2430899675174636,0.5075450809386792,0.20281356195745937,0.16727566523054804
0.0946429498136622,-0.2461498269197948,0.08323024433880169,-0.5975121591318011,-0.004353143866076714,-0.0966804352419199,0.08180995426218549,0.1336985809109367,-0.07148018771414955,0.003327608267289263,-0.17544012424037425,-0.9163752826836036,-0.8598111071112755,-0.364492758692893,0.057269550055703444,-0.6702230002040253,-0.33613653413903144,-0.629660150835913,-0.6709374517336275,0.1327242574284413
0.008628540444849092,0.1413693812674372,0.047201058579963956,-0.05459937029405583,0.45851465311048956,0.5991469710412333,-0.0684886552086213,0.0015614199356132202,0.34894346912510144,-0.03688396349476246,-0.1585881327091594,-0.3485497869428722,0.7885563506726407,-0.3831529202157089,0.7271403492898898,0.7141965220321711,-0.45754416658126895,0.12046134089756055,-0.4961889927946159,0.028201341495982746
0.12758132586843826,0.09648658865156716,-0.3807434694709263,-0.21083577723176739,-0.07509456628541467,0.08088162116495151,0.23655137518762176,0.4758130068632762,0.46315078574440804,0.3319338324853719,0.314634165548219,0.5066912371868872,-0.77533372212034,0.8954308957152044,0.8862215142342447,-0.28406653337914833,0.8969045950569714,0.5569097387386879,0.583955733421998,-0.1631174202284842
-0.14655995439436173,-0.04702697427659536,-0.014395631117706142,-0.08131584799660019,-0.05733832767008623,-0.07334595912587069,0.040365678123817084,-0.640584474644922,-0.26963381544423437,-0.31381346850848657,0.8233339649726426,-0.9497880924799948,0.9814014827045969,0.9377987072875131,-0.6921764262916941,0.03287030492326348,0.004554709870329576,-0.4568088047497907,-0.6288542762835139,-0.4323505203408504
-0.48155762530683344,-0.009457259604790491,0.0004694706153837158,0.0597794534526187,0.20971741446259173,-0.3754750113930501,-0.199210165664376,-0.019902971204710185,-0.06556335337472574,0.10261541804277985,0.1891923558749291,-0.8483174588895137,-0.770424445160566,0.3823546766451327,0.48894584592155166,0.2967924872233003,0.6887941867086067,0.9205692394666232,-0.4243896563238365,-0.6721981394887486
0.6226949446731587,0.1301209674439102,-0.03309795847636964,0.05962979931462103,0.04142261397106934,0.12233149447994558,-0.06930959657400242,0.026445675362880842,-0.4940901150544625,0.02432573681797107,0.7783713109243204,-0.8812471307618559,-0.15402762325097563,-0.4145165728761655,-0.43645408599638436,-0.21980005291226856,0.8492754519582533,-0.089883529338177,0.9585856045068628,-0.4823072160770221
0.19145344550357823,0.1625603123362162,-0.06590988191852605,0.02124093356310286,0.15942209042356925,0.12240031770059706,0.1270536249262458,0.8522782424927815,0.02621592923778461,0.0437708116415807,-0.7129427122273824,0.6882666588918578,0.4696712545563422,0.9822975012468889,-0.5010228331926367,0.3728230803297603,-0.30224095437728415,-0.43721459220228387,0.18523353811804366,-0.00552890342919099
0.20253728362862378,0.5401736018975509,-0.29080070481787007,0.006604877221368002,0.08642881238809902,0.019654194710925756,0.0020248348287433835,-0.08641137958043124,0.029095951522542053,-0.07441241387651523,-0.7018869927508518,0.3833618080257952,-0.06889348363760672,-0.7268902932580408,0.5124902706534935,-0.8484027688397475,0.48181161359855507,-0.8384547048181334,-0.636136435341937,-0.519546639223063
-0.15759665295137243,0.01399737497724507,-0.49427395631850224,0.07725830354696916,-0.2219071991460546,-0.12273723493574584,0.21110790103207816,0.47419598753163195,0.29681724538662113,0.26619696710956475,0.17796364404764442,-0.8827888549984932,-0.7825014512362722,0.3348152188673894,-0.18372343068113706,0.9959183489443479,0.6433268375751009,-0.9181643840077196,-0.305098466419794,0.5914456449878471
-0.02965737328587438,-0.05115073895456672,-0.06722925089771624,0.40950331888629443,0.03938185714950078,0.020987002697720872,0.176054001321402,0.15324027865042447,0.22263337986398185,-0.07767562135001567,-0.6805376881746341,-0.240463193567652,0.3764973450658715,-0.5677689908436923,-0.3323935864487604,-0.40011132551872586,0.6015848060262761,-0.23476942432504422,-0.7149450771858799,0.3149640476906117
0.2714948606334437,-0.15091547024833918,0.0935181072533568,0.19778746683153553,0.021803684016185376,-0.2802905131473581,0.2400219244466032,-0.08340441509867685,0.2377697969960676,0.06687373714627654,0.6882529630923222,-0.6148800959736336,0.9920196405390982,0.49470900498296255,0.44707289050706867,0.08615512392831381,0.36143104019217787,0.3073587713235615,0.1998763354387294,-0.5162349303124085
-0.03137400799839757,-0.35117306193701536,-0.04716903334704786,-0.2887267355814125,0.17714497488201472,-0.006572704745191961,0.23862956281992026,0.3740424755330082,-0.11789116135645707,-0.03681316145259711,0.42887751643057626,-0.5150155997553143,0.60423271561532,0.3973215067631408,-0.8499559328266599,-0.011179780154484176,0.7314359873885745,0.486024288340269,0.7543028779662599,0.9611128274854099
-0.16853919838341436,-0.25417576379101225,0.0492569857430723,-0.20080854360459915,-0.05295347648354311,0.005651668732490428,0.45834689760141534,0.03420365692706359,0.582361254000576,-0.012171588569975023,-0.1137918679589065,0.9292144131044795,0.8325969712788068,0.1764300846992053,-0.8721256403003412,-0.046233083837190714,-0.13967782079838176,-0.3278571444475207,0.947840297027871,-0.029318492176395594
0.07345066836369996,0.10920832693364724,-0.34248021952981544,-0.025723651018192295,0.24542120539972234,0.07320294833383933,-0.15905885149529875,-0.4020928475686776,0.3120126161118544,-0.1242409387087055,0.3260009236083259,0.22130601258583504,-0.32112566483054983,-0.027873767034501062,0.8477518188474265,-0.5665035803568828,0.2665101253508362,0.4397346718613613,0.7442496737512565,-0.8812900568454283
-0.03288327468530594,-0.5761634176014744,-0.10053624739341735,-0.21907953787987497,0.04943602896300468,0.1258578069043259,0.11417132406228761,0.16537048104021584,0.2692338070236862,0.023218085303481437,0.6733945459700674,-0.7531281397291751,0.2206261015593649,-0.7593361725380436,0.17168489122738828,0.04659250043938723,-0.7095087633771318,-0.6226792333200961,-0.6593408502123177,-0.16867026281834807
0.4313271503332895,0.14471993162575428,0.4144378178196385,-0.0881306534364013,-0.1474005381378311,-0.09994412360615684,-0.07695452771250014,0.15995452072745986,0.10904039189370182,-0.48174650328917257,-0.8823173835797518,0.807870836959657,0.3742733433382479,-0.7535723073461555,-0.18458956136337368,-0.4351534607852918,0.03392323042185219,0.7174196650818723,-0.17205560717870605,-0.04353644117835853
0.09933995713757224,0.1407415133308691,0.3105270245151972,0.050875810470964386,0.07329567352873928,0.11767080883434022,-0.0777200228958565,-0.005423116485572525,0.0023940375838520725,-0.6436378530168205,-0.06315671500251274,-0.4571636486243482,0.48880948400401025,-0.18818773892657292,0.44120827458966305,0.711533820804501,0.3904527926290664,0.6436928224738321,0.3169682272948213,0.03566441367905049
-0.266064025019742,-0.08075170754598714,0.05304251018260835,0.09220734360490757,-0.13989347073762542,-0.19485707163125227,-0.04017608593316407,0.0011522135713593618,-0.33895840919663567,0.1017369893516401,0.026207948424352923,0.7037617101684603,0.21652480205095648,-0.7328746272138262,-0.668263176722786,0.2892574978284739,0.8545286156407952,0.035623632405094474,-0.15029647829905013,0.4795179308286792
0.2669413166698207,-0.046993533424629974,0.06022039536373358,-0.19730885217783534,-0.13923395227226948,-0.12076403419154347,-0.13036890727482597,-0.24407068012250377,0.3210029451134634,0.10424691194195229,-0.7575491704509907,0.3780852515962356,-0.7822229392010438,-0.6172989578362666,-0.6741850515099252,0.3706242711123018,0.50091869708519,-0.30048037940784034,0.2588344227822974,-0.3449776908306621
0.032197585933212425,-0.7584219684369895,0.07713540873921243,0.12423636696827473,-0.31674882881696537,0.08507380042042278,-0.07000186759731486,-0.014448725859425304,-0.13710420907824017,0.2000421500861293,-0.5381728161162891,-0.11553357722585278,-0.5845940989004235,-0.62158276453001,-0.47916082427519147,0.49613785556792256,-0.21351942864233542,0.7501843116729578,-0.8280706955545962,0.7925981332742007
0.08169850577229648,0.2740355773765766,-0.25844265472138894,-0.19290050678737997,-0.5868244255733793,-0.2431671355039137,-0.0007315628257278176,0.3974975828891938,0.05916746745576748,0.039207972299530436,0.48172845432973577,-0.18501704212607706,0.28084471767630936,0.4979516805841,-0.48423387956870934,0.13363950222007115,-0.1515616827755355,0.10701271927648981,0.33377841526902574,-0.6586373045057308
0.1471444495040467,-0.5748440095063023,0.02024207400812035,0.3960302916404086,0.02402009068953148,-0.02545134390433291,-0.17079792965029647,0.11690061686254755,-0.03994308009136578,-0.1355217347911989,0.047835278970250306,0.8102293175049546,0.13857474109753376,0.3224080567845802,-0.0035758467047566356,0.8621439160898892,-0.36918313823598714,-0.11317924950811742,0.24314076217173008,0.8700979590323856
0.11594021545191435,0.1706465019555033,-0.03772237370035619,0.07182486021039929,0.8314644576366365,0.1392115471319872,0.01470720983434165,0.07115031605381611,-0.023905909612564162,0.027806665026708144,-0.5578250216365768,0.9363103088506395,-0.32483628868878434,0.12200387039766203,0.575081748326076,0.7500207773367529,0.8604557990559392,0.339667889324603,0.48146439296644195,-0.9005375892941918
-0.054426944220754114,-0.2854292131994195,-0.13497283006724803,0.1132600592725387,0.21580186719988248,-0.2884569746864154,-0.11907399587938006,-0.2669887369515791,0.11110209451159475,0.20458809772247422,-0.5163866126380738,0.5505516017180483,0.6321502374111727,0.7664181239341763,0.8292666082857711,-0.7548423556256345,-0.3596581996463504,-0.3076584658204764,0.034695832219210354,0.2500435659412634
0.2524912661462926,0.19508107481026155,0.1774491558719987,-0.09087526283746464,0.013136724859499904,0.08865078460505868,0.5799897417987225,-0.08687034801425525,0.2217969267678298,0.1708776314418427,0.8747973771480098,0.8289631260574488,0.8165434350104817,-0.5314150771229782,-0.754817253987776,0.6228039591862267,0.67070064079332,-0.9539971433888443,0.9686159334124884,-0.9520800651045438
-0.08702146652093837,0.01727859841454825,-0.38826998093516,0.02779618786916882,0.15589185355322585,0.2951864068192519,0.29548639227907036,0.05439919753544653,-0.15615999912064255,-0.1916812814633785,-0.2728376748603203,-0.5679908263164886,-0.15634661601017208,-0.734354749551178,-0.19474668797186045,0.21244983953910257,0.32915567582421335,0.787587160410081,-0.748611019979359,-0.15914044973288255
0.029158269289282224,-0.1696518559570369,0.05041918861836808,-0.1064983774216682,0.04127516093199807,0.25578669991941994,0.1770655318783224,0.34584852470271366,0.5210228005743305,-0.36219775991011627,-0.1530955806607801,0.46813586688243025,0.3961387604029778,0.2352499016134284,0.8338072341301628,0.8730395860937195,0.567505059161737,-0.3687632348821852,-0.8482985997605486,-0.4059444282245923
0.13153660493763694,0.17828424422166975,0.15586057764271238,-0.0364829269641192,-0.042234467072881365,0.013480340777128418,-0.0874742279345323,-0.021422460716955444,0.026385929888346732,-0.786688325904161,-0.9787793142158965,-0.9200849327223293,-0.11608201713515953,-0.11034557894667452,0.6557272839288228,0.71689304643452,0.9578649693179064,0.6798484669386995,0.670975903285757,0.3369226122582911
-0.21478518494374682,0.19551710416146073,-0.5375483733406435,-0.14643268639064838,-0.15242092582519867,-0.09299000971322327,0.3017216716975343,-0.1333205539460428,-0.1927743181489773,-0.17053263638684796,0.10802066792627318,-0.7850105255176656,0.651873182016036,-0.6771015717474931,0.9569205448408844,-0.34416835956838776,-0.5488933173802026,0.6068872938900667,-0.4265779234981715,0.3796237701545999
0.005435903870756015,0.008341415536576545,0.01935984446557841,0.27248093974494497,0.002276733547403542,-0.10965429671734023,-0.47629636423369304,0.36945787015349957,-0.3017533035192033,-0.012024577366909886,-0.9688791166817061,-0.6365557894891511,-0.11268701874449394,0.8145812310259803,0.1950503885614001,-0.24007313496201066,-0.4188888700582001,-0.7807311482886623,-0.3028526664373037,-0.9343551024294818
-0.16526458129614055,-0.057010703703958,0.6868861957114837,-0.13362209926443702,0.035109333706189697,-0.000488322713842651,-0.17367508267128715,0.2851294046999872,0.22072726456443226,-0.02859326572377205,0.99043147086769,0.966997939427026,-0.4648042360231399,0.8534784339863466,0.3071605072183896,-0.6008077881568885,-0.8887661014863601,-0.9998029769301167,0.2915209937177514,-0.31242253581080726
0.12334103104988323,0.15096184713232136,-0.0073290824464850995,0.384908608956805,0.08681281782357886,-0.13310473008919138,-0.17408415512481318,-0.014167179382795589,0.6197079448046239,0.005318350371967297,-0.5197032336752554,-0.6806273069465836,0.34696904460199285,0.7376675655554616,-0.4406727870189122,0.2008404674461599,0.3049967367352633,-0.5324449501115491,0.2565074024230416,0.7248812741467634
-0.10689512508778695,0.5995901179616174,0.10263911108350987,-0.021943448780645997,-0.04274478663240157,0.06066457589944166,-0.13633264864578407,0.5750533678433905,-0.2598394405142422,0.17549559923149732,-0.9576163350970142,-0.6892686557139756,-0.5668402041409659,0.9084726484396317,-0.8962238415770607,0.563201042553076,-0.904711026408092,-0.9998998106289931,-0.4339708715032977,0.8099915641339996
-0.14858622301917035,0.11095120337220912,-0.14278430526234112,0.02918530174692513,-0.2118868258744742,0.5031051785475358,0.38927648876592247,0.3542039551011742,-0.3460856926464535,-0.24297163668715038,-0.28127881102673236,-0.6862496525619475,-0.5778741720706217,0.6883552705877638,-0.8427354761750558,-0.3380996264010261,0.26851740225635834,0.2053651037648483,-0.7315834156055454,0.9812369337738882
-0.1943978902135553,-0.7165479314719878,-0.22691717893769212,0.0010127580964792186,-0.010878533225878794,0.08277609396213637,0.05279733035145918,-0.0230078972044467,-0.001866043256711389,-0.22486023365923122,-0.2894026242625627,-0.7901508963256374,-0.32154533653081874,0.13139296889298624,0.5347957333895461,-0.6489537969466819,-0.21440640825480006,-0.6046241229481271,-0.5362189224186305,-0.9861786708520208
-0.20398846721501054,0.4898845213789693,0.026282965833649155,0.4376298496210216,0.3547326635333271,0.14948270795692464,-0.08685406877848935,-0.1532003806927021,-0.14201699184812994,-0.2227014096930118,-0.39793906882670105,-0.8206140994448785,-0.47227777767701973,-0.6658153522247832,-0.04800260969869585,0.17376291402712662,0.997532925774598,0.8838413412765675,0.6278294894649725,0.9616584368770476
-0.09881937841131827,-0.28004389684409997,-0.27780080184075795,-0.0426319701242483,-0.2764178726872387,0.329564479345551,0.32228995053239684,-0.24349183476227232,-0.24584898564906793,0.099695731097515,0.2337510839103747,0.4396075988087029,-0.45346425650529687,0.563322722805154,-0.23451779171656306,-0.9968982489798022,-0.8408212644600166,-0.6174011261333043,-0.028416975088711993,-0.004977383236842714
-0.023977549974784865,-0.00842186138612664,0.0414182155073015,-0.027183028758431614,-0.6093826452849636,-0.09267546743690555,-0.08330537812315023,0.3687210912480075,5.057029259085497e-05,-0.010052301799584194,-0.9925417193929686,-0.6748643111909813,-0.4256453933313675,0.6908181182753055,0.006908776801529237,-0.832748533153115,0.21844488011989482,0.3866139538272104,0.5524816839243814,-0.5356538606800627
-0.013203249068415242,-0.4911320966390051,0.05464910192953239,0.631457055372039,-0.11359813653633738,0.09246035756676219,0.012061907124251627,-0.002247631266692092,-0.12965172972097272,-0.02738225547916176,-0.6054735574697678,0.5118669987923783,0.8381133168183943,-0.9344691683648394,-0.7580737983976269,-0.4944734348839426,-0.07106491130655601,-0.5918599436335035,0.25702295024669297,-0.24850300995322616
0.03802958892063935,0.2797719060838123,-0.3733077203169701,-0.12029567467339342,-0.07978105392563081,-0.17487927139769138,0.028851389674588557,0.27804648955851907,0.05677578716527297,-0.34674943595492214,0.11510662589681409,-0.65958301948902,0.8076412940442532,-0.8655562820919982,-0.5834733306783322,-0.5582854944260296,-0.8106221744627875,0.059700652417117306,0.6023629453139998,0.1864203682114629
-0.12033943294699559,0.12413525697045558,-0.5039792455149301,0.4118040310910245,-0.36546158759416514,0.08143557906949311,0.05122063203487201,0.1514098681367846,0.023538636712547772,0.11079453578604981,-0.40934829150432583,-0.33939264299618954,-0.8808853329408912,-0.20629693446344155,0.9437005127295783,0.6285911643372106,0.3004781206508724,-0.750050131883969,-0.11890335840561339,0.3921311444242106
0.14682242378615074,0.28991999485163356,-0.2469393031004988,-0.12270840595641555,0.15561506328900354,0.12902090431151148,-0.38644552189345693,-0.2391775265502737,0.050220236483369374,0.09893486408821853,0.38437127750690214,0.5241030945475846,-0.3552795227072618,0.24604783378611939,-0.21453415789583197,0.011774115792674955,-0.7409718532054081,-0.992560737779171,-0.03345147296228124,0.9628820373489728
-0.15672948409203455,0.16804004666022032,-0.14618429391739088,0.1791336762962049,-0.09111000222636789,-0.625128800725995,-0.36157678610816163,0.12517829056335583,-0.10017613341073983,0.06858262584644015,-0.8337591368225892,-0.7004969380636461,0.7008624974423887,-0.06964224946975928,0.9832338398072882,0.5443186085070453,0.039759985393513775,-0.4969408715028063,0.06567005946520665,-0.07420650603648626
0.15260339993499755,-0.18113971200481327,0.5057381541951583,-0.2356765980316086,0.005014689683689233,0.1989756457040598,0.49918799751826604,0.25866443849202114,-0.17605730696365607,-0.10887835774069632,-0.8359270289904266,0.08142604517279284,-0.04442645841733217,-0.005238617220080233,-0.47324611383678783,0.4593699564257119,0.7386287710564936,-0.4146503533235488,0.8479366166485907,-0.38735663595051983
-0.052865262214516595,-0.16031272747112518,-0.7764099739951013,-0.033838275836147784,0.03415598705906771,-0.3836602355999813,0.0024035514187346254,0.16636476145274773,0.08395236874656947,0.052878733237249356,-0.9773516014951433,0.011299948177202923,-0.8604766934692225,-0.7996446010802243,0.6324843618537588,0.5954705264992135,-0.9443549155495017,-0.3846429575340464,-0.7417569209290193,-0.5391921109130178
0.19899575735177688,0.009818264504151797,0.1535313926752292,0.1244387857706225,0.7583281662603919,-0.034442168302002155,0.06877520025285894,-0.11655164546075994,-0.09807055656568194,0.020927676244665766,-0.7665865587060796,-0.5252869705612857,0.8055406695377194,-0.6580776316282884,-0.3867011056058103,0.24397495532323377,-0.5812401826206854,-0.3802038423043934,-0.8215265117322004,-0.9667699670922141
0.023022915528740376,-0.49875745317720727,0.5846004528974169,-0.09927707538875297,-0.14692894709958293,0.115951014716829,-0.03739035280681692,0.12513763950050094,-0.14507485948304508,-0.012256279509546886,0.9148345052328062,-0.12224054864621059,0.07475647564845178,0.4883364648913717,-0.4964243499533396,-0.019326731423972232,0.663321287523124,0.31237260053977467,-0.6714422933083244,-0.7360559081041222
-0.05783259234372644,-0.04208062533784859,0.024238220212153605,-0.06223022903486852,0.013854503750537706,-0.023993387701422106,-0.2326804316403067,0.8850973183041486,0.19274246565102474,0.08359427225095262,0.3500825787449089,-0.31600762793834924,0.8578635222193003,0.16501933636213906,0.9642368701461972,-0.33948831075298247,-0.04177159277486875,0.3395512744727671,-0.7274053799559299,0.9889104774430166
-0.11291238700348705,-0.40709908964928393,-0.449652575586314,0.093875696188922,0.100363399219136,-0.2928784235082261,0.1726449798375811,0.2631740587946031,0.07836629360852204,0.024675177804847015,-0.07289776178037943,-0.654697154919814,-0.1504455176861379,-0.32472594212913375,0.8033904790666779,-0.8254418632492051,0.22605260306314867,-0.9936266457139833,-0.15115677475466893,0.8587460862675538
0.1435839431845063,0.574022576985301,-0.005654183246847001,0.08382322325498573,0.08506916146006387,0.30026781982813977,0.5256958974080724,0.0259275048316579,-0.08361754011476369,0.063147576355399,-0.4955698580390937,0.08557268868057366,-0.3155376080464076,-0.8151899824682733,-0.9085710111305345,0.8191934088133148,-0.11720780638531147,-0.8542450704330702,-0.3747490204957866,0.5992422547005964
-0.28571747894999133,0.07731793136542162,0.6130313385455253,-0.08653709654863939,0.08698978531043683,-0.24390816793275671,-0.11433855587121339,0.41715417036203506,-0.055858892119282855,0.08884121482275503,-0.419584281621028,0.8409253828988501,0.9008788593362567,0.1020016049406689,-0.43913385517822756,0.40981469047850183,-0.2809807014129979,0.3610660999206914,-0.7850502183745189,0.7499998548237057
-0.03915072809263883,0.11528933672502673,-0.00020716351811583822,0.026112294634015848,-0.29776601162724653,0.11769100640138441,-0.5770610805310565,0.3618337529482023,-0.02361773742490289,0.05525705850059637,-0.576188460543483,-0.10633672188902255,-0.7117664998954993,-0.05256728131098232,0.2369785123350041,-0.3773076073202002,-0.5182820366861358,0.6489238555055474,-0.23973843213443113,0.4900048690295473
0.10979056919991978,0.007285612103325234,0.13849045920791636,-0.24340959818399255,-0.1606342477494811,-0.2047778073059115,0.40915565648499297,0.4798716435731819,0.0879598888669838,-0.06525164369830294,-0.5721270901597573,-0.7889673738021816,-0.7232073390295648,0.59723744097095,-0.217471238162799,0.8477830936112405,0.5073495610807555,0.9290236186006582,0.26964429661959377,0.015840853315300718
0.37738061927134847,-0.0920357226668984,-0.3877453197853721,0.08930692655518252,0.19500773630644053,-0.10426652067915981,0.001572609399195346,-0.026111009013760844,-0.28911252298398143,0.4604010994545694,-0.7766539027994852,-0.03703676646186804,0.38089766394635705,0.0721062959515435,0.9369589286536542,0.06239711525479752,-0.866884181787158,-0.9483918977127401,0.6095132271531902,-0.4189010511986908
-0.11144920583644012,0.01290441738092906,-0.07421099961701819,-0.12429874093021989,0.12251531544746921,-0.004993005131959232,-0.1051392605278352,-0.31923784698400726,0.005659390012843848,-0.8655518618405269,-0.5073876289680983,0.7316308816831567,-0.05784111823630189,0.3032673897997118,0.7189962754119141,-0.1789252261620724,0.45487216597268687,-0.9585577219457284,-0.6261531765090693,-0.40271340930455346
0.49037769408613663,0.033956639990408544,-0.15103217721537257,0.01876141436701817,0.02423778909532248,0.09781496198805108,0.5747254682696995,-0.3637936760457177,-0.16145871206563628,0.0583588369439377,-0.23875191631024562,-0.5527273878980039,-0.9540691033414033,-0.3828000358745014,0.20791465012999422,0.3699833653751181,-0.04596732986861829,-0.9013559924304326,0.7877891578579939,0.6775447162557404
-0.16662458581684614,-0.08046596766894107,0.14574679676067429,-0.08979528794506986,0.5615289505877279,-0.12264228123754928,-0.2835014053192536,0.28723095983249525,0.35325416211583427,-0.07222279230053141,0.08369727078806477,0.6359636822659189,-0.031102395031694652,0.9152433906640063,0.3593378785539132,0.6421920227408764,0.6321724805473408,0.398889020468457,0.8638906533941992,0.29510130055667116
-0.10541352922484086,-0.28859266379782494,-0.027665121858893277,0.0772839046744048,-0.00882507721315956,0.014278106208222785,-0.26425210049595327,0.6716493075745471,0.34708723801126257,0.2720734724639299,-0.45208575951474494,-0.5550329589537897,0.7334035735814162,-0.8064895340686327,-0.7127254537244059,0.18052806750694117,-0.5684498572827192,-0.07871602155836532,0.3957615913363659,0.6733070754033124
-0.31430326424047683,-0.3224441019872391,-0.15176102381398915,-0.13601285823947193,-0.6756175829805475,0.11200214283203858,0.15958616528205777,0.10728314210189888,0.21283299496006675,-0.08299491172176465,-0.3210018298110433,-0.5975715310719256,0.2849686719385707,0.23205990961621992,-0.140944189524574,-0.1367686832721955,0.6925636565821027,-0.649867974649871,-0.43587434949425075,-0.2609029113816028
0.02637139923714392,-0.03345270451411821,-0.008175348274050167,0.3282377334876747,0.2213322732885934,0.5061992676173861,0.08965893414685164,-0.46543617878777577,0.014177562423766887,0.019988260567732313,0.42925248139504824,0.6965962178706016,0.5136260444000182,0.9304061015838563,0.8120782104723456,-0.255980060572081,-0.7069599894926286,0.7489901957900851,0.3152746131642732,0.501572973527701
-0.0705701576311011,0.0038999541620324263,0.17776373978958654,-0.017197551754190882,0.49330708874643125,-0.111762404677733,0.021808246789810262,0.4054468745926765,0.30947552008071844,-0.008030506322788844,-0.7928247427516166,0.6550638618723172,0.9850219153097028,-0.2720806446291082,-0.05062866688252665,-0.2494714222476193,-0.5716209561872285,0.5073783174617321,0.6582674491912011,-0.26624237996712896
0.0026700298834286956,0.07943404151662617,-0.7557078441843196,0.09598855435618706,0.14897714991799627,0.16603981173014387,-0.0944185239126844,0.15616423644937713,-0.01570967202885972,0.05054849408719392,0.5122511176252798,-0.01863925663008903,-0.14850379997957242,-0.5296132934544111,-0.39695424711655214,-0.056780550003489916,0.4317151681968885,0.6309840935493987,-0.3450612382596405,0.07030941917079203
0.042437553172881004,0.6023020529727812,-0.1322047303448302,0.04502318841873931,-0.5549465562796452,-0.14967445999960005,0.11775872525523345,0.11121485541202811,0.06794775504364314,0.04171938667740009,-0.2358262647180034,-0.04045490014438413,0.08758054705589768,-0.3553918584428575,0.5851027492955261,0.4939846914606576,-0.5796499274780775,-0.301593583787086,0.6880834345325952,0.20540533479461587
0.0009879064955634898,-0.15536674521742364,0.7096050681186827,0.014239280182620006,-0.07736886908556984,-0.18213599959587648,-0.008282958019310088,0.13492064254846006,0.08417538903089083,0.0028415477187703556,0.2676666942428194,-0.4198878764516989,-0.9737661548667724,-0.3600178668561773,-0.8694811675592291,-0.7545917838835481,0.26300747685210535,0.3323744523681269,-0.8882889431222616,0.9556242747751509
-0.036463022196039835,0.028558576364890252,0.017234114628879173,-0.5519904010340758,0.45242820812844864,-0.023768398704691246,-0.09932234514016798,0.07593965956229819,0.004265037769696962,0.11513559836169251,0.18730137328303553,0.7665813422806873,-0.9283765719524215,0.3354317328642247,0.09399583666627342,-0.1833677489769141,0.5630860511742197,0.6186247859202263,0.7408309057863547,0.36724012876435497
-0.1307194870573054,0.04699097173222898,0.0037090099394118115,0.10159873757924887,0.2926802889104184,0.005686894114845936,0.19804131018597065,0.03601868372605321,-0.38871270989141393,-0.6770567011035408,0.7850984547758968,0.8170109422146075,0.7176760787995062,-0.1721914476757329,0.7096142849351597,0.937114427929322,0.96642182137691,0.3824922985006356,0.1836179890967098,-0.9399798004529933
0.002162295418312532,-0.0453899548990063,-0.01879870627599084,-0.3590865593418928,0.27914037654123974,0.07474743720746184,0.18011088740545433,0.2840436519379146,-0.5872367080199359,-0.02597654539463734,-0.8130452158552881,0.47839523839193143,0.1307649983675292,0.8207161072798899,0.010707321203688558,-0.21750898519658657,0.13577877872841304,0.3867774161232682,-0.8510918519770097,-0.7924589841155325
0.29984896511140113,-0.13101960928926532,-0.16722618348207177,0.07535279325809324,0.06655319782088526,-0.004575093384433265,-0.3326432927699879,-0.14423660090553933,-0.6645684187388423,-0.043617576539917324,0.17485851314132095,-0.7551606309584014,0.08307294194323966,0.695186656087796,-0.8175191152556887,-0.24283960661467208,0.47341970258265875,0.17517029128694617,0.4007227693019024,0.9515574174149801
-0.09592523899475609,0.05136387430198238,-0.033878706939547365,0.700734899727722,0.1359187886664215,-0.03701720375666401,-0.11530612047957149,0.0070098145662490785,0.041480511718426344,0.11952591954505942,0.10243498267556261,-0.9616010927669585,0.977214491755203,0.7144777076937168,-0.10528386815458668,0.5956551577980982,-0.6927018389965784,-0.5937899479066266,-0.8338370119315455,0.7352750883937267
0.014412209603955728,-0.5231336485640968,0.06962385524754845,-0.035633472479852074,0.20998774277586774,0.023563228273488845,0.07735253185334434,0.2049836037533317,0.12288012753271127,0.25003346339649835,0.6070905211539328,-0.15859538010350938,0.9230063176798724,-0.14948669636878442,-0.5778951532248751,0.08928214879556329,0.8149143340344298,-0.920066282987664,0.6026987772973518,-0.2119405762757507
-0.08994188948009471,-0.021889806850629245,0.7219111381239758,-0.05058204723585084,-0.3271457558795158,-0.022392012180715692,-0.04447530593215606,0.03262540307959853,0.2377609191350638,0.011069569830873597,-0.7909591366954316,-0.708350576516966,0.7475046518465396,-0.5840292503415734,0.8463531396553257,-0.28134420913491653,-0.9670887194991911,-0.30881187307641267,0.7466690769902271,-0.5299658530052485
0.10815212987056666,-0.17029256304597043,0.16584456754245516,0.04256530059852659,0.022376484409954434,0.016947425730803288,0.36376659932004873,0.27275254912346525,0.5688119834911075,-0.3462359663351626,0.8336452923389657,0.5132454226027081,-0.7798448021873137,-0.03804089407555078,-0.7737280864134559,0.9879429402728581,0.8606445578989672,0.958591126022784,0.23702986815418692,0.9503839278511872
-0.3372451284300761,0.05175613141842176,0.26114841167605873,-0.08497749240061829,-0.18787174696309594,-0.4463467114903172,-0.08747309808689248,-0.08694510162121769,0.19162473175793665,0.0738252568332026,0.6268257453053245,0.20952169099990714,0.9548647299981297,0.3903535930874167,0.7295471290133038,0.40851437794371304,0.48755126672699034,-0.3506651434287038,0.7317525080400504,0.16041111041454603
0.05705358194500201,0.540157120337827,-0.25219230143847937,-0.053325047638339756,0.11175939432903145,0.0798928693701877,0.10021747647919763,0.275268858093872,0.0703315921476399,0.17106633954617756,0.35417340979872725,-0.4954464530635525,-0.17945334319732376,-0.2924169673070782,0.47939047935145473,0.7607710763989879,-0.04470451501066841,-0.6737248082528993,0.30298924315235065,-0.32795060514525853
-0.030899030591004517,0.16502454248868959,-0.6621596375403825,-0.33687388289588543,0.0440260818017974,-0.1634252769452168,0.015060195165746061,0.1482626671285695,-0.09542613319036408,-0.1608996117323429,-0.9155104446712292,-0.585664403249085,-0.14721600543389934,0.5774563742824224,0.031974516628356486,-0.2122039779431535,-0.47264504777619143,-0.1939921903718831,-0.566437761059079,-0.7522561616498291
-0.05246807132834101,-0.2163843942526056,0.04712837404558708,0.050615281893805146,0.015601648421695258,-0.6490179988707482,0.015942048513861468,0.24422699554950605,-0.21610067650015005,0.024059936387078096,0.4502733947640527,0.18099242917043212,-0.3383949926511356,-0.9831584365844215,-0.9730481951299461,-0.3731528639246482,-0.3445521748393574,-0.8583462322017839,0.7858308092079582,0.09744751491374459
0.12906911993087822,0.019194078789518912,0.7225935905459061,0.1395920122843355,0.10159709995623833,0.08344404067824679,-0.08147171314499838,0.0684063225924259,0.003774058363937516,0.0053862295910248326,0.05606072914846072,0.24537461761198887,-0.5066181816445958,0.18823657305928299,-0.25500285014698165,0.615733244669072,0.5974350791442768,0.06691256467979989,-0.7777419239454837,0.9622764625745943
0.060712267051968694,-0.04634809768963251,-0.6365507474123104,0.13669178141457722,-0.11099597788969673,0.018766397246463288,0.24918173327871995,0.08004641154837466,0.06002923543418126,0.4497112917397582,0.617424621642912,0.9293319075514355,-0.6069313225655992,-0.4415545235535594,0.18158926588439694,-0.24533956188775008,-0.631420629842361,-0.07174664349578697,-0.5882661743142992,0.6385409800956341
0.43600533476974546,-0.2839869625591694,0.05752223889179303,-0.3507387008370032,-0.07458229000722828,-0.20236626819805853,-0.0028168712227973902,0.07774435223995291,-0.05948132304097009,-0.5176195070178451,0.5312899012705687,-0.74784042062469,-0.7582377299030647,0.14807202133887598,0.8042368667044735,0.9108546838909837,0.3702718675665575,0.7557080620461045,-0.041765797317715236,0.02423566501254748
0.006031122180419346,-0.06194612567116198,0.22002471277546637,0.6702326286987687,-0.23588610194226245,-0.08362533549677989,-0.19819088136033708,-0.2746435640730633,0.011426892173141912,0.041976539546281,-0.29861158128638543,-0.41220954057848114,0.9842490375781416,-0.6491581201628034,-0.4889629873043544,0.6230941487267669,0.7322499787550776,-0.8092666345889157,0.23305492424382646,0.2807735607497823
0.13332373717247792,0.40861716586091634,-0.5811997201359457,0.090137833385045,0.13638642928620065,0.11003229205487994,0.10638145355097581,0.10099404966220835,0.3292471148881289,0.13523300139341715,-0.44476073081657463,0.520766709834835,-0.759543520270334,-0.7259578819683132,-0.8799283202901798,-0.7920026881482867,0.9252964536267849,-0.653408677252723,0.5227695272180142,-0.7602363195723245
0.001018027941451255,-0.03905436665368364,0.1764656772437211,-0.11031435628918734,0.036470901025031144,-0.4143192874112732,0.29385113223505,0.28212947434374114,0.016556600686791656,-0.346389425198652,-0.7506924010602711,-0.24527783802454928,-0.2622119000604206,0.7489471650685555,-0.62734297044577,0.8695548521856882,-0.8314377119786884,-0.6352304423363528,0.5276089696771691,-0.182570810846598
0.005499407367567072,-0.2047922022858512,0.10737367766029005,0.02715769824873282,-0.19688454654178206,0.5131182654034754,0.12712290800565174,0.3642786283887333,0.09033546768220296,0.16541330740761806,-0.20720011170434294,0.7685077831715277,-0.6346399204715958,0.9470082375472988,-0.8575982099485275,0.3898127855106579,0.9741890124163985,-0.5703084515055836,0.3693622708821156,-0.32264903795178945
-0.01822487265105513,-0.042303548057937554,-0.0708756888686416,0.09964333928943955,0.15626860629825892,-0.04043535470402429,0.08025139933983484,-0.24779149278305224,-0.5706610935936539,0.2656252776311053,0.5734122344424148,-0.321855821118457,-0.23648033939451985,-0.5109175459401296,0.7611742473692646,-0.8283682211055043,0.3886621429203261,-0.4062712095925469,-0.30902298471339873,0.9442498931140837
-0.055299767036927155,-0.029454223187088735,0.4607447564733553,0.07101723266153459,0.07012581090134332,0.3317445922376216,0.11438783539496267,0.03960796316616477,-0.14793924331175695,0.05894022483291028,0.23875277499512415,-0.7407783582799339,0.34111704740923465,-0.5109224807383212,-0.9256215123319165,0.3066419165516838,0.8379049846912561,0.7242178151641503,-0.7067768985977205,-0.2984381982185391
-0.1843259288455342,0.10586628675141367,-0.20658098906081443,0.6811522202951512,0.09781520660220411,-0.29736325715816897,-0.09603544921566542,-0.06421107169723983,0.10094674066599987,-0.012257043324845583,-0.0078968367723673,-0.9520217677892815,-0.12722260682810393,0.5999519121778443,-0.34461909487099374,0.7475321210418446,0.17308768242579164,0.7357515266761556,-0.6787183229683356,0.21567170290369808
0.015720463913069478,-0.3221316346136837,0.646384909051456,0.47818663477467543,0.027393238497443708,0.032427545910644465,-0.2642009777904569,-0.06744148517317751,0.048564564265512616,-0.1235732181742828,-0.7854756597638715,-0.5583356925124514,0.19878330289009272,-0.8097578174811304,-0.4347757816657367,-0.5125171047652053,-0.0998242981156039,0.7419215049327781,-0.6609078804938586,0.4203006891869454
0.1710338661579116,0.12599510973243058,-0.0484220976318428,-0.011444794359232506,-0.009804753331705884,0.03495106655289622,-0.3024249289748782,-0.11559572258316396,-0.7729847443159236,-0.1238484812568198,0.1196817476842642,0.9823926735322015,0.22588607417822693,0.4924267616204234,-0.3168941170716526,0.8197040081019256,-0.5204832306317002,-0.42184743903643995,-0.6132018247054731,-0.31149244270356036
-0.1221517913392755,0.1607834398563186,-0.02726567315471573,-0.08694014489819779,0.014448686981478776,0.0845966648571751,0.5772694235638555,-0.1150293572941136,0.2862573648392539,-0.1756477071985244,0.6864291980499437,0.10743113501879997,0.6425460064453419,-0.0004378288991622181,0.9772250205101782,0.8633988591505406,-0.7472585141199966,0.852493664352487,-0.3912476532533431,0.40692812321595095
0.019572988343248998,-0.4459465748717169,0.02703428081401235,0.06399500503444461,-0.25922412604234973,0.028774742717644283,-0.012425351699913392,0.4525686673629374,0.5879771878306871,-0.03411686659466755,0.307504381808164,-0.24879920646226972,-0.8244552221933605,0.21070572497005458,-0.9626788025674082,-0.1846253833067899,0.3018633425545536,-0.2693990069887511,-0.8895283134269991,-0.7296583637547791
0.5037282434593225,-0.1510036493687662,0.03154697611562948,0.18255564418776876,-0.09123729499267386,-0.07313708313935807,0.061474836182069253,-0.02261741478278445,-0.6756755851467813,-0.03569046955554142,0.004739778823781515,0.15763046305783646,0.9032811388322,0.6972282030423751,0.027421183901181756,-0.39128518056639927,-0.6471022605036525,-0.9956453498703388,-0.22383714650046693,-0.06474438268062221
-0.06764598650803744,0.8723190324427768,-0.016089464189359318,0.1646594473199519,0.00985628376551408,0.019770653806949347,-0.12970290529519507,-0.21113114591071835,0.1167893186629475,0.11870679307884674,-0.5980506724281793,0.1647743703230211,-0.15137998167336675,0.426962271016899,-0.17073858721876567,-0.7577408759906694,-0.5934338837254534,-0.6190624972206737,-0.32138428534934693,0.5628141271215759
0.2947100870517222,0.024821220916970574,-0.08525957453471322,0.21940149884985116,-0.00014577025825568413,-0.19642404569929123,0.3965132242305837,0.10940060083572722,0.2243737564492731,0.0019204980728188131,0.15770009851150446,-0.14237852284651176,0.6705561062327168,-0.7783512096186609,0.4292587819160125,-0.16124503588052685,-0.5166313086805856,-0.6737660925833047,0.7285985615894264,0.49726366162422475
0.17274133423371463,0.10697701775617519,-0.5068503185697963,-0.008490969673468587,0.4698000840642713,-0.17387362733127615,0.02784827606588522,0.06956822178543298,0.04370505492412412,-0.4062821762799306,0.7881722069204964,0.11126835244735056,0.944022717541978,0.03619379269581002,-0.03742294732855411,-0.0657329456562068,0.44693072746941187,0.3951384309024182,-0.3707084331668884,0.29927671680268353
0.13964593154520488,-0.23903368245612655,0.3795192297353781,-0.5468869121668993,0.16382050305063872,0.1430610534662302,-0.09728472941442101,-0.07899888638060194,0.18589591081135914,0.016258309153508704,0.8244112882662611,0.7615875798881209,0.8772809234943288,0.5993374359273387,-0.31211127530769156,0.08132697895219465,-0.5458177550552621,0.1549986998607713,0.687023091277895,0.41076764994443526
0.07867995445214727,-0.15472056238657694,0.5980228570132675,0.42903616271911615,-0.0444465704258038,0.07950670313389971,-0.08965339606990333,-0.07413348304955536,-0.15378754516291904,0.2258035810962261,0.7069826352523771,-0.6488201778921416,-0.1022199675905644,0.11411325322092392,-0.400969334718152,0.08796789853241238,-0.42919453562431253,0.8680119346602231,0.21120605859709696,-0.6323341528494995
0.2798729137903805,-0.17713651142078674,-0.580472646946642,-0.04258879278755711,-0.0268065927271679,0.27489658585922594,0.47847276375692127,0.04499874152379493,-0.15091104406140854,0.013995639414058236,-0.8516424993874854,0.23035953855431623,0.16110729607259855,-0.41176711246664555,-0.6946448249465433,-0.7952293844081271,0.4891156743287923,-0.3641992615361509,0.4403156868709561,-0.7464114481782733
-0.06609989780049919,0.039134137776994746,-0.1761010837006982,-0.6690157603899014,0.07735221916586185,0.13910102569148547,0.14552814251225468,0.22083996130760547,0.34058800401822925,0.2577946010407783,-0.3093943532540999,-0.5553295024109308,-0.0430976516969972,-0.9746698869150754,0.8443224030835903,0.5645596632716645,-0.8286623920089822,-0.08868527342231403,0.883801344732948,-0.46099684638104654
-0.0016167245764709404,0.019594109545492473,0.20610747300204146,0.12276045324619564,0.2853744591996098,0.5363845741729482,-0.3881524570747707,-0.09720165687304394,0.04015962148433251,0.444960612358723,0.4818991061345057,0.0022091135374151527,-0.4344074984987578,0.09039335944912796,0.22822602027771732,-0.6188849744564502,0.06765913989942729,0.1718715064937386,-0.7812362464571931,0.1127674854071341
-0.17443963663662088,-0.28134475064757186,-0.11824182214075146,-0.4690660763290981,0.13821703870506002,-0.1566759752769576,0.18252943528651577,0.06284077494068713,-0.05851469044885821,0.10464091906729134,-0.10584255798485143,-0.27207232664660896,-0.8423069594515582,0.9107841184866552,-0.273789897064064,0.4191947664454203,-0.5581345009405798,0.9304285960090186,0.5328878224432632,-0.7903032124565061
-0.0849648140697833,0.0426383876117121,0.001994422788256872,0.011760798712202702,-0.11980539634153142,-0.8016464554938206,0.05634062325669707,-0.10841138885463446,0.056728811818821806,0.09346347471187666,-0.7663941254894575,0.7830346881576069,0.07982036847143115,-0.09726310342139155,-0.40567806333011935,0.14298174563409205,0.031038356126906086,0.30648095784789753,0.9629400157496539,0.5919876444196355
0.011370711397313923,-0.02281958720500283,0.019970318138021706,-0.035939374548634315,0.01507068995216506,0.11172882573150453,-0.7479105974196376,0.05837692147076923,0.013082357246716997,0.14623743831057257,-0.8626720086574815,-0.97982187317873,0.8391632097524206,-0.09273186862369998,0.2369150024003992,0.8566126422981117,0.7514233407707898,0.9040999253194077,-0.956390783848009,0.439818135305744
0.09787301297403633,0.11909159113898915,-0.000958152060282158,-0.03306012019730559,0.1722839617420887,-0.4981910485582035,0.002131816580900947,0.6124308254747548,-0.07776532404813574,-0.08413434058549363,0.05688036940287211,-0.9100405747226823,-0.17066409934006965,-0.5285792416701662,-0.3085739876495006,-0.6180194956548573,-0.4908088451530761,0.5891186617140018,0.38812517593330953,-0.8235692632609479
0.17885315967302678,-0.21590499830852516,0.04955914377037972,-0.6006388913154045,-0.20833733016309203,0.13679763404092787,0.19869556339732855,0.025255738247899583,0.10712266056945974,-0.030122361998428285,0.8290124448807736,0.7675843354736664,-0.4821460836051312,-0.9626351957844752,-0.48501111066285274,0.7454833543294943,0.25666790722311683,0.09691571165075219,0.21716124152274818,0.7747595319978664
0.038389593348635925,0.3094672881721383,-0.06575956477542563,-0.30475959838831157,0.07701141082246493,0.13159152474579616,0.5708721435944168,0.06517223102017364,0.05183840750054727,0.019795879435310228,-0.5584544309023665,-0.3702099319928984,-0.026034560982193256,-0.6301720214907436,0.40777454151039705,-0.7848807667515512,-0.5712602428782438,0.3897873928483182,0.4944359724310452,-0.8137197246139527
0.6150642366919548,-0.2648621692331068,0.02802551241487078,-0.026763146645896907,-0.16617044150153862,-0.12515291334597356,-0.2796698698026041,0.10079965162388077,-0.09089646428077547,0.17874196295514272,0.7392753543558677,-0.31727621647363646,0.3378552120878091,-0.6207786111609099,-0.7349771980144344,-0.38788470026408306,0.8090425008018987,0.331210542777328,-0.8190436730890562,0.6199191745573032
-0.16138625446459864,-0.28555168495350747,-0.1646443811904882,-0.18892205161314057,0.5270564088763714,0.08864517514485348,0.24829896397322193,-0.11442152889298964,0.11283872899310066,-0.09158133036709781,0.8584630781356575,0.142115348196155,-0.4942696411178569,0.8040331419536064,-0.46933980856907276,0.10963694928954437,0.6246575996699819,-0.1626267587570771,0.25998975883421416,-0.5263693973333923
-0.2692596566034598,-0.06285066248363809,-0.034492220797594,0.10377826236893697,-0.10229550706597623,0.30519597560155176,-0.06321751996963013,0.5061140178229933,0.1919841497637269,0.31356664850891147,-0.5276875815418383,-0.6978705643186376,-0.8834095551021333,-0.07863767898548768,-0.6839552012230807,0.6508579233974805,-0.8194743695669044,0.9465402412454222,-0.41157998671466367,0.09024553086973408
-0.06915564689981316,0.27783611922352625,0.16691537117559013,0.26514846359089816,-0.006893200211106704,0.6516817403933446,-0.060705259203425954,-0.32194818059752484,-0.26353184960724385,-0.19460341696729166,0.012006598525883927,0.22372113542037098,-0.4496348529678911,-0.7216552238312817,-0.43664806284337887,-0.28403285622907637,0.37840032081949815,0.5613497630634259,-0.880845645844498,0.7218871807868259
0.335586298381627,-0.4655033785189421,0.22019916712373433,0.008697301936065827,0.12061665424638954,0.1352208909519159,-0.06321087279887755,0.17810558778211705,-0.1596635266317553,-0.054200447226066706,0.614170654641305,0.6801633454895828,-0.5554372361396533,0.343979951141403,0.825500736345838,-0.34696929711305224,0.06284273259349238,-0.5821858855277886,0.19137239248705806,-0.22087126143975233
-0.4130101477711528,-0.05376288636968851,0.046723010308654965,0.08796502967318197,-0.013669197223330935,0.3638758326276751,-0.39044091803910114,-0.024855909739182808,0.4429777264421194,-0.010594507621854793,-0.635959060621563,-0.6731970037780071,-0.9019891236506956,-0.926389999499492,-0.840014840016446,0.9867135050770353,-0.5244318966007073,0.5824855366053787,-0.2767991630120894,-0.15490833767276468
-0.14089457147233067,0.4138969231058047,0.004296224169943588,-0.07244006407281717,0.32667238618318284,-0.07077267301253065,-0.10958166017907775,-0.4629975911053079,0.464755620869977,-0.08245519604660045,-0.30153992743712954,0.10972238567828141,0.6240186517562094,0.11962741758682993,-0.3578643783010156,0.8999355978001755,-0.3275140356010007,0.4170988516656917,0.5841638224028192,0.9063379364147408
0.5924180235803688,0.03764573644566828,0.012055797091967344,-0.03158504123815462,0.5811624120129774,0.10789824697200222,0.02175583362015706,0.03964801002329215,-0.006584389022054063,-0.03281359375023287,0.3992616274001308,-0.5532691414967841,0.8067307301196744,0.29158220514464417,-0.34381329003512473,-0.7365644737203314,0.4760529305518264,0.7053173341897572,0.5932543863637887,0.6247467318268214
0.1509311150246073,-0.06194839230692109,-0.014638492619839965,0.17552431431291943,-0.142988977008614,0.16406735343080786,-0.7698206389825247,0.053271142491219795,0.10173798781667448,0.03238121207235657,0.8844171331117265,0.46085866804255793,0.35783336378908404,-0.6505066809446172,0.043721618712663224,-0.2041846805374936,-0.1049357886371376,0.14532417668371433,0.5915356847517184,0.3068807689019186
0.2189172261373242,-0.014800333488297901,-0.20217621378499318,-0.49396666297919967,-0.032617446058224864,0.063067821220702,-0.4533176770625518,-0.07053954413332904,0.36499686303131906,0.03377804079064889,-0.1905148270622241,-0.9013213881806827,-0.2628732555993911,0.3061677298878285,0.08168393797125661,0.05432159759842303,-0.8507427820379712,0.28989286071043074,-0.4367839101251234,0.9239586710645069
0.49098115728976743,-0.09199951356199756,0.20608736515671766,0.03589832788344395,0.08129657361066851,0.0184639108944171,-0.05516406833842734,0.07481593323447701,0.027240967075149065,0.16529174929405574,-0.7123221843947682,-0.12398458420994873,0.5089720015935413,0.5696055163676637,-0.2721439166412516,-0.05077616339718016,-0.9813712965730055,-0.9862901976648717,-0.6118030823550209,-0.19334768387790713
-0.03441898486144482,0.22677312182649612,0.06575666129009927,-0.17004289230311936,0.021751858004440086,-0.009237044764445129,0.17725444606132285,-0.6725745124636753,-0.08296677877181034,0.036994727651343186,-0.9930215884152338,-0.2221404423436204,-0.3402466961468411,-0.3093620190865545,0.7736940719243273,-0.760756605554564,-0.06761131483185934,0.8931814220910337,0.40050728162369875,-0.3685029750163775
-0.0015017143731506088,-0.048136990235315896,-0.12468469371358515,0.10702916570061927,0.04533269743508994,-0.22832107543284058,0.15578450854421996,0.11862665496019628,0.1546993949009486,0.7231000474251694,-0.9167372989712059,0.1667720735552094,-0.5371435337939414,0.32825583117540424,0.4403672585622955,0.6914389218624148,-0.07990385976290737,0.9115760759356832,-0.13621338406414285,-0.3161614832879176
-0.039789706328563546,-0.03547989927182789,0.24523941971291052,0.528157095836536,0.07967860833139165,-0.15263580203559696,0.08382338714067027,-0.05781521503281668,-0.05394904104481674,-0.028336621542772597,-0.4071639683064261,-0.8187441042036399,0.3926665143625543,0.3191178463306148,0.3631988098104477,-0.49831136080406235,0.3320890247030468,0.19397288350217323,0.7811813878698608,0.4122622218240446
-0.18992008528350496,-0.004306790130142069,-0.059793859290003026,0.09466926777924134,-0.3921914724531324,-0.5580154506710885,-0.12824836834312692,-0.025502560930611318,-0.010881753749101553,0.4938424743959037,0.09184273671690812,0.27629548102368506,0.5859697228232799,0.3379976735513528,0.03807565298786786,0.7652466805170257,0.8164109635565184,0.545849504566579,0.3223897649928882,0.44576378670545136
-0.14179039265432652,-0.7387350744071739,0.029026329770214965,-0.07119521170862513,-0.002416840284491732,-0.0014995541657891066,0.11459007801335813,0.21666382264968723,0.018673933292579912,0.011626161875936852,0.2155344186878001,-0.9390438666218086,-0.32271082339233637,0.6148531323539654,-0.9233459100901165,0.3198212502464117,0.5153773279842835,-0.855470089934133,0.0827933524044484,-0.5685284946762561
-0.12374486258873044,0.1349165037407658,-0.071392322319236,-0.21589483367765533,0.38106157658042417,0.4822653900723124,0.1586643714151798,0.21315003622993522,0.08760499704557356,-0.35118488458060404,-0.4179700868107268,0.1410654153403632,0.835246199404083,-0.5656429354226742,0.32470961247451235,0.3420929668067769,-0.8504308391394242,0.4056822962359288,-0.526905306308076,0.6461334763063995
0.36365241595879405,0.0727731120169397,0.17289318821321364,-0.20884431755772953,0.10708655151005853,0.4473083687559389,-0.2512456087670484,-0.06714567525410527,-0.08949370080035945,-0.5450577590331525,0.9511416489334548,0.7547440435815858,-0.027365722713280194,0.7701219465715179,0.7048823942794,-0.5536298221573186,0.2391026284462825,-0.037383006633779026,0.08023774652120941,-0.04696090170567491
-0.06859312317494287,0.137364528147974,0.007787855146301051,0.6601488685881945,-0.3595614211935067,0.13838281474860023,-0.06667199294210799,0.004392842071725855,-0.043404167162119145,0.04290389541905826,-0.5959175182568717,-0.1116307488248034,0.047423488641148426,-0.4671605831504724,-0.4171845824237983,0.3675431577876491,-0.952306123153055,0.613388186707746,0.0754421695376799,0.6567665243915202
0.06050681223739393,-0.14569663973460995,-0.400583486100537,-0.355672433498174,-0.06506851558275885,0.0629109629657959,-0.08465486333006374,-0.18373081675601927,0.45234115253843266,0.02126928959248532,0.339879418875207,0.9984651529388942,0.23986614853889798,0.3217152800637999,-0.6042981424528135,0.791588700688171,0.5664856089370589,0.10487612189990192,-0.192268980839313,0.2977112889816298
0.0646158075090558,-0.03680100024588033,-0.05600635020105704,-0.167766294038169,-0.11802119743446231,0.11530943439278407,0.015097674834635505,0.22314777276690068,-0.16241330972829954,-0.31589259761422817,0.28018640652757987,0.2729331926619716,-0.37568540535183437,0.8735645936266061,0.1831580219333233,0.3026830491393657,0.6235991159172067,-0.7540753051946447,0.6527331859651107,0.6106713713162759
-0.07657579635890549,0.008178524399007236,-0.0636895871709684,-0.014236843267329866,-0.12107264917150447,-0.7063155343847323,0.1077380473102032,0.3673827108785847,0.004618247017717028,0.016829006214744546,-0.4677726700709164,0.34088895800488217,0.905975311161914,-0.48982005700195397,-0.8258885803648828,0.11073150570483548,-0.9168349700920047,0.5069686490021685,0.4750273256193893,0.3770473659709028
-0.5416444800098548,-0.1409793738912838,0.2354712666116756,0.013374004214509225,-0.1335189623699984,0.17547803595802894,0.032983898258649474,-0.0484401513329501,0.19531169507234591,-0.2298809075818977,-0.20667882330797638,-0.20585958818672911,0.8019817919147358,-0.13167910323538612,-0.7635877280908729,-0.6249769503495863,-0.6225357128389786,0.5725456641792699,-0.08181878395873698,-0.9269522659257439
0.02910126591558493,-0.11986850832691243,-0.034357429711164816,0.11747033067527718,-0.02493803257615579,-0.04910921940187446,0.17166631336871452,0.006422433799849733,-0.5845523357616796,-0.07124078785369983,0.17987248171449632,0.8399013826212149,-0.34447346391212674,-0.822071840540294,-0.4852281450766385,-0.24077855870357712,-0.7303185782462966,-0.99683895379943,0.06589067860575581,0.483421608944852
-0.3275881967834934,0.7130019399697223,0.10562950150458938,-0.07318233617213049,-0.07439576204910439,0.10214194379834962,0.20692797989705414,-0.010137782211765839,0.1263149073521891,-0.04619898132989869,0.849171329833402,0.16948613091808085,-0.5761086259974284,-0.21473224986968864,0.1447091096471813,-0.05261986515430861,0.46374784350921994,0.8293083551939862,0.9705965856817236,0.8758195449437736
0.08239114023445387,0.17927779350958295,0.2283267378564482,-0.012161974524154046,-0.019387317512031012,-0.7140626302838177,-0.12927905942635837,0.12722716921676136,0.26137000917505643,-0.022150153563747565,-0.6468230916544304,0.1483645551152757,-0.3539982439717415,0.4111800472726561,-0.21594955157303852,0.4688385570535385,0.1955836850930155,-0.42890454223848495,0.4880677373927511,-0.22459635482744966
0.004516742935141732,-0.004391054158622704,-0.028425056034674823,-0.274362514429809,0.05433809823792479,-0.6595177607671506,-0.2956679623926677,-0.2551324432015691,-0.014911965857898054,-0.03214273216713936,0.6021043963917516,-0.2256948296677559,0.7965352495877074,0.03981207946759313,0.23848007090049994,-0.11203117412838148,-0.7732471166790271,-0.3798185606016322,-0.9460908371110652,0.9556523954672991
-0.08911676787710189,0.31505692336920044,0.38428123915870405,0.10093803078239119,0.3665885195966099,0.00799147863364666,0.1094296387382727,-0.3722379040539392,-0.3501013786976431,-0.07251751152235852,-0.723020115141225,-0.3346815332263029,-0.7928426569582261,-0.4245912926421409,-0.7594803500971998,-0.9312468826980693,0.5902873268672941,0.3309158024786669,-0.2889606007946792,0.4417704535219438
0.2954792947683501,0.08778225936005507,0.07724840421266571,-0.1949044416945238,-0.2856905950251738,-0.02460418765762329,0.6050296772878966,-0.3392849535257973,0.06792680599351494,-0.07532130445750798,-0.7688053893685807,0.7513453003132282,-0.6889069456384105,0.7830589074910621,0.9365116280407282,0.5779711984814506,-0.2857373964443488,-0.25246708263118167,-0.11385843930852158,0.5313374911995441
-0.3516791075831746,-0.09878720653996792,0.051510330203701854,0.024955279169670733,0.202892132252475,0.08298045503137763,-0.12406534943052813,0.025747514755617595,0.8023681959257443,0.01751383642248025,0.45620254542479577,-0.4985804089624457,0.6717277994463706,-0.24478287318411263,-0.34834751198120006,-0.4261841456919917,0.8002261834108118,-0.8665542728562157,-0.23895628186867302,0.6952206705161488
0.3669840435746454,-0.21637401363379224,0.05493765100583944,-0.007883352129421668,-0.7943904962670365,0.04144751915604233,0.18818212452187688,0.07412791302060488,-0.07839644474107804,-0.005248124215243019,-0.34689386249309906,0.9823419968070612,0.06528543287480959,0.33999254321365724,0.17208124805108982,-0.5370180116588532,-0.7208904814689499,0.34582765299451546,0.8219996899559081,-0.17896986023733263
-0.4050272783527137,-0.24994745822554185,0.5775663688810413,-0.007734151856111572,0.1349629250934498,-0.2160315660971903,0.060997921342298644,0.13870061829730063,0.055590397659737625,0.024074992355016256,0.972595410052981,0.35477367219234357,-0.2911058395166235,-0.20285547448466223,-0.48424358603180884,0.3893885120479559,0.30356427273546904,-0.39312717102693706,0.9852026326199914,0.8215376490704347
-0.09120482239089284,0.42369506271170926,0.4648101051342175,-0.23351030422734564,0.05457958679330932,-0.01838857010756062,-0.5239733801860503,-0.016055320507393223,0.27448261518416683,0.20418429245995073,-0.784054704087392,-0.6004246650491534,0.086687714819069,-0.7318934349056925,0.060344027325805794,-0.25702166426866646,0.6162194737331541,-0.6153479751544844,0.2942863851029922,-0.19542522969877107
-0.38156749386080385,-0.005519909545582763,0.2154092200871685,-0.09951947833727307,-0.009787648928640674,-0.11305467577369788,0.03432189943067543,-0.7120306358618436,0.18974149102681964,-0.04082109912420741,0.2525833263349633,-0.6417405239617173,0.08740830261784915,-0.3003489426535715,0.5752952695351641,0.18563623002647067,-0.35889983023449434,0.648210677376011,-0.09469345390463735,0.47196446875308684
-0.05288254009235442,0.05453779679618874,-0.013278642424846901,-0.2804912072804629,0.00873753567811722,0.7451162433680428,0.0886123850308515,0.15432430712458178,0.06851116583197552,0.18105508110530438,-0.9875793099382246,0.5657763571942727,0.06744933513740747,-0.47869573014800104,0.08156711825322627,0.5343538433434307,-0.14622234167662151,0.6201402554765048,0.8415788595346552,0.9900591707741959
-0.05745592672955113,0.0818828329594089,0.22687279666188184,0.5812413164817632,0.1682040720703312,-0.366856024809025,0.1351454660186906,-0.2558658751419654,-0.12392119866812734,0.08069044701858152,0.8513239630247964,-0.28258007029400645,-0.07399814377485936,-0.3800716548258094,-0.3103224027610565,-0.9978285846989652,-0.6663472421910752,-0.22424873472862128,0.21438678914356757,-0.17759847126588846
0.3292759532508981,-0.14587638419221452,-0.17138115218142302,-0.45129636286734337,-0.18408858574884895,0.06741219315997138,0.09724292429412043,0.29284152406069275,-0.06033304653255317,0.23902470448762364,0.9304974563228137,0.545502900516543,0.31510188490394553,-0.5775291229709885,-0.8675333552732463,-0.46648616783787955,-0.11236393114320542,0.2995156591441621,0.552769876358606,-0.44267351443082514
0.4969507283319108,0.08442988253117714,0.15571235773422576,0.09954782409742752,0.0116451876588754,0.35682180960573595,0.08384847813878982,0.48229900808760007,-0.19149474652627385,-0.10987100713665193,-0.12983938243021398,0.7013992858057421,0.5216712977544817,-0.00931582911614326,-0.26560800220251113,-0.6172040473130929,0.7148837284719154,-0.5541527291253641,0.5323300503814838,-0.566483336975409
-0.31313002380582855,0.3139974457621526,0.12967205314481944,0.5941983991579398,-0.03451103905714814,0.38121998243463584,0.11225838163776858,0.2646930443552856,0.06617115812080804,0.05360655439489448,0.24788097069501203,0.8612143208277421,0.7673348553395836,-0.9270975682531299,-0.04216934722318588,0.4374205434614531,-0.6727292787414532,0.3898088074315822,0.3835793257253839,-0.5540635624366805
-0.310611862198514,0.1397838050300697,0.32936261078707596,0.19403764783364202,-0.055029743028556566,-0.0027498415587499476,0.38975520800877816,0.14806505147877969,-0.29897378141324976,0.01653294534376737,-0.42544213518724283,0.1111019899546033,-0.9208527633131829,-0.2232124418411945,0.1588175936737386,0.11079549563180424,-0.6211765368808377,0.20851516939655612,-0.8715553799546296,0.8216734555988741
0.127392297990377,0.23384955075281777,0.17343066559606013,0.26006206096720397,0.2146479959299985,0.0110984976699669,0.1227700221411252,0.677618176642375,0.19605288058870995,0.069008294086819,0.24408535928437103,0.8737488559547892,0.1222083090447954,0.623926832026628,-0.1556117298594315,0.2231057331656494,0.6256458995022065,-0.5202801304490994,-0.23047373953232086,-0.15132278856542225
-0.28311288122771694,-0.014466974361103502,-0.017358637749532724,-0.05557235697119306,0.09417592409446796,0.3480863151034731,-0.10490975247945622,0.019852360330131602,0.7728672177528397,-0.0708385502999922,-0.28205811201331343,0.4339063077512675,0.750634022944132,-0.3522701115304241,-0.16230429854836403,-0.9596315237318878,-0.6568213889216674,0.22225177055010614,-0.4275360880055461,0.8632494258421763
0.09708546790120379,-0.06641577599639346,0.005104991362853639,0.07265794069726166,0.08957664986370505,0.8574572473683448,-0.04663953931306532,0.028671107723375083,0.024916468433231684,0.02231779096476833,-0.05544070423735148,-0.6018139513782883,-0.8482056550616899,0.8353311371046956,0.24695973632691226,0.3175798127188554,0.9535326801150088,-0.9525202643588273,-0.8172212587890146,0.913590550076073
-0.04324652978478713,0.013266122676708042,-0.24221245682768555,-0.026618287625815033,0.6857557061366338,0.18499238493378162,-0.02261655817501226,0.3608527693204951,0.006523986671977601,0.003380712012241615,0.9805079002098427,-0.9027118266819609,-0.034581482306527134,-0.4498583997456078,-0.21568408486261514,0.7835824461123813,0.4393351016773377,-0.014094818490000494,0.12745491943030518,-0.798520144278396
-0.3245894792471533,0.20313424243902933,0.06797201990022253,0.27504579505774035,0.16035075879405963,-0.16587510564629132,-0.11617048853849676,0.09374223284833674,0.04340866777426558,0.1558613481846739,0.15764604226581147,-0.9437615376287547,0.2742057754153773,0.922692644683325,-0.1673443004838202,-0.7937061790542419,-0.4078092877520756,0.9713593525424231,0.421229020886825,-0.7524629517262917
-0.1554375898056378,-0.0730525356030351,0.05078028460976591,-0.16130569714318313,0.23651727445868742,-0.009883128684274739,0.7260729468439756,0.04741243421556446,0.1005947026083851,-0.0002674014248258416,0.6065427973051662,-0.017724482154364507,-0.19883663276662156,-0.9857852478582982,0.43973918315931804,-0.6695438226021813,-0.7072777326228119,0.06327843660216659,-0.03582578812318182,-0.04439910937132652
0.05929083229365181,-0.6792720822514682,-0.34354679169765284,0.16948064456003198,0.07959263533712876,-0.16291809046587574,-0.042385597999587986,0.0408914390780479,-0.049545627391600164,0.15497170973780752,-0.6072916468408276,0.059067137155393024,0.3363082986880832,-0.5598828667969304,0.264366083139737,0.11331575637194735,0.5806109286131385,-0.33045813024586956,-0.7298829433992879,0.5821682001201862
-0.1363983409629945,0.003025799492361677,0.45594278704604563,-0.045428655720933415,0.18328408058956788,0.015943376755347738,-0.30057987011801846,-0.20075572291233054,-0.18940163026347023,-0.19177345008669508,-0.29936743478997196,-0.5668329966870704,0.5944157743261618,-0.4116633641588101,-0.32704507931157534,0.5680688880389311,-0.4413093430567796,0.15505699864634126,0.5035411754020207,-0.25912671107598717
0.2045887153319234,-0.43557778699665817,-0.2108360456783701,-0.012386797399029453,0.4526904719383552,0.06688319060413783,-0.050538266914016416,-0.18022072195809846,-0.13546048393471777,0.2715808423897868,-0.7911778141561121,0.7583916616671531,0.8854615611057577,-0.3970434887207963,0.9497726113267777,0.22037105912601862,-0.13164356826897405,0.16437458727120657,0.450343384025097,-0.08190069880768625
-0.032787489430653315,-0.361945477922635,0.11276779770383583,-0.1287630097755324,-0.013682892271796754,-0.21472817651410914,-0.12463997927690218,0.38556844126046325,-0.1573503598905231,-0.5184215175065142,0.11386410017240878,0.1278470049638598,0.9786681752084814,0.9590986102620711,-0.11924418654448643,0.31142830487326467,0.3040638534323432,0.9837189551519057,-0.3365435305092903,-0.48255882190423627
0.14485718743362794,-0.001738551593601284,-0.08104784090916539,0.04325757870435118,0.2867518898827651,-0.5251301230164964,-0.18651385450259184,0.02180983824931637,-0.2861279624142487,-0.03839044417853753,0.13010392468990095,0.796959211338284,-0.45652755185515215,0.20477500767035584,-0.6673201732364382,0.11153995586513799,0.7531286844113363,-0.3323795510744283,-0.9856119494800557,0.4640545020634259
0.12973778206071915,-0.11319366465005176,-0.33412220073225374,-0.010787487475917623,0.17494627611202102,0.3643992620159981,-0.18891612302303,0.10458396667163317,0.4530590161322344,-0.1001335904766053,0.5754099793452414,0.5434956845216461,0.21896251242914588,-0.6134760937729458,0.8503808646067847,0.621440442510347,-0.6287802084393259,0.6260195054174533,0.5515668492914005,0.41956887556347566
-0.07833360458188686,-0.04334664184464834,-0.01914482315918792,-0.0727918809470541,0.2780899968950965,0.03928203701509382,0.024815344602916664,0.6306452057633192,0.5788994543079997,0.04556814157372849,0.7530754129628192,0.20943266963273022,0.5826249057361568,0.2015106576344412,0.6851709014773233,0.35278039094791946,-0.40112032225790095,-0.24529940686724228,-0.08611717027924781,-0.2842231184568167
-0.015080850998715617,0.0549841004918728,-0.050681868301003026,0.7498584260489561,0.11206832093958746,0.1821106817226724,0.17489615837938774,-0.1603661072867461,-0.09327531891298131,0.020313113635066826,-0.6051279144056212,-0.5586772176712647,0.961838910615356,-0.917789369706177,0.38931233757210437,-0.3080281202715982,0.1912621561004917,-0.32474916183197244,0.04410588431444529,0.9762091174627887
-0.07052005761328146,-0.17427576831710037,0.3176380671130383,0.13857234946253533,0.015062326238663798,-0.2250465722851944,0.5554250245207696,0.08830348420963043,0.18349124888599389,-0.064714751008423,0.44249944554430365,0.605878656714518,0.19849985947208237,-0.31546086525625716,-0.16397393205357047,-0.051261764946877175,0.7132985104579803,-0.5479973767246544,-0.7527498937472406,0.2553194430138288
0.2735374181164859,-0.005506407322506349,0.4899353539583102,0.0040817563524509805,-0.023350672975035885,-0.04703954575147856,0.0005268240150987924,0.11694445239346413,-0.001857065482687545,-0.09369614040402967,0.7676256539014452,-0.30888435678973214,-0.14361741996727995,-0.011360817201134354,-0.052593063359914094,0.34544836169955695,-0.724588997544634,-0.08033646446682341,0.0947716593096124,-0.0034730318191722453
-0.05929557613938122,0.1765116638551052,-0.028494968615394134,0.23950384097087396,0.47852431665439943,0.07625967968781322,-0.05501730395548299,-0.06376092954926607,-0.4460975570827658,0.1404360633071866,0.9982871848575685,-0.834677341013677,-0.554909326284575,-0.9952224155940641,0.9244732511728735,0.13322612840854764,-0.4306004701077366,-0.41565661945381915,0.3100489390584358,0.25187404882594566
-0.11649267282440713,0.0457602351932168,0.048399160711659034,0.07009935773736856,-0.010587571741056623,-0.022375412987230447,0.3637222333135097,0.16523687106795454,-0.1589157398281766,0.6352761368680689,0.8993675109442436,-0.7441578650630309,0.2964617413218611,-0.6120456689359983,-0.34966217439430136,-0.5790209004587634,0.15767216195339073,0.4683472364210526,0.4085421203365476,0.9091832894147767
-0.5206767863543318,0.011055168676161228,0.2419491851321397,0.060266468263236755,0.07345596153776848,-0.19452587263772284,-0.1765631167006077,0.45392712057424217,-0.09153184227915881,-0.14742473658476346,0.4988649932357645,-0.5209553710252284,0.08236990025967383,0.19714451052428816,-0.32530428631904273,-0.9643835694429204,0.9356179863904395,-0.8221370042976537,-0.7801482105593907,0.226198040803389
0.13546370493322168,0.020225509128892094,-0.06188044800603948,0.04487248632329763,-0.0010868763744302165,-0.04498365273095478,0.03199484279273798,0.7389904504728985,0.44133348239297643,0.0009374476063021969,-0.5978506232972502,0.4936538995230859,0.69380451905136,0.029917182832909672,0.8706109235556379,-0.6796377762729404,-0.22759714795263664,0.28757179479830053,0.1856219328019313,-0.43681956410272105
0.06309547915590416,0.4555519094216002,0.06716565770710481,0.06618361321200306,0.23773520316754948,-0.0659281876023341,0.14573416204049988,-0.25942376911244186,0.002559155877578413,-0.4926525329275241,0.711370601657102,0.2869298082201841,0.23827852310902076,-0.6950073385485456,0.8875690190374381,-0.3521662420025944,0.5824137858532374,-0.16509001909959609,-0.7367448809723884,0.3889899626500546
-0.09486318391716013,-0.0997273243518304,-0.09827038513701836,-0.268100692906622,-0.046840464854348396,0.1861774716310156,-0.16182471104500012,0.5346203406678122,0.26751667028974657,-0.04803892705234705,-0.8932479852354582,-0.7407261175110404,-0.08944560148111935,-0.945790431546568,0.3565785583495118,0.016706702065032886,-0.053752740589855685,-0.4826558255473241,-0.9559557600783033,0.17175399648555922
0.160246979365323,0.04654084271573633,-0.1691919519603644,-0.3160821575325564,0.07016806698062916,-0.20380476719277021,-0.05738548614538391,0.13308401249758417,-0.3099321360692469,-0.21097457847309992,-0.865581000868535,-0.21458051007043033,0.7241579344548985,0.46600893768620066,-0.839488919829033,0.4300617364000259,0.8336520649956942,0.43948275563425954,0.7266795325277959,-0.002122011380866873
-0.038513864163935985,0.05004363559011066,-0.08060182112458394,-0.00522244084766435,0.65900150759235,-0.2843960675892907,-0.1275264718395921,0.07865721326240423,0.20685142968181475,-0.36531280987348425,0.017570456750873653,0.9000598634446855,-0.5840557396442871,0.21750729813047842,0.6847677144291191,-0.6380490761853939,0.5758110343604859,-0.23762023405957144,0.05543442444500157,0.8320453514560269
0.0670762561976953,0.005153052174665329,-0.04857060969219304,-0.40439755641482034,0.1009734860941488,-0.48223492470316726,0.0947285517295158,0.10218044851646127,0.4877996143244286,-0.10182402288889292,-0.1501951360484659,-0.6617949031308792,0.5915469962499622,-0.4877209000908562,-0.7312454134951301,0.9164054384398035,0.8685262189631291,0.8201089460987137,-0.058945378713248786,0.9779304310562646
0.0015124778173996067,-0.1438857178020804,0.009378935515039247,-0.3355604533200108,-0.03785168043405342,0.05418774071421388,0.09942521134953146,0.5741151725180004,0.2881764750918494,-0.01675760609666302,0.10297653284882102,-0.12001165172139316,0.9337817081430202,0.9155358553937096,-0.5447396752931077,-0.15288807420241946,0.2474117839462755,-0.7835932111292911,0.6235376814404787,0.5180994035998199
0.03298572775342834,0.004979866068133942,-0.0751917775192488,-0.810837505827531,-0.0342450091561817,0.054954307180118574,0.06302392454373834,0.19939154524694383,-0.13921977323315177,-0.06513132377288922,-0.17290647559006067,0.5974531973899178,0.46183859690170137,-0.3043453021478042,0.2457756744565318,-0.3391593217563835,0.988709734482534,-0.3601659928953018,0.2490143322966829,-0.34627441029873585
0.17665339708439481,0.31541878355749875,0.13217296127946904,0.012010185254334393,-0.28047144838063687,0.02653785822659134,-0.1407879203120464,0.03750181067791962,0.18111228964983506,0.050518558953475956,-0.35165401291133924,-0.5147137468713039,0.10945290740051172,0.012874286429192194,-0.6672757660503064,0.9848063199493102,-0.028099197130704523,-0.6524352188690292,-0.6436694698324001,-0.2859828490070724
0.3046004556205528,-0.006235579080128895,-0.058823003957236664,-0.44920472091222696,0.019461093265537133,-0.04023812394877563,-0.04773438428573684,0.016504053125048657,0.046485768771969305,-0.22568926225118607,0.16347559129426759,-0.17738410907217128,0.7062199536853948,-0.12284651780682432,0.6756718738452794,0.20146985902081682,-0.380964699943362,0.20169066824931625,-0.7765959712224664,0.4560754097229738
-0.451008203563453,-0.11432517625697458,0.37736864110298335,-0.2931591852471331,0.3042505113965623,0.24930110851457404,0.05958238266914439,0.051676147921959625,0.01496579629802295,0.31415269447138167,-0.25211583568804596,0.7064827495184509,0.8621864982779097,0.39857563360365544,-0.7532355198208951,-0.5982711593082362,0.9280291864099506,-0.6758646103329682,0.07550582292198937,-0.63498203874392
-0.01913110334248628,-0.5660377776515838,-0.046903475002520394,-0.22153685469687548,0.11718916103076235,0.06942021882288957,0.11878514720946909,-0.09640270124088546,-0.3746348492129189,0.14502981728922226,0.6618869115867003,0.7696876839252313,0.6476780432231068,0.08366366674567449,-0.6595365098898776,0.9181434183617445,0.9108683888405062,-0.12097256131521394,0.18324513969922585,-0.7743134522702293
-0.03572934819326193,0.2770307357634214,-0.22834956737172418,0.09196734291524056,0.05997710735832687,-0.03026390967113733,0.6831346483011084,-0.037607836616901424,-0.015893298453908404,-0.2562025169028183,-0.7081903256283861,0.8762026530180125,0.7377788543641528,-0.985205717053754,0.725507452681472,0.557074644937414,0.48935770103000875,0.07895013145421115,0.8845119316614689,-0.7567069441694754
-0.6364620554884088,0.06675104820672877,-0.0021309000113189187,0.00578262478079293,0.08042113178461058,0.14647850107795837,-0.4042238066887115,0.05461700002283767,0.06520162839113999,-0.10417344610585545,-0.8321584263145305,0.8953296270018318,-0.031610619583594124,-0.24239650383750133,0.05550715146532803,0.3736421631659179,-0.9811477578262351,-0.3956891385241841,-0.12023642540901736,0.06755697422659845
-0.018616160850562502,-0.18621015729049217,0.6108618395695818,-0.2666175431059791,-0.047832050270268614,-0.03551462905355168,0.1681621846321476,-0.3686237997581425,0.22440566358488895,0.11376669645769086,0.9189828237406572,-0.20458216717920963,-0.43897728557738036,-0.5752020048324147,-0.1873831626768243,0.6587819612053694,-0.7872810439548612,-0.1280648184018962,-0.09626932893852347,0.824428064023125
0.07887153882539852,-0.05690005509121705,-0.16271400781262196,-0.438933777652439,-0.13901457237208328,0.0010709404023774016,-0.3340664975059316,0.15354646477682202,0.28403268499731443,0.10468324200551665,0.014616305718702316,0.4258238319549672,-0.9234271842962103,0.3670753149059627,-0.7763442567795291,0.6416099706398168,0.44728460410868554,-0.9896079861470295,-0.9365647914668327,0.5600659868326114
-0.532943520368091,-0.268469910354071,-0.00022880206735478859,0.541120454682484,-0.18627207905055118,-0.07732670008724352,0.06299216201686236,0.032793508227591084,0.11796465775453624,0.014176370895590151,-0.18699379258152793,-0.007574319351270509,0.022014635050337406,-0.3405665906612265,-0.16143059241361302,-0.8529314871068434,-0.6162442125256162,0.012613987330162724,-0.059585109376741885,0.47640736344134105
-0.4543683988595946,-0.3156557774133667,-0.40844590195657765,-0.40464989537004725,0.25537943999433116,0.011116279944160964,0.05215129332040056,-0.01819887778705443,-0.14200696641668398,0.012440033426611909,0.7527751996515777,-0.5632780142196492,0.9376866787880596,-0.8105662271106002,0.14336879883922315,0.08543179882111285,-0.019456361203713968,0.3624472894774322,0.22779238567843585,-0.9116481242359855
0.4511969502302804,-0.22348697282499125,0.4068252389330398,0.08854660380511142,0.037398865706029294,-0.08540451630612816,0.00495649084930163,-0.14262194766626843,0.03658736111806653,0.023647599711043646,0.39690964304663345,-0.7556843427516591,-0.6432342520081018,-0.4818485405302615,0.4989001764098695,0.9929202654048093,0.05439466162157869,0.13541134140656963,-0.16476617654511516,-0.18048760533556907
0.0072022782760024565,-0.1051026310614677,-0.10308723277029155,-0.7460089543632826,-0.36529971662993066,-0.014370663946945764,0.03694424808365347,-0.12432891519260908,0.05773076703330457,-0.19969302741228218,0.40205725082096366,0.6821133696817538,-0.47345101878337004,-0.5518886102058123,0.7040200118998965,-0.5092138235580979,0.10480131125699366,-0.49405465131033277,0.2240259769936248,0.33660499396949417
0.04514612826854464,-0.12259039621690299,0.07463646807356172,-0.09632684804161795,0.010935458333558523,0.21754365520369334,0.3798500245267664,0.05621405219055786,0.2015105505627771,-0.18581145948084576,0.7977812116484064,-0.5087019331982805,0.34381043608755846,0.8632255778032822,-0.7764781700609227,0.8504109748443018,0.28219127195962024,-0.9532618793851539,-0.9702290313735689,-0.47581941947027184
0.09707406355588227,-0.5834711961503064,0.031097591917120915,-0.13345839922082622,-0.021088834139457446,-0.0070144433516314,0.14516786164597878,-0.2289252193745972,0.022638408963227108,0.10903137102724808,-0.7404372926301579,0.8403848188490297,-0.6816944277184751,0.13036414386302564,-0.6049236863734311,-0.5036217501962768,0.8408486057448106,-0.1622404810407918,0.09206930221799592,0.8458642641105583
0.12273287508626686,0.1555398241326919,0.042794205410040115,-0.434427537196601,0.09007155655688709,0.21919719254132303,-0.07156949995202148,-0.30421194871875373,-0.3978310811249989,0.11432792379539103,-0.30654446755166553,-0.3230025184377079,0.04622220098000063,-0.22396928154118,0.8852859495531018,-0.7319652401463743,-0.24634794411132943,0.04564905844631961,-0.004649856786511863,0.46742316922328486
-0.08178921452874,0.34639448860936106,-0.05574250396285402,-0.6157781047346655,0.11125299828297452,-0.055597417115531525,0.1389784341558817,0.08227423131756663,0.4212420329943402,0.07303935582711146,-0.9748234376715954,0.6356507604500352,-0.7837470643717641,-0.49442304214517896,0.935683205972957,-0.8953034929728936,-0.17874993310502418,0.2513994023803643,-0.04101658949421472,0.020302230848745717
-0.2474539012697042,0.06798973688991222,0.256981405672455,-0.1223564720568536,0.026758364571688096,-0.04990298100405174,-0.3794254001267424,-0.4008057206155059,0.06547067106133936,-0.26242013303768613,0.9343479165087967,-0.8718715457227906,0.6013826595898433,-0.525235235902642,0.2780528910711624,0.35807896859817845,-0.6209449436851664,-0.17201659552981519,0.7073011348403513,0.05479010344975532
-0.1731897025883713,0.20504227780073125,0.3453960554964043,0.14957662569362357,0.1154029669078187,0.07884196516476769,0.08695704322556885,-0.2373692200897185,-0.5019967424985764,-0.29244995212339187,-0.5079685113292545,0.844535429214128,0.5735332250384526,0.5106357877957728,-0.5436469378825357,-0.6772730800481315,0.549906774915875,-0.4670411361252751,-0.5603481629398914,-0.26619987269433065
0.2260288826170268,0.16426482552084387,-0.33506555581875563,0.23557237772628636,-0.2703748999040442,-0.027111440251522012,-0.34579155686731367,-0.318475546947113,0.14094293319941598,-0.017729502013796805,-0.693366620107275,0.5309103151543173,0.7213493158093927,0.02257601655339414,-0.16311540663019297,-0.30491746488030946,0.602733174207686,-0.9829462278062202,-0.18065214268513707,-0.4514916387848862
-0.012596755561162964,-0.15901788184785642,0.49012316561750513,0.003576129742084072,0.26891544923993854,0.21259007078281994,-0.2776902006954429,0.2919889750457754,0.07770470625061775,0.2419608562928478,-0.9361500569777321,0.3959753831670061,0.672465177299423,-0.5166384690714476,-0.9037083932151342,0.49136683675193105,0.1226775238292801,0.9926043979485037,-0.026628566803711173,-0.4056815538693499
0.06025790770147649,-0.06899568152934453,-0.30746221096184095,-0.2980742110251865,0.1510033940265874,0.17205166438654104,-0.5640848142682026,0.08472189728229285,-0.04784791931146805,0.023405381299504265,0.6463043267038027,0.05781092900010454,-0.21778214882917157,0.5951368189009549,0.1499264622648977,0.7583979742413658,0.5521807575189477,0.18028043442411334,0.8402739809431512,-0.9986631187482238
0.06259604538644933,-0.5572177810524351,0.11721500027914855,0.10611348296078604,-0.3778724056052545,0.33933070916863894,-0.0078112290003656375,-0.008604889878966435,-0.03335624695432471,0.10987623715669509,-0.3289754698206311,-0.784415130244497,0.8517625657517962,-0.04095993701641065,-0.27737359826705554,0.9578912268280704,-0.5375846001993043,-0.9276368987780166,-0.8095078149632509,0.13997200416167788
0.44767336287785664,-0.1640933497552005,-0.39062432541712794,0.512354858090199,0.08198544188294798,-7.852002318453621e-05,0.16532214028549097,-0.14367052924033896,0.0362162603297774,0.038081792926665275,-0.16558045283721357,0.4266916736386255,0.5142572752758643,0.11481090749021017,0.5489768664546246,-0.912540434767702,0.7827802682014309,-0.08405285158060871,-0.14038133328887303,0.8338896382007444
-0.07450573097741842,0.15890898652337204,-0.1233096172686925,-0.13478805591607573,-0.21408933871770378,0.10327693627713663,0.2399946578830967,-0.026715387705355975,-0.2665529581416226,-0.7511919994751857,-0.5575267489853293,-0.26564418066211704,-0.25947971986868446,-0.41906548994874826,0.08359252894532365,0.4209423615914467,-0.4649631705204229,0.7661900337341587,-0.6519252461252629,-0.11135518162219515
-0.03696930588120703,-0.08005760865815557,-0.10218027392762247,-0.10861923562992638,-0.2349130265916998,-0.03075820597669851,-0.71287496085898,-0.3161232879311271,0.15587312931142325,0.0020889630353627675,-0.3980488949932115,0.7623940063912034,0.19835147794699504,-0.5418039028959012,-0.1737903292493148,0.9968751626374259,0.5982594364859837,-0.882492756406146,0.4564717209485665,-0.23826494242754892
0.3379222425890349,0.0009308719643201097,-0.09970397854576721,0.39079551562427506,-0.08017774024953975,0.046993662572193486,0.3941849719990752,0.5490499995074166,0.016054214836924707,0.011564358959649801,-0.3010941207054849,0.21443033021642144,0.8938076903406036,0.2095406199781138,-0.19625854441605206,-0.4282039642982083,0.4044310633979078,0.3777022586453729,-0.49618659671712684,-0.9621614196333785
0.4538257293998412,0.0044252165688239,-0.2107452400207508,-0.324567733963075,-0.23095709790603092,-0.3915040895362278,-0.1633769597995007,0.042269364362939724,0.07692047484080411,0.25951598288834454,-0.44018188488491616,0.20905586515214858,0.8709337654610116,0.7462305411386396,0.2192630121585626,-0.22134042038574409,-0.4641012736687311,-0.04073757875335793,-0.3109219805405081,0.6250019178117847
0.04854584829418773,-0.63776504384295,0.340889900186461,-0.15720630976289424,0.0052782528890207014,0.017066018403563116,-0.18977011815797928,-0.0627090653715607,0.061474421305566296,0.3264404267338994,-0.599969903561687,0.8844358060480677,-0.6857540073407362,-0.15815275407333695,0.6074455356245787,0.5100232503586823,-0.13080964009091245,-0.6422363419052952,-0.49715331929862083,-0.9148912597779879
-0.010312423307200672,0.1486692187533144,-0.3113408792118147,0.2967003730721478,0.05732126903167854,-0.03434539971573021,0.1361976665483903,0.16818840130343843,0.5017753619819209,0.0948871745790267,0.6990261274614538,0.6146305159997758,-0.649167800456008,-0.9303666342789316,-0.46367524421973916,-0.3281934347958946,0.7321315942316926,-0.3216550186868856,0.7477435919930653,-0.5115409095909929
0.6459987175822537,-0.11570437660972888,-0.3693424985680536,-0.1951067987617452,0.15264357265675887,-0.11504112207072364,0.07004410496362645,0.045964642708694714,-0.17108515652588813,0.014801799344408118,-0.05775241061924574,0.8754450430751544,0.38298118063394027,0.11544492736065082,-0.4570895429364119,-0.968916061779248,-0.9826388205324772,-0.6008545889767261,-0.2964068177254686,0.07887220868994427
0.6953854849428674,-0.06319424839077387,-0.2077372872619685,0.3180953798100645,-0.09819013367166585,6.584198649310646e-05,0.041048406030860254,0.16148319406780953,0.036212295543778306,0.11988459313173315,0.0516580671464375,-0.7908097770875211,-0.15329325526694548,0.4455637408812889,-0.8729346382236771,-0.6770085255413072,-0.8595011874713578,0.8057286624406106,-0.7059118926171668,0.39605396973292617
-0.03446790692434069,0.38193252712742465,-0.2940379381915346,-0.13736487384661558,0.30423061318341416,0.4594945592283126,0.07486150210053144,0.049668790119944184,-0.0009829868674501585,-0.09601448206950053,-0.44547153028315045,-0.021071959442632737,0.6809819747012962,0.034383093836747536,0.6111336576754343,0.8426866032693598,0.7616277957445359,0.7629211675230831,-0.5467213879278439,0.6074848622015852
0.19468932919340773,0.016202680487099164,-0.3863674234366663,-0.0052856994118892775,-0.22256667252762866,0.35516650876644384,-0.48673777190382284,-0.3836114349668148,0.16000720110890987,-0.03849370824379755,-0.9927881644934555,0.7683125141971594,-0.24864313422702833,0.9797272118660556,-0.4909100256626271,-0.29979962455893405,0.1921227847114293,0.4606351216761082,-0.9349449673960446,0.7821846585552514
0.3116025996023125,-0.03287222259442584,0.4745819763066881,-0.09778904816968761,0.04577902918173629,-0.29861697077533306,0.193007356896163,-0.0919545896647835,-0.016508427416013327,0.1073229775189248,0.6210608694709165,-0.02588348346388125,0.9025598442457086,-0.6622347826423833,-0.8038738271111172,0.5969540871545,-0.5845032909028292,0.8348709229830031,-0.06170364079493851,-0.4520380893832183
-0.2128836291829655,0.3552476843900012,-0.02037584497574674,0.024156879380291055,-0.05805239949805538,0.012014568873748348,-0.10030727158846041,0.0244446910734702,-0.7725619753896935,-0.010491557577600534,-0.3089718433027011,0.18745817914718477,-0.9769483103555752,0.7679160418926252,0.32850239860810126,0.5687720420945799,0.4397807095142203,0.012458783107730076,0.7173126904089144,-0.1069764098693371
-0.029159300666908004,-0.10134836481441446,-0.06150115236193574,-0.06821781067116495,-0.5921192061770587,-0.26169615532527973,-0.1801095951558373,-0.27151407403489725,0.5585428108804062,0.06672880725239735,0.04685196165724692,-0.43553367179170155,0.865481545052575,0.41722446494103127,0.9695528956664008,0.020206433035453664,0.27568903368822206,0.3345306372448076,-0.6453881733748088,0.3900381412362186
0.054693801983804774,-0.020316661769495335,-0.033209171023517746,-0.0018483249470017176,-0.18274996362167367,-0.46504247937941434,-0.12877566979974298,0.016995257580761446,0.4963779086086776,0.44050185415413406,-0.39805148385898836,0.1899706090256763,-0.5696849148300722,0.10215869364986774,-0.6140577893671282,0.6826191597606794,-0.32784090431937507,-0.7674111806884554,0.7061259032919309,0.39977889295202673
-0.0011268641870201546,0.11414363113423458,-0.035592372544709275,0.2351851526624329,0.008069784036655061,0.030236278122869813,-0.09472853567242309,-0.6201229930081513,-0.49090190893815017,-0.00258992808691217,0.5322615320793422,-0.3530993574089816,-0.5913081793139292,0.07127027794487306,0.1643465108886053,-0.9042798533030478,0.5886972278959341,0.09471893750329863,-0.0037952381429522397,-0.8489293101016879
-0.09373296396431725,-0.09568611086588895,0.07581059700671106,0.43313479490557805,-0.22108957731760193,0.1307597149372188,0.09204982389441813,0.13041321314755078,0.6452488401445416,-0.09303634116990037,0.11611056767079275,-0.5160124445711876,-0.8760785730293812,0.339183646469569,0.8318027993264885,-0.9952429022148797,0.9160567224409331,-0.3982893087554884,-0.6555663928947864,-0.43996443935834906
-0.5249099496322689,0.016744808976284345,-0.04173695651293691,-0.010225610916233405,-0.24809600197416987,-0.5337665091401905,0.021011723713903807,-0.010207017608967472,-0.01064684823915557,-0.14894498859679978,-0.4526062493167726,0.03517609379266862,-0.21068395144801122,-0.5833885995281844,0.14395431499688294,-0.2677268666828412,-0.7472844958378577,-0.6296826994506299,-0.8982891239992195,-0.668398480166388
0.007684406910734465,0.10925832558443038,-0.06830148639008791,-0.03091182309624954,0.12802958957300165,-0.23659248080062759,-0.43650599058195416,0.4529831268658392,-0.10973883299464939,-0.21049990817097844,0.23102548492542807,0.1039902050601682,0.3738077148416763,-0.9810199163858959,-0.5447208667851131,0.15373629684878365,-0.2708173938189127,0.6219961332262529,0.2960375944665119,-0.09967614117063306
-0.2667946038194662,-0.4688434578921276,0.24780481828683837,-0.442952109493728,0.00028317398940275185,-0.023680140179016262,-0.02183800509865172,-0.034398362101863145,0.05678718702556523,-0.10916081701167157,0.6403772289236209,0.5742746333616615,-0.30979325080444964,0.5323734918381964,0.7895765535720225,-0.2896341471837911,0.9467454830994881,-0.34188692297177403,0.7243804304511441,-0.9638045156230859
-0.019140429311723155,-0.054025145131730734,0.04080733877436659,0.27715303631720084,0.8200751793149548,0.05472865353338835,-0.01036551418830653,0.08276308966139076,-0.2758728258249823,-0.2329283560897622,-0.284817325982774,0.8328596213006003,0.2844761133387532,0.19379801309248368,-0.7795207958437309,0.40376975197481,-0.8928699959202824,-0.6406084622956592,-0.33258920016361015,0.39934024373267385
-0.07792318274110663,-0.03665550238378487,0.06489685648115182,-0.05684281996517093,0.4261114141386724,0.5545540692401276,0.5880214943411771,-0.07176295656779415,-0.23862949073297113,0.06672527765590014,0.5319974414213704,-0.538514157635084,0.9717958223801775,-0.5880755837102647,0.8385861297470407,-0.7302149139751373,0.3168645026269912,0.3219043822531287,-0.11375596808594013,-0.7471941806408335
0.15093749575280702,-0.04689100390238263,0.3450931214858576,-0.11350552605284953,0.2685800020794066,0.339140291127344,0.1829628228081602,-0.10940926782136659,-0.1689972797533873,-0.18702781267984192,0.4391044574477372,0.13669537693966594,0.27790572956955417,0.6832473166578117,-0.2384112639914786,0.6615703743594377,0.33222769986989964,-0.9055697889442496,0.38616073988242583,0.5092418690656855
0.31159639444884174,-0.07257050972700113,-0.02082595112961913,-0.0008021034411522252,-0.12731953782878205,0.05543300216843541,0.09933909202237277,0.48196662184986705,0.00247379502749584,0.4115711340323913,0.4088320042869573,0.21829238246597238,0.41117704215876194,0.16218626890493626,-0.5751845429508184,-0.6395132176627707,-0.3999474054738039,-0.4286669620288408,-0.6113033592321702,0.8758559184719992
-0.07693453708397185,-0.00032998255378030583,-0.09954821586397089,-0.7102874936599192,-0.2873175055540581,0.011783283230694164,0.2392446785737653,0.2869836038262678,0.016346392811444427,-0.19686175615438317,0.6723314761954358,-0.5367420871365012,0.7825995089909625,-0.7422639617213169,-0.07446255358486509,0.19386819004616185,0.9179319294619681,0.6085663887867228,0.9965172000888947,-0.5474581759045898
0.012949779705117744,0.03744136154806582,-0.1649630854418509,-0.5918058234999556,0.03269422350959186,0.019270448939995313,-0.11586382805838819,-0.07865391890181199,0.4766972066228852,-0.004344932420735061,-0.4838218711770417,-0.47498101288091354,0.952958256062634,-0.2987455792445488,-0.8234595906018682,-0.2979566801346545,0.31635341215480883,0.15727471529050474,0.2970727671693212,-0.7822726892425902
-0.04226568661457546,0.06671531512831781,0.042639599745846246,-0.0559519044472892,0.08420342377185419,0.22768388091064518,-0.04060164435057673,0.2823552415775856,-0.07987699497231347,0.25357752436462394,0.32143902712919536,0.15182045716174275,-0.9109521121194983,0.6881919686705702,-0.48268176669008356,-0.9223536707429378,0.6631258682658201,-0.8515656239541645,0.38349763653328184,-0.8986121110760577
-0.4513417265157823,0.0005882477880917699,0.20140485997059182,-0.19715081384134991,0.028455047400132206,0.17626457651469463,-0.0012339388481961908,0.16682611977858766,0.13803542640562824,-7.928512945848919e-05,0.8618119129184716,-0.5743750503593554,0.8994488293447809,-0.12916863520606792,0.9933872789783618,0.3941098154538798,-0.7883813466670415,-0.5798355897668452,0.6918642321105024,-0.8638659095977519
0.014320528680635908,-0.00038779392191956585,-0.007032441569644249,-0.019734608258348607,0.6071391738126443,-0.10933170122357347,-0.0745249313575914,0.107630493700488,-0.10300128574613057,0.02148902373711231,0.8602479694359042,0.5943492419773655,0.04651755535877755,-0.28439912327203287,-0.7496216039017576,0.5899861493174758,0.8633282291452549,-0.5169212039024758,-0.8930861775365544,-0.8107026445046803
0.09364622338257997,-0.033141909167519606,-0.3077923964954479,-0.10269375135671645,0.5946930028163907,0.1311737554709702,0.2725114373921414,0.03689002835200514,0.06823655250089175,0.08204745854011086,0.4539604264612349,-0.609366476250234,-0.6558895452533704,-0.21496376111214777,-0.5876907631897184,0.4961853812874082,-0.08100952066717282,0.9471458160175503,-0.6114379132234429,0.9637539644105377
0.16596413539360066,-0.2900525844885513,-0.0646002509705763,-0.313489014533556,0.029517249808792986,0.002526255934107196,-0.01141383080801961,0.08630764546002129,0.21945235758644852,0.5300191853355988,-0.627404247751641,-0.41128555013958934,0.3602404238890169,-0.8446920287029713,-0.500686865218702,0.37991045203518325,0.2416954853269675,0.5039672284136176,0.09859306182998129,0.8903528253965429
-0.49892186203314537,0.11516410644889588,-0.002086721122588231,-0.025052432981994964,0.00375437821406914,-0.08364059378553829,-0.7167822420745362,0.06269555831935111,0.04763592949806056,-0.1842900091179164,0.9706962534908292,0.43048064931924457,-0.7349238143625998,-0.13083343121307323,0.19920206932422335,-0.24171692536984146,0.6552937815174473,0.6165891514865931,0.3894949427271981,-0.25471129461456177
-0.07482881395620594,0.009154411175119864,-0.04158449530068109,-0.09153311253770671,-0.38944506779510585,-0.016913538320353833,0.10110187119760942,-0.2002258610131913,-0.24750473752959984,0.009327318558111197,0.22719506943034018,-0.4300123452316662,-0.8292270569903084,0.5699442702676027,0.41060954575015174,0.5627476032460514,-0.10795243626001305,-0.9455613112244967,-0.1029125371148032,0.4736615505589705
-0.10236633312480475,-0.07896015270699253,0.07099534088046525,-0.0005740524358800181,-0.17189821574967218,-0.036030509601211125,0.14919061272105777,0.3810470708740324,0.42435023277023376,-0.3488223324301662,-0.8852362334938877,0.4377340277560535,-0.09286574853542029,0.5570428891168213,-0.0797883376102404,-0.7588455009148671,0.343642853761182,-0.4490990743941121,0.16271397287595968,0.4710128805649165
-0.043091256599693026,0.15944239440570798,0.1404167900161998,0.0052561912476381395,0.7191512854238828,-0.030001583760941995,0.011612786166203592,-0.23284785737915464,-0.15590832650430636,-0.21378035474986312,-0.014297515039028097,0.12970372014813059,-0.40935560734595833,0.7208966802376686,-0.7921539169181173,-0.7315516616233417,-0.6949749061070438,0.17946055968062158,0.5808843611350305,0.9169947854877305
0.1141495174544686,0.3263822510571659,0.00164403765084261,0.012113937796137546,-0.09278742130531814,0.3395728237932471,0.011280554079656314,0.2000792779135951,0.053220946405262926,-0.6886824860329491,-0.7616935742375532,-0.8116598398720265,-0.4454586272362375,0.5411760716285015,0.6546889027311136,-0.9284553627872001,0.3364207300544926,-0.557263154229042,0.8111379733990656,0.23204489580907373
-0.1050550307411297,0.2399698375609096,-0.6513228379026689,-0.010340847379964761,0.03901318285481924,0.002175194380085621,0.02553394377068078,0.013191754421191335,-0.3027357253981677,-0.34652050681826163,-0.0603941177131293,-0.7334903351746835,0.5969915204619414,0.9123375504545896,-0.2977320992152035,0.7309927224492954,-0.5860203741626118,-0.7337379009224516,0.6791422621242824,-0.7539935272149831
-0.22518316118086934,0.17135144275203085,0.16613502630167698,0.01498007900734298,0.19415964048172246,0.16723379973332822,0.027561485865350663,-0.6143223474205043,0.04329027942339378,-0.012530244059908657,0.873707443108189,-0.007828968096864841,0.09942837444737096,0.9587394970254841,-0.025612620895436367,0.0421345419338639,-0.6939420863040968,0.5762292707430345,-0.33098772546654276,-0.9357431646688659
0.02460770739804745,0.07671907424615193,-0.15369331880880344,-0.3336074759024037,0.18814299600360476,-0.3553500071804978,0.24291308640406617,-0.07401402284719699,0.43786765668019384,-0.025218403382354256,0.35764343778873053,-0.5773973261516105,0.6093277299534936,-0.44710855630130064,-0.24262885296819925,0.8825810989339054,-0.5081156831939957,0.6892758069153639,-0.16381585644937346,-0.4077929307422379
0.37053428588607595,0.2997691322213214,0.20253331085513965,0.17795455043779843,0.36235542105186325,0.49268897620141816,-0.11149244937020464,0.07177769486612665,0.024528960023518287,0.25022038893674525,-0.407323659905487,-0.2774598655623153,-0.6930748206372301,0.31444608688764797,0.8655000848488192,0.6028151006401359,-0.7331103955138605,-0.01718499800265816,-0.9164488176021848,-0.3065504887944539
0.277161829474728,0.017596643033885223,-0.1897770200885574,0.06014954388483773,0.06638607338566965,-0.22345676061492958,0.05805321495836259,0.10223910434248298,0.12900366017034015,-0.59502547525816,-0.4243024955905099,-0.21988796857419102,0.14499980259607304,0.08502572636882233,-0.21618358169595298,0.27517275919677564,0.8532404043558295,0.5000225256934203,-0.38516953103791574,0.43795903030104055
-0.3520139310203153,0.010023266743616643,0.0048578314699129765,0.13537126403675703,-0.07816553897112316,0.1962281222111886,0.09687729224982533,-0.1835858365755073,0.19039737347508,-0.09000796176763459,0.23340480006627828,0.5470903328185186,-0.504865319786965,0.801815489740928,-0.25532516576145237,0.9422316023694666,0.8569758568097747,-0.4235864792664723,0.5534417505218157,-0.3198220064643529
0.05896143127826187,-0.05852199544857167,-0.11911489435265357,-0.5017569005507065,0.004573661493562087,-0.4413096370614844,0.18316247824088838,0.10971540932163813,0.3605522619110425,-0.17548861202801286,0.6353299368622118,-0.03761615644913685,0.36035054982239934,-0.07367423210162682,0.030428930360768103,-0.5909034124675652,0.3929426231923534,-0.8210762622819998,0.8828220486343399,-0.6497073295320679
-0.22393087261629052,0.11925727327531581,-0.017252419694129967,-0.2756192813046731,0.17800143500936577,-0.0913497257269838,-0.23817867951202137,0.0772915257570308,0.3451146669849162,-0.24924156213219123,-0.04105962144899955,-0.04377717172880202,-0.4942491052508464,0.7341834017623436,0.4157138710840669,-0.10697938734190227,-0.5390683918870423,-0.9856760141940968,0.8311541673167784,0.07617425591386073
-0.07845020507304601,0.41301477203131465,0.36560696168330165,0.06867422105135107,0.21350129132557816,0.237601209442878,-0.07125751823810711,0.150487119444355,-0.11777323300509945,0.23095597970028192,0.1493256307669073,-0.41207536571221515,0.2809787243912323,-0.4371364752272051,-0.09030016871565882,0.9850270214359449,0.9153195086761687,0.8162452687641011,0.22115134993566676,0.40947764465426695
-0.018506092083834795,-0.004120578344896049,0.2886067974676266,0.03937852610081216,0.11491857260034125,0.24327626141201253,-0.31927467252679437,0.03506021782419161,0.6721535234117884,0.07323787851462435,0.38612177251556035,0.6343361072401237,-0.3881947433500683,0.019621442677534073,0.25077846595301456,0.16347518919677761,0.7564558426543371,-0.4320701648086116,-0.4383926882416205,0.5279019259616371
-0.0948917445508874,0.050746528982267294,-0.04756791986447622,0.4948783107526945,-0.37818491126867826,0.0057643918690182955,0.4135999175317353,0.16928519088863028,0.02552709518930435,-0.12540624774584672,-0.3170895005249208,-0.3016571675939965,0.0414398011279542,-0.7694925465446467,-0.4492885682392074,-0.012262668859452042,-0.14833997917229813,0.11939181603213478,0.1820429143742046,0.39566228502576006
-0.5614704211743116,-0.15416550070224244,-0.17088955838916678,0.035499003457130446,-0.0865210300193068,0.2258200940917361,0.005083549257714171,-0.3518471266650748,9.894220034772222e-05,-0.053743862263691905,-0.2890371652743513,0.5397889771100952,-0.6801397335799406,-0.36031497946251223,0.7048237866457758,0.004291195179632945,0.7546605630773462,0.015391941207716586,0.2929994143955441,-0.30958224337776397
0.04821981433705279,0.1291368200413197,-0.3220124976323016,0.41519059596739283,0.11949942643261466,-0.19041134372826943,0.25957439466215115,0.28059320367872453,-0.03771140381324878,0.3251339915976059,0.7769210456846731,0.6468698627531408,0.6471555869129846,-0.02165829567265365,0.6883505256938072,-0.9522598949227807,-0.6016693272862383,0.3118309998995139,0.9792035191740267,0.42679067242043245
-0.00215087838259137,0.1547803835232059,-0.2912082742571548,-0.15913206472157862,-0.15452275305467883,0.5913350014123415,-0.06030107473797197,0.01436199435397889,-0.4656140137741049,-0.2824282625771739,-0.17902069944032983,0.2895979471207426,0.1399272035364647,-0.35789279634014326,-0.8736164653050105,-0.5570582154229446,0.6448599443638918,0.011830196696461126,-0.4743575435836831,0.02432091332028552
0.31702006547708456,0.10825246422769637,0.6460957359799229,-0.06405805542201781,0.014027149289550594,0.07578310072482042,-0.1141384741036802,0.027013671557431895,-0.10677582859350504,0.16226398551729232,0.3430528376083517,0.17495762320891162,-0.3539105096980666,0.7968797004659776,-0.9525679584110596,-0.7500581783903002,0.028319290768731298,-0.6479291506908278,-0.8405384846977624,-0.6430623312586707
0.052768221754703734,0.5664775474744972,0.5327299399662938,0.07027537115257121,0.026139681315141973,-0.08594004831780289,-0.11805125373128207,-0.06167008213104408,0.0891325338323985,-0.16927147996372446,0.9766314721497702,0.6955933012217965,0.46348902529033453,0.2184026348259267,-0.6570171729003673,0.3548024831292742,0.5697064610939926,0.28267443326411246,0.15175653307849535,-0.9761277987100154
0.2507203672613871,-0.14132691184963453,-0.7121280959309348,0.1938108975047551,-0.0381514118869032,0.012814173808423646,-0.1752532208739771,0.03267429851709641,-0.33546210160056433,-0.018121008880736138,0.458033940777987,-0.2839256351338495,0.4811304494146842,0.9494290967789476,0.17603029677303894,0.23962231022368252,-0.261966114727896,-0.8841256906348218,-0.2604842937787346,-0.2469507969658702
-0.228301289880951,-0.2752239328872051,0.04014463234366186,0.02281776858823073,0.19533356057355244,0.0081749633411545,0.014035456519000258,0.20167110794809168,0.6902407557155071,-0.01515846290214058,-0.5915682124878316,0.10075478572081864,-0.24834399845272115,0.614540396403422,-0.0342806145604766,-0.8647869727563551,0.8099967712304654,0.23093232486762139,-0.9547950819765034,-0.8207842918559676
0.08668633026035355,-0.6314939373022491,0.08240247006318652,-0.0719559871330428,0.11741683323806251,0.023415208208110744,-0.29414032535759194,0.2855057511137683,0.05626399166176271,0.059929030772617825,-0.912980989558809,0.3680043492612104,0.30493858014806974,-0.36503099108081916,0.03614366827310911,0.23416966416322826,-0.7197966298362837,-0.03358808003157021,0.031471045456652025,0.17595933756195525
-0.10743592133713531,-0.07380819821918799,-0.1091288928232365,0.025419614069557284,0.06653837781654379,0.392036691150899,-0.08064247741537531,0.01729906411184512,0.054453055942417214,0.6771966374056135,0.30385644955635294,0.8866310362214103,0.5668555979357421,0.4696205376821514,-0.3857508384070121,0.856773860966288,0.4387165301656033,-0.7121464858457462,0.6754773669840239,0.5951224562125372
0.11022434112149121,-0.0944112601609792,-0.7968630713397913,0.017702080789457293,-0.11028983240734111,0.1041021762365552,0.021708520698418513,-0.054313608699056486,0.0041058376707496375,0.14031943109144107,0.3538139367698503,-0.17803612548605074,0.9946831901723066,0.7868613435758514,0.8689993921331258,0.6610971785180235,-0.9829631947550606,0.6284548384168862,-0.6758177530282008,-0.780704250881882
-0.30571217351265056,-0.028175180946185697,0.02289371430657761,-0.03738237817770553,-0.018661987477043448,0.1065970377329214,0.14958909029629971,-0.054451982539060126,0.007476416423743368,0.6532107058910561,0.09961243322526259,-0.9321001555129709,-0.43405098536454356,0.7481406784701328,0.5900514273983328,-0.1018530848796444,0.18656324821058834,-0.5598724700906821,-0.39857914055302635,-0.5127865790916517
0.17082190324357627,-0.007835376021683133,-0.2794331873623692,0.028891787015918213,0.2225676595638612,0.12145061240699075,0.05382319636477306,0.224296625529522,-0.0972204838771283,0.6155861353776977,0.9130297370028753,0.3240178361021786,-0.8804411065637954,0.2877224049056004,-0.6394352842862381,0.8812650801954769,-0.22675996087276173,-0.47106370469380265,0.9127629305071396,0.9852654045697486
-0.01707882613264619,0.22385841656396321,-0.11953867514888727,0.2798945514474953,0.35198519126150607,0.04578409801380018,0.16106512339421075,0.057139359136909235,0.6142682956756992,0.08587270644431066,-0.14047551460166297,-0.11785792856183908,0.38207452910699247,0.6830570294689084,0.8586730604185895,-0.47714834015562735,-0.4302065979681744,-0.05131968085083605,0.7891895058782996,0.8456780768922538
-0.11727750759117092,-0.4631270316499573,0.07944969083811684,0.026374390951292292,-0.058067243215193506,0.049673600672742346,0.018764202149270937,0.3094855808603298,-0.5933648632434065,-0.03986369237152911,0.23863234783928022,-0.8009653262649685,-0.6840158907306917,-0.6415836011030922,0.23268902294855787,-0.16556495426783036,-0.8922254583878431,0.5174445354759818,-0.9421084111630513,0.15465317218290742
-0.29704528815335685,0.07713053195001221,0.35548771129810786,-0.6549955052596524,0.017037125655420593,0.010084864777479871,-0.0520076449812739,-0.1542446927788134,-0.20228996585186224,-0.10280437894971117,-0.0438286717625902,0.481176597923201,0.6729184765459666,0.16889259504763032,0.6303788841061311,-0.6289415869053991,0.8973167438219831,0.609791684139859,0.9479403294694193,-0.32169294447105434
0.20128273555845427,-0.2737967772373208,-0.007330214423607734,0.011251987387172924,0.7791639477551415,0.22250711057488548,0.11700529463672232,0.010185997031488148,-0.2842718348699774,-0.060091359698589975,0.21903664177365223,-0.9048168631727778,0.5836523527101833,-0.38743982041767366,0.6850874466473267,-0.047681463459843254,0.5019812713275644,-0.1704768297330681,0.708091428059402,-0.6280012435980096
-0.3228747759775164,0.057703340312008494,0.28641131265238096,0.05373872156056286,0.4805414637019141,0.07757879711052325,0.02044596408244137,0.47285234958244104,-0.041154753893238624,-0.27632012157864777,0.6107398638282204,-0.3233890977272984,0.819344149003089,-0.43684455610882744,-0.08184697172407551,0.1376440883306107,0.7531911975183132,0.4912290763807121,0.2701763172928664,-0.725336905195678
-0.07067314649371878,-0.2255206369946976,0.04543626687716936,0.02046549173151041,-0.0025330935506698397,0.05121442837283299,-0.21145811043592552,0.19201483004483305,-0.6289402147122699,-0.021900983807512143,0.76028042918868,-0.3107619701684272,-0.5699578205090945,0.17543237101967635,-0.5246445955368397,0.7295446757396675,0.9975712391143625,0.39530441927160354,-0.9811134827728294,0.7364135219161991
0.23919011754361785,-0.6919608619439105,-0.23595200004209793,0.0032242955760663217,-0.15609252900741982,0.3877320196018995,-0.010964909157834341,0.09617692014499574,-0.03599321521785364,0.1437817769122729,-0.6136653101509904,0.644878094607559,0.5585042997215919,-0.19668885182204132,-0.48426626599623046,-0.7089616500228018,-0.27130574309519795,-0.9200483574127916,0.2987601929145136,-0.4581418629242633
0.08680205320086465,-6.833424425482142e-05,-0.004940687482385489,-0.006363432282650678,0.31973978256630586,0.8025234562177901,0.010329458524868178,-0.03761262100654368,-0.012594097105374687,-0.11523410041991244,-0.2785308098072681,0.44307979459947955,-0.6916675601554865,0.4591681023590599,-0.8215362722719066,-0.05812748817158342,-0.5426682694751883,0.6675824115175717,-0.16889074768735757,0.5897348916107892
-0.10043384492492971,0.07859588244535917,0.6266720956290687,0.4269412884057032,-0.02575251992020669,0.1530118305717304,-0.0021200049378301018,-0.030645497491452373,0.10759357461243452,-0.06019646104504815,-0.8242429947326977,0.634966929559412,0.45443928346326046,-0.5267002370728682,0.1337880197731136,-0.024906908357122504,-0.6895844488496279,0.8120310658077656,0.7135058640220742,0.6210421449525032
0.05231437408315537,0.08190391445383705,-0.1204886666986188,-0.6172586326866949,-0.1743981697528511,0.20133775055581532,0.19593328665753695,0.10674237159657657,0.07412824687348887,0.01302412841156056,0.04671697318532009,0.7004781648878939,-0.08805910185362231,0.37596312855507086,-0.751440067854529,-0.3591364598603326,-0.7041602616568337,-0.37162127123532174,0.6787341642978846,-0.9624296776617938
-0.2699515956311477,-0.0240907194454838,0.12687383626706128,-0.08243596404520194,-0.22165213156402364,-0.43591152341495243,0.47923178153595036,0.18789468289693623,0.024500996417929133,-0.37694878779899565,0.9740438185520337,-0.14092232708181385,0.9942421536680699,0.2273217819668769,0.25754771014592426,-0.3075878611124909,-0.8349634957437755,0.5824871699051952,-0.22938259722923204,0.40763026883930964
-0.0819522548749434,-0.1731143951059827,-0.25060570341799315,0.5041871743373968,-0.04942920659409955,-0.046308820875869405,0.3727042595235156,-0.03864928129097678,0.2087472664805159,-0.14488114351383619,0.24622825238527124,0.46476927752314223,-0.3898009745349449,0.2794297477040244,0.8190756242328654,0.2384279486862837,0.3193279621739993,-0.8482434719289884,-0.6034335336301331,0.4673077742148153
-0.024186256947512114,0.026137564105973857,0.05010828882545759,-0.010901951127751663,0.10230968918212985,0.2702135459179345,-0.09493992504422025,-0.5486656904779,0.13067716057009493,0.09079413903314812,0.06877888863037929,0.23542189154194304,-0.7038626225819973,-0.08042629653373412,0.6544986376110258,-0.1265189870942096,0.010253030382676886,-0.5631361832518522,-0.28509646119097143,-0.6297410446939287
-0.0382254343277543,0.060103416855936925,-0.013788846448230169,-0.04834167860242025,0.04515473410430387,-0.25013203083453023,0.0168634318621394,-0.18978116068587167,0.09088601962442869,-0.08375494328531975,0.0805511108282595,-0.18897777633205237,0.2652896240098046,0.4574057616273537,0.3532986000681615,-0.6815501917371973,-0.3968759022759307,0.3780829591968289,-0.8708812576565867,-0.4442989342206334
0.13024479137355638,-0.021908623427816624,0.2691524125061881,-0.47654382641627335,-0.0732967560776804,0.26042675025110484,-0.026765800126134054,0.02067781227472499,0.5554077658856688,-0.015392347391863286,0.9195440307511509,0.8458005438938125,0.2695678384940201,0.0795934580981359,0.9958349249665415,-0.10524366407546526,-0.8724500809468763,-0.024199833517503988,-0.5734660365033966,0.15625437217479177
-0.04461286630977804,-0.12217790351691638,0.03701248041883728,0.1414352513525155,0.015397246022726935,0.5997333442488602,-0.16668627188727989,0.4146784380705617,0.15421782768928705,-0.14123838847252565,0.5569503183744642,0.5874414407023376,0.19943635154952055,0.8136878193370065,-0.5207050096520647,0.015263292234646286,0.924131872290815,-0.9452328902124141,-0.6575386347234227,-0.6074454002585614
0.592987829534232,-0.11550859704011662,0.22338459147898232,0.07393555723470296,0.21456693550021583,0.16085454078675976,-0.029390858857255897,0.3589795736471304,-0.01653373785177331,-0.0334210137795119,0.021582906422399573,-0.24052360810985585,0.21916830390483155,-0.9401244657587746,-0.6123835460532019,0.1652706369232717,-0.5993826315439585,-0.3068565757152415,-0.2904951281311041,0.49346732379166314
0.5069942808393951,0.039601781987994585,0.05438461440723531,0.016427782473942665,0.28419790596783934,-0.0406135469309305,0.2009573220041504,-0.15301308576868028,-0.2936161570755218,-0.25998680251410555,0.0928396634388784,0.44885944851515736,0.593219716274771,0.07497258606690838,0.7159229956651536,0.048294850588352034,0.0029429917437719944,-0.20073360693599307,-0.18353111665962296,0.2170271957063985
-0.24614184482868792,0.08564490937483332,0.06882572755113292,0.07902503479718681,-0.1415504062505679,-0.39512780562278416,0.3495439430966228,-0.1695035050431798,0.09701594571206626,-0.3123245279365243,0.5270104094096899,-0.060380204932054315,0.6579937543958068,0.517634490470466,0.5858666437692939,0.5732319739556875,-0.1713769877957323,0.634412526729377,0.6837208794971419,0.11523884551779706
0.05312999744417888,0.389089800743467,-0.1301948423118491,0.016287529568830672,-0.2544170255462154,0.08685405724646955,0.07549358061115266,0.06726616489192609,-0.07380024492519816,-0.06158028995525125,-0.9606718858784153,0.5612145955774899,0.6989889848716893,0.05270617382180531,0.15167784249862404,-0.4956176128287204,0.03676012158850561,0.010657910607086984,0.0159013605175371,-0.5421653159493267
0.13078823028970188,0.0940261695399861,-0.14786433252790254,-0.24019445784867682,0.08839086177083605,0.6614989329244535,-0.08917072933556604,0.14260510300163043,-0.07848738439267994,-0.02721810963753213,0.5890940179324886,0.2587555804904995,-0.6204450168530586,0.11249947201393873,0.4692194854507694,0.27588590201174457,-0.4536522319251004,0.3514725372976961,0.5702245033132392,0.9676545774316159
0.06392450466683153,-0.1565020212255226,-0.01989768468169678,0.02449065500447492,-0.24041213138549916,-0.1142796329902378,0.4936120984954403,-0.006891515721199955,0.6188627200399848,-0.04027285432952289,0.08913696757766676,0.7974285667279057,-0.6909788625680517,-0.46005131290252876,0.5230940250764422,-0.9177525155018711,-0.8315878283470481,0.912352811637031,-0.8222519120994862,0.17084745423640268
0.4317890883087206,-0.013191533391123889,-0.23646308541221506,-0.08113363270477003,0.07925182769608002,0.07386746479366763,-0.17997093284950622,0.1268788278343095,0.22357618443422775,-0.025836744295877484,-0.6829726630430888,0.7076155132639359,0.4705448077799439,-0.6810946765381503,0.1757238597044133,-0.2019570435099982,0.6112092431627667,0.756017921040361,-0.8129473467703867,-0.6691547976690426
0.016030185779239828,-0.5488964416999489,0.0019134251187149717,0.007409550173951621,0.10014677346934162,0.07690009997973385,0.011275055921529942,0.5595721700129175,0.010602966576866435,-0.043737302474750585,-0.5779549760560132,-0.051645246445505055,0.4135540099671102,0.740760252282036,-0.9083701165448448,0.37832595597357455,-0.6876228235039903,-0.14476339528326077,-0.3531196742558287,0.7507453336488297
0.23071274144562737,-0.09886658068231577,-0.467264454619717,-0.08296752669760432,0.10473228208101719,-0.009194506063996535,0.07611685048978123,-0.03507613883975652,0.5828723463194592,-0.20214935597789052,-0.8472132810579664,-0.25184612111229066,-0.4788575863743374,0.5615676707417221,0.3742272718356825,-0.045156341440742764,0.11016349018078153,0.20258057991373835,-0.5676616736119573,-0.09660278528299493
-0.15657664914216313,-0.2143161814109752,0.08627133018780381,0.3364637485067525,-0.11684097824505046,-0.23326627893057428,-0.24632700019971754,0.2197137751115933,-0.09123321576322575,0.08016084410211954,-0.8245007284691768,0.4679788071171369,-0.532751329407007,-0.8518676782990664,0.2235277530885209,-0.8516042046357442,-0.27042065749656174,0.36443657822967035,0.4165208126252504,-0.9010313028530612
0.076029045401315,0.055930680070554406,-0.12450807327373911,0.023722957564260128,-0.2476148162833779,0.12410830685369412,0.35093124076096605,-0.2609934521308287,0.6230043716352246,-0.17439657217799157,0.8582783071568829,-0.063918062411362,0.5519986200679741,0.7687138326069425,0.2229781392438257,-0.39000354295270445,0.0325288017336105,-0.8004671140745718,-0.6753686070485467,0.9104562218278927
-0.09893813461589364,-0.4831324516303886,0.27886406920008433,-0.07570457444603601,0.14443861802560018,-0.19144824966039944,0.0689026098886426,-0.18374054456851152,-0.21752716331076077,-0.14821601807840817,0.4123371403626661,0.010830467977619662,0.9949573771487279,-0.1892238258610497,0.780990982771063,-0.682642941348536,0.8235526428676789,0.8078198768409302,-0.5187263268031186,0.6105440625567191
0.5413071919042881,-0.02384033473758196,-0.14037375608217395,0.35134361713066925,-0.06869136861485059,0.10271757773131002,0.17355477027524302,0.12793657947787918,-0.0337944283002497,0.12334497955773549,0.9978849247640296,-0.49627148325913195,-0.06756032367805842,-0.6589726092571215,0.08509198730457723,-0.558609774900815,0.7546340436057501,0.5825337766275358,-0.14322251274292297,0.457392119165291
-0.03528246377083463,-0.012660488735501067,-0.5962331297015575,-0.07003220383345021,-0.01674071966860889,0.06162026727805797,-0.2646144790814101,0.13038864114745335,0.44244582260771104,-0.014294649474114348,0.3612128327253139,-0.8165765395909235,-0.942497566801209,0.20293920277271416,0.6310453339918707,-0.7643011149779484,0.8265457108385414,-0.619654164077567,-0.833294488156797,0.930513265450698
-0.03375807234768269,0.16587430294588973,0.3361644882793774,0.5218571906435052,-0.0840048616509862,0.03627626727255234,-0.20927041348300204,0.11403193589227964,-0.40948737429836585,-0.19907973626598024,-0.2709385520514944,0.04185311588363483,-0.27227387453803287,0.47874940851888836,0.31601278141327716,0.5306835723807057,-0.37810850181346756,-0.34341130951485566,0.9928876076157978,-0.11577666988764146
0.024698028515980408,-0.18246380508600069,-0.24100983936093132,-0.04939171362228526,-0.11686065380205699,0.01091304826226372,0.08095837870141086,-0.005322028732605403,-0.16974503058279528,0.6899719541885908,-0.3663948759372746,0.6481280027116803,-0.5528257467519395,-0.36898205889590985,0.1683992725364889,-0.41610691411893486,-0.8807345350304552,-0.2821167705887775,0.6745908297235683,0.8112257211621452
-0.07971830162551244,0.26449430182310496,-0.06264962041483266,-0.13476691989700623,0.011560441945866667,0.040493446728000496,-0.9213934515745744,0.02008927462934354,0.012700472351359501,0.0019648953671165953,-0.5747314899292859,0.5838533447436223,0.1051614388401747,0.48678750205654,0.7016059215665693,-0.4220284672431591,-0.021863233458730758,0.5764949744009127,-0.4507052376500884,0.5889437811000025
-0.09820750968126622,0.10391587448831408,-0.15419225254319657,0.0856322318157583,-0.28256659540906903,-0.03265205197446655,0.010857438709690664,0.009935265177390823,0.06808381265947802,0.7418145696073501,0.06062225125267795,-0.7110639634042695,0.6391290951569033,-0.5261866342744688,-0.5525572330616115,-0.2981072597036132,-0.1743793871727255,0.3139847514658245,0.457900500925734,-0.5667527125902225
-0.05131945689160879,0.10553667364872671,-0.010388382108540746,-0.4498994512712442,-0.2030016125852125,-0.3704840547245902,-0.08161352807689713,-0.3352252191590199,-0.0014553228699353852,-0.5258842942658664,-0.5145675511757011,0.3494868360736192,0.9096561244861923,-0.4473186797432671,0.9098003965514052,0.21191061522027832,0.1979968145163058,0.06418115903474564,-0.04373354871299262,-0.07970622243093328
-0.036370661587169124,-0.5603861483017736,0.028921077231058016,-0.25241834732501,-0.01569514876410507,0.22653126534381024,0.16556994413405257,-0.03292631171590352,-0.04885899016226014,0.19846030428138106,0.5844846674912216,-0.3482054828412835,-0.5954901656899847,-0.0784091922101724,0.4535776891322705,-0.8419152391873095,-0.1021326995943177,0.8591390186479124,-0.9294903414037381,0.18132658007677316
-0.3768748921254336,0.060517741627353724,0.14864898807386218,-0.07202350142929974,0.25329377274050646,-0.06688393060509777,0.043238418265970135,0.002733895272112888,0.06887620578269123,0.6479502030712401,-0.007361288559280865,-0.06379371295388814,-0.04907089405159959,-0.12207042082337449,0.9315861246325412,0.6412218042268063,0.26682382236083635,0.8285142154825964,0.8030603676198367,-0.5721828022987754
0.09870704312526357,-0.05796946658198089,-0.016388542640597217,-0.04044179497570713,-0.03893204323694878,-0.5096342569363018,-0.030724800854828926,0.22471127723101872,0.5532882538737769,0.08537656303230022,-0.1993424598251834,-0.04987221387225027,-0.4764127522808317,0.2764411059684726,0.31377670389932466,0.7338396348736032,0.11831820703909002,-0.31741391175955735,0.9945447128386184,0.8377837767487546
0.37971909961271383,-0.3596560138368893,0.10008587384542217,0.015161208494226697,-0.1712535049357552,0.07296962762696302,-0.21061693626122485,0.20431569565808186,0.09449451743146808,0.23113036988101632,0.3551678745130047,0.5010168224849405,-0.814214859500975,-0.7996274644838373,-0.5397807912524015,-0.8977706050057233,-0.29611912963134235,0.10664396406926469,-0.6671776824266253,0.6572188553038953
-0.015237076633914909,-0.4832689529408615,-0.4155332654172526,-0.03554231507745774,-0.3909074915677211,0.26019720829557763,0.25073433031726455,-0.03712239873407641,0.18228413393417697,0.04903159336008428,0.5303925403241692,0.8100204055263343,-0.19718087494466996,-0.4352711495059862,-0.41651029122623284,-0.9408438210331966,-0.7642610072520428,0.31638498585077923,-0.6263313073321275,0.6646570073449125
-0.42229414859885916,-0.0055346295588733704,0.007818635007932673,0.24891354400119103,0.7934931772794989,0.08001530239732599,0.05493625822249155,0.07698295001819057,0.036931931413245744,-0.06355277479105759,-0.871726070637989,0.8116821134349397,-0.24692868722013261,0.4293729436994893,-0.04171452207302506,0.6441429521228808,0.08874021899162554,0.7912218876667725,-0.8756172060540564,0.8960540482745114
-0.0605989513508392,0.060524678310317825,-0.233315275190624,-0.33889350171794475,0.007496473857458264,-0.7113391098058681,-0.092626756224338,-0.03665430057777457,-0.018693968232297364,-0.008009929481119452,-0.7561890431073703,0.9228206213934778,0.8196640266723463,0.2432355678215683,-0.6247559282056545,-0.1171134559867193,0.6203720507221395,-0.5909138661417062,0.704984388673978,0.7830444762323825
0.2730871047045812,0.3469686839654883,0.42121127810053216,-0.07109595891306728,-0.18275689989599597,0.15728332270838793,0.008558317938676636,0.0268890775598084,-0.5474902196815055,-0.0966427576889479,0.21416966443160446,0.8589606569566968,-0.6901831176189246,0.6519792439232679,-0.6942511163370382,-0.8458500470935395,0.5719948006814664,-0.9688010883958698,-0.14331410761323138,0.9542161651471122
0.20325864059284204,0.10207932835793421,-0.01717409290160571,0.12815214664710156,-0.5429398403971859,-0.27701432888992866,0.021864571660520554,0.05286208761020428,-0.1408728457631906,-0.22006678896850138,0.414537568228331,-0.5830299185693295,0.9022578829271399,-0.7018176822257596,0.767750549432419,0.18442751658343925,0.931236756119296,0.3679341432552141,-0.2346955359861862,0.14110016564487893
0.17648998803711724,0.06420253223348127,0.026985310967317336,0.11370379906635658,-0.4495357463476906,-0.3660216524419882,-0.2071296108430658,-0.13281277389614154,-0.4011296118611606,-0.33238911787885267,0.550671241935035,-0.39306214029524766,-0.002532819093574945,0.40411037829698104,0.7579381391279805,-0.041668819059651696,-0.60931815313647,0.03425231730657363,0.5086918523528066,-0.7254239695984046
0.1406523945881154,-0.08688872849060228,0.12271380157299883,-0.1634652148936188,0.027837939220204878,-0.220786262036743,0.15195041927801964,0.15237548495657036,0.7073894858939658,-0.20203457912961503,0.785161323807789,-0.4288773035225024,0.8959275765187382,-0.3879859761674789,0.05951366896912935,-0.8009046443335643,-0.973867220198791,0.8654106843482687,-0.6009335979718786,0.9280464837998039
-0.08593150467819947,0.24139631881067658,-0.0816942048124939,0.06454730649261092,-0.07201580295939138,0.14401620008404092,0.10676895282833385,-0.0061475673743944395,0.3537065849389007,-0.5071001676138698,-0.9477255724193916,-0.6156262171213964,-0.28398113860598895,0.5922652665137542,-0.6038847909269789,-0.8155935445406572,0.11494520826203725,0.970277019516762,0.2936984228134467,0.42807539438632225
0.32563946526296017,0.05254941743858554,-0.16154369609385855,0.17399672621649123,-0.5185653461642917,0.17870734348992376,-0.16581725921652368,-0.32616012943005457,0.2638553196012291,-0.10217753430222574,-0.7335441593084933,0.5502846081252268,-0.10600461272949135,0.5618070703271827,-0.8320458287108037,-0.38216343175702394,0.6164448990844018,-0.9664302518762158,-0.47197315793334504,-0.9333321605421687
-0.0019618309431052514,-0.13868255164679147,0.021493139803537967,0.6812490511065575,-0.01044890997472917,0.07275489285902192,0.002898803750785016,0.005887261801733854,0.3402841089807569,0.007074895651962981,0.9356554487003024,0.3044690808763997,0.951759504488976,0.8102597906133833,-0.929883431923447,0.2607416205555819,-0.04029690233902117,0.5058879425340164,0.6916585252732896,-0.19705000866998867
-0.0036120209628085834,0.007952014031650023,-0.18179151586924916,0.0038741731389148708,0.01223987356421202,-0.042964009734641116,-0.05761985118685557,-0.00720175581776817,0.7161712372649893,0.004669583419958903,-0.8284390855838486,0.14432411231545328,-0.12850506606865197,0.20545124939418358,0.9432009238306935,-0.8666323253062673,0.7052466476112098,-0.5083747393132965,0.06649510096132061,0.4599651501640063
0.03908234489461736,-0.02059794568665823,0.10779844788663792,-0.1610882242398098,0.4069686437940825,0.02463578741896872,-0.5880378933505596,0.18525273669569256,0.015353518591388525,-0.30957489076241407,-0.3816392270328881,-0.42110820757083856,-0.13972013217030055,0.8080226397871355,0.2135799638231397,-0.00796122770862806,-0.057694696159060754,-0.6681628877019707,-0.2563656458797887,-0.2654302890656761
-0.15501535669741617,0.0849803529529349,0.04079111847330997,-0.16696201987481596,0.019193371453271893,-0.6399883386209728,-0.00015585078163807276,0.3572554940499317,0.17016952268413216,-0.018670461735059783,-0.8180428087691145,0.387886665429652,0.23327432144666682,-0.3426066021933092,-0.40878150797485535,-0.4406056935595555,0.3007471113698057,0.7000389210966929,-0.9622981950496554,0.39557969865325004
-0.03548588593490476,0.0735934417780291,-0.09985067063848363,-0.4264448796734287,0.31432713632787757,-0.014050953814323211,0.13767140446099668,0.09179570097880496,-0.2722553775699481,-0.02927314297276501,0.17256202419414768,-0.08084424705690041,-0.27396400374384755,-0.9413937913127546,-0.5095890695809935,0.41274846507208274,0.8632802099102466,0.07866755212712762,0.010957371645872405,-0.7305612412880351
-0.7044363887682799,0.12152879608041126,0.27801222848596413,0.14826700665617432,-0.03285689957538954,0.18971796435220883,0.1349502364410634,-0.06508771179974822,0.003431410560603268,-0.08741997027486806,-0.6447603764113314,0.5759330284147448,-0.017650347473357364,0.7295230835188666,-0.2134572886314965,-0.9067084755170103,-0.17886855651565736,0.05043694712564428,0.03283276611363539,0.9792931568792893
-0.2423771027027849,-0.04962591469456845,-0.11025790995069512,0.009351473662090298,0.029903343468144716,-0.0236058585677971,-0.19528411824664754,-0.005839274284763912,0.15008662396357514,-0.7648654097094425,0.3019046331996167,-0.7537013858100385,0.39658855844706853,0.649703155409765,0.5769396492609651,0.1481778509043581,-0.18641485219567544,-0.9603981766875014,0.11565882999894916,0.7745297290475477
-0.17678496810698746,-0.11910536840303548,-0.21225301642690592,-0.19516633035980224,-0.23220423320934913,0.07920215568502098,-0.09841291379059713,0.07528634987506833,-0.11883349703643648,0.09444576444911795,-0.9042759557167805,0.36404082395679227,0.4528855859575658,0.8589316903916584,-0.42028482557322966,-0.8837611648923875,-0.682360721136972,0.09786349085729995,-0.5419826952834161,0.0069127637192161195
-0.6753665730697509,-0.31256168022903014,0.06264307640322091,0.2961869174403588,0.008458550558560846,0.05676054411438042,0.016238267457026292,0.21722537666589706,0.015023875590532157,0.05501193653135136,-0.43169130466422323,0.0440632915631074,0.9117503780610563,0.7655155031197542,-0.6698365022422623,-0.2438554610409942,0.18484132814881393,0.4540015139792468,-0.5503323810067382,0.9612218099398431
-0.4061727536537428,0.09611963449729237,0.4480733549532336,-0.05417720987756103,0.1157922544098362,-0.22455728380180712,0.0533979352852092,-0.22270984885328798,0.14763416893759718,-0.18167140933861575,0.2013912879739308,-0.8216644041465861,-0.9640461593289904,-0.4896037618456699,-0.8771663727710457,0.44281134781544873,-0.7973176056596509,0.2721770855204493,-0.8602696085043982,-0.26878486132489243
-0.08871124411881326,0.04345828502104099,0.26543353985124973,-0.17580262247051143,-0.14575575297352883,0.06209338340610526,0.13131281658828073,0.14862534835660934,0.043056368225213706,-0.5244881178223426,-0.25557201442526045,0.7925905480420863,-0.6859529045875887,-0.8320848454402798,0.4503346118242695,-0.6055327956446499,-0.496276034084117,-0.06915416563730425,0.7057415414618118,-0.4062382854514741
0.5123221522406605,-0.4033566882509062,0.5139777649215921,-0.0031140332709611585,-0.00427270001799418,0.13395460073619322,0.09142075187326325,-0.0027560970532281848,0.23606755377654687,-0.047442502726799174,0.056975613794158164,0.5849949819162112,0.7275972818978571,-0.09770308975132158,-0.39322849406103333,-0.09141424489309302,-0.029600316365153256,0.4917592073367465,-0.7208827726034399,0.4303296055964527
-0.19727485868865724,0.011624161951395096,-0.36959258311327564,0.06818185397298315,-0.07850612553830805,0.24107886066096673,0.41912844655767445,0.08588300195023235,0.2287256919527853,-0.19152300594686977,-0.9170198704218244,0.48693826844263555,-0.8811721476189791,0.043541897760114745,-0.3484790251944203,0.5123730969838582,-0.2112089432629618,-0.4939039418833058,0.008558094089154311,-0.8558930031617509
0.30608432980462563,-0.24845863539092478,-0.012682456624488248,-0.2601251724433012,-0.31664998000187927,0.15962681334360374,0.4500778144423767,-0.006364168503074669,0.05000604996897012,0.09592810123135107,0.8729159960192898,0.55398016437634,-0.12481089948959045,0.6413629237282972,0.45124129796881474,-0.029886983185213767,-0.8549929734375352,0.49103691062536425,-0.5593305297673123,-0.996501289218596
0.24327588557011326,-0.029106652035462144,-0.1599166533802065,-0.34533283775822565,-0.467680965043025,-0.13709683540639006,0.046594291679919686,-0.08158278634477978,0.2330249679592401,0.21106796417037316,0.34614413108954456,0.6086788590951548,0.41356568316185394,0.20693506867743006,0.5648568664562339,0.24785383770672964,-0.8334590038265945,-0.8830891002678949,0.4049469377721324,-0.8191525205880488
0.00195977535417282,-0.012362422860335079,-0.25186614666717844,-0.39423590149352955,0.3399364139410623,0.011763010590277095,0.1226177697529407,-0.022257870275079382,-0.016043159699076038,0.5216641342741432,0.9993807137457702,-0.5873912795831913,0.6536152350557278,0.5243521324525275,0.3155563850883747,0.030454345999646026,-0.41223531459174456,-0.5580240143109494,-0.10447122828923083,-0.7446172232262731
-0.09869609725258979,-0.06682055748964445,-0.31327104675906076,-0.02805471120169234,0.16765174860082063,-0.019350552935523357,0.13392920915655543,0.0050590773237038575,0.7070853768480576,0.006558181357848318,-0.5029883382392555,0.4511553450273169,0.022256206778968224,-0.6452939762045755,0.6187097443510543,-0.3521716211373953,0.3330940127838715,0.051912536527757513,0.12617925938243757,-0.7811676508690037
-0.23346615830803658,0.5550618166339675,0.3588441622441254,-0.0028917393072647735,0.17712684861681452,-0.33853806542533393,-0.032507818018951085,0.06963859763086722,0.15383717460930763,-0.2602061858863622,-0.7258435846832894,-0.9658688444602208,-0.7404010137595101,-0.08837818126790609,0.5673534896694421,-0.9727381032074347,-0.2598845123999314,0.7851991766240329,0.5720395622569456,0.9023348864234066
0.004830064485087687,-0.12420743847480975,-0.06608481183470054,0.018652982151682724,-0.6836849792230989,-0.0035003814109762083,0.00349858784597315,0.16697309847504205,0.04156350263672665,0.10939894301876987,-0.8518418291121121,-0.9914448751495948,-0.43135335767079286,-0.2747995284613285,-0.006619871953685852,0.973674800326755,0.7698514282198452,-0.5981467949576991,0.48061657615750986,0.935911207483294
-0.2576803794378485,0.23679374984744023,-0.12334606079705646,0.644467649587246,-0.09352146329825684,0.1333669831809842,-0.03023279838138071,-0.22756557008190692,-0.08402316090292283,-0.17806294115718746,-0.6965454292317659,0.6864729330023085,-0.48005198388397874,0.31284947843012834,0.7568502640851469,-0.4155119648200023,-0.289069124871961,0.06058811863765268,0.5619971601280496,0.9600073137632124
0.2733371389225846,-0.02194527264899307,-0.01566801852288552,0.2705922704936611,-0.2379559307430414,0.023088579485487953,-0.7503420722354183,0.1141983220744468,-0.0625249146988434,0.03405658621079194,-0.4195345106035564,0.9787398291162455,0.09587126246204347,-0.31121472233467906,-0.6490941227581617,-0.33855138293987097,0.7401278901393231,-0.8496198404055184,0.7245505411611786,0.6408251271315677
0.284389821092241,-0.3424701331400566,0.018311376834970028,-0.12431026088936536,0.0009736518472791278,-0.026910071645150108,-0.3360245611150072,0.47344883031839463,0.12699233109709468,-0.2387621048695333,0.17076792116950235,0.32446651752598954,-0.649767324141548,0.25895605259928045,-0.8431974981648944,-0.6539350376653221,-0.763519079203542,0.7108241952056311,0.659551165252988,0.30671484736894405
0.1410761401755256,0.11612362878481375,-0.6461943502177093,0.17851228953577583,0.3261174645927929,0.0028597454979220407,-0.09524260064307728,-0.02380179881577859,0.025654873103381853,-0.2670721158501723,0.08610021834048309,-0.2898651661050151,-0.6026806309110293,-0.6962940545061023,-0.10330522643989726,0.765959684551393,-0.4582842195396273,-0.37986229790815296,-0.8849221774917588,-0.8937455572611586
-0.25280551801681245,-0.5320394024102646,-0.09916133769379554,-0.00941600395935108,-0.26987261757185177,0.15190788564036983,-0.3159952392285778,0.039912529211046495,-0.013850406120555814,0.2554621699949557,0.9645992097984799,0.35564436003054256,0.43557520614415446,-0.1341316719810699,0.16045593006319203,0.8719130414084859,0.9407320636566929,-0.9065816509663362,0.5523628899021931,0.08218938983777968
-0.07353298025896501,-0.22713159253314383,0.04030617566920629,-0.5113075436337384,0.22665348643650515,-0.13522161941420843,0.20142946210979967,-0.11039286040558022,0.43093854633816886,0.16184011583839847,-0.0360088344789804,0.5101827763418092,-0.5264596966009394,0.17006987701059728,0.6454476694236131,-0.26890226412013307,0.14092095937639293,0.35903089004970057,-0.23581941594212918,0.7856552716218732
0.6294164231894969,-0.3014928162617246,0.029084416860769388,0.03199330703718234,-0.06660632335330838,0.052710885924647705,-0.16101381591016872,0.23697423638584134,-0.024434539469253586,-0.023594424576674385,-0.38929860974583574,-0.5364058422675371,-0.2630958788669491,0.4462519309062678,0.8029610088667516,0.43734584319017245,-0.2581640955037585,0.1438522743298598,0.18667332903897083,-0.4038320268087583
0.004015186104314594,0.024946029552476268,0.016861352036339518,-0.04970804092523088,0.23592189033698907,0.10628044151872429,-0.2047152561514184,-0.02968470013563295,0.3272711190082739,0.5788479964758266,-0.7943121177162504,0.5129536457710395,-0.176943410426468,0.6554938681602955,0.07741716180681335,-0.1438928792308274,-0.3806301364113911,0.6066057202216952,-0.4717436138904325,0.41005733233741815
-0.1070089336000071,-0.06721069887483466,-0.5841913140225489,0.07109524500329689,-0.22987399095051012,-0.01212132583812664,0.03560369229104243,-0.03402231728919236,-0.14432868769995713,0.4092328658754707,0.6964252837589355,-0.35263275765313784,0.30910444064743436,0.22618203696229622,0.41704244322749595,0.913648894724735,-0.19653665956665622,0.46401366104816355,0.3024625022032268,-0.4902007080390547
0.003984491603400267,-0.4386689675266463,0.41382627089857604,-0.023677605835632484,-0.31704902624587356,-0.23673343210337838,-0.5016289048229725,0.008583181119551364,0.09807346754120272,-0.03366276633490173,-0.7583946964533266,0.11415169398770408,-0.3330056472597933,0.37702088611864193,0.21481458843277768,0.8330576442158615,0.4262157454008635,0.7116234267315922,-0.06384100683093985,-0.8911921964491483
0.5916376637700544,-0.4387796231602196,0.0654415486537635,-0.3574028383746379,-0.13918301042330183,0.03787214658203943,0.05489730479998978,0.12593915542036233,-0.08385537007152073,-0.012817872996854164,-0.3280232270142647,0.2500622614351242,0.2452467130014615,-0.3843442244212696,0.01933636339455691,-0.846064312762594,-0.3820727308274059,0.8895814453752537,-0.057620320356895904,0.6395849668955411
-0.29995874281803503,0.01985782717711545,-0.25763460792061127,0.08870481918899331,0.0743983531414236,0.5421409886730514,-0.12422320954827137,-0.07924882149568929,-0.49987642980981506,0.05227822156940892,-0.8271694428630838,0.9514394372067474,0.9225404133753674,0.7067268611263826,-0.444727323805147,-0.5046066231410526,-0.8226229254334432,-0.800747797359989,0.5119055861680071,-0.5205233832268943
0.06619845279389483,0.20069280935609252,-0.381506230988024,0.02439095340497836,0.4819794326169816,0.5989676121962711,-0.05976640235302575,-0.003654646229592041,0.24941729933118495,0.02394892397409565,0.6337400529894477,-0.9839387918815581,-0.6328219331876992,-0.9827900975939841,-0.4671105057746623,-0.6116670655339573,-0.5984094085803231,-0.29757832178005983,-0.842473804827004,0.24903531361199294
-0.254031880138855,-0.021215487370048358,0.025222362455434563,-0.011392856416657118,-0.010308421649103009,0.15921318553722777,0.30688171313516927,-0.0026170422839127024,0.6679395648236676,-0.10658262667395223,0.16667739062140496,-0.07686105858408765,-0.447614443118022,-0.08916792136428553,-0.2476523650805813,-0.19642119641005928,0.6811454583073218,0.764622524973271,-0.3718550824001545,-0.8798812704270174
-0.04234729817516818,0.04608842723111041,0.021799177208355575,0.004949556077749391,-0.010305106059396205,-0.0004478106737227372,-0.10650339522867353,0.7578260171995366,-0.04548504102478453,-0.37087290387866534,0.7851794469845526,0.730910782303194,-0.7490921010863192,-0.3715916533637793,0.24145873547593566,0.2138753411113865,0.29581469476296385,0.1413890537307254,0.7734157266277437,0.5427186926513732
0.044736447799952256,0.11316288316996889,-0.05286560735177634,0.1742398012407011,-0.26658614021181004,0.1310494009785117,0.08392003241412965,0.06133704840195506,0.7185350721298465,0.0858284283082095,-0.25178555720928,-0.46931107538408035,-0.5459945213155684,-0.5473591497847943,-0.2832407556282679,-0.03461699887455838,0.05519805679806411,0.3000976967376303,-0.3295806442210685,0.037998653711169394
-0.37187943125705436,-0.02551347219015329,-0.059003897952954465,-0.1512220728493969,0.12637932969626336,0.11404414698786774,-0.23197600358643267,0.2959266277165301,0.20511506417487418,0.15311129365366521,-0.9024379763658719,0.622692908182727,-0.1269578984040003,-0.865996746357838,-0.15130977622746533,0.893101788668206,0.4147273409125727,0.8857087135931048,-0.5897172421088857,0.47567498930894514
0.13974905099605733,-0.12392065519864093,0.3486966055594387,0.13648707435854118,0.4286930547401704,-0.11901704791299557,-0.0656990038115397,0.41004068210742717,-0.1590728361059407,-0.1598367656496369,0.962761623951605,-0.3536250613256353,-0.6987318868749071,-0.42403232990949413,0.7920817947195922,0.06693889096570382,-0.5069414143865538,-0.2965697312137725,-0.46849839014428185,0.8540730711659783
-0.0008750072543563248,0.1459968150750115,0.08554845368345368,0.061346927663208484,-0.054431388136263026,0.21696012945743107,-0.11799213095477154,0.06874183102754014,0.12824207202524412,-0.5366742991715883,0.048855467325450874,-0.3417041723183962,0.7164984742167921,-0.9552927085888641,0.7356847835605855,0.7614725564253482,-0.572566167796291,0.551971107159078,-0.1308478890819189,0.9279809389077813
0.27955153769973984,-0.3155472071864438,0.11501942785311825,0.0958152228682202,0.17588696494347855,0.008491465123562941,-0.03196870420962925,0.45620916132637607,-0.252117290631839,0.0515226646537115,0.6970829975199493,0.19101080685318594,0.08292950293223145,0.6143756414206647,0.30911222481924105,-0.9436624644269871,-0.005077836340059205,-0.6154848980248495,0.7963643491724832,0.2860575432604169
0.2963727204482738,0.046552739339395105,-0.004147346252751649,-0.647897995558053,-0.24326694066178495,0.04058546350364308,0.05153546666439291,0.1567025695494414,0.14666134867991576,0.24718505874422364,0.8556179506198727,0.7634509817949113,0.15037956880202286,0.3325700672841694,-0.552819588338741,-0.9640024124142439,-0.7283783958201611,0.2718541792324567,0.999005367815599,0.9046617073248084
-0.05473201056698318,0.12323275967909197,0.2959428974122166,-0.022843346626826577,0.07805782494250746,0.2458169400971818,0.1766197106143652,-0.022187666523992233,0.22791257548197924,0.2298655823447575,0.3948138572234925,0.36093066331430945,0.5448468724774576,0.8859391185498287,-0.2926776144371497,0.9567607330905052,0.7279303479367247,0.8962723014887632,-0.3773643017969788,0.11781491667917798
-0.3661168153578222,-0.10095574697432319,-0.013593240546378879,0.045387998993238754,0.16670200543491323,0.06387970517840988,-0.04230689567355134,0.5383044257859037,-0.04253298393416144,0.03975997773049877,-0.02672649003994576,-0.6197502612286074,0.5982657924771246,-0.6789001874923855,-0.40499374986974845,-0.6763527563202996,0.6047688303730259,-0.36336013884433793,-0.3906048697793041,0.3516781865436025
0.07597665713837143,0.2268765339803308,-0.1157216965698354,0.01931235642773247,-0.05569827500690003,-0.0361906199601663,0.694875904886518,-0.028938236151547777,-0.3439670432253009,-0.007269022702058953,-0.5316433421824907,0.9066734323087824,-0.23205684840276297,-0.5040049425582624,-0.22355039496190843,0.9518874866293034,-0.4559558683866376,-0.2764608965737114,0.18829893949260335,0.691293256557068
-0.045273914100029844,-0.23921688405249913,-0.03459876688801111,0.02265706133613245,0.08711705653852567,0.0292852444067484,-0.028007504742438395,0.7112192870941112,0.02804612482100722,-0.4526733477243361,0.9862010365091749,0.49651242939012197,-0.41414968020588305,-0.38092671053101634,-0.04354817016212209,-0.14268598615428751,-0.3190893393785599,0.13649482179406314,0.4765534391378732,0.5421991641921247
-0.07423151583817655,-0.051121561043405934,-0.12442501998983585,-0.10167447785564443,-0.3081802744644657,-0.09954658883278644,-0.21044471358887637,0.23031317219070857,0.08484961448059258,-0.21039996416992407,0.016598359945263264,0.08341738158698075,0.7225965362436642,0.09404441766697769,-0.20511552297442615,0.692173026331873,-0.44419869126873457,-0.12984970814696228,-0.9082124890670755,-0.19201303116988844
-0.006311919712161992,-0.004938459515087963,0.05245569460442529,0.0013143944701077461,0.376447201637476,0.0284319498889917,0.7626824798583932,-0.029869320204440292,0.0043822921788148235,-0.08621025029979466,0.4549785099606667,0.8191393792084909,0.1465851192780292,0.5360164533436287,0.9626611707025792,0.24704551415129128,-0.5092044431913694,-0.38550497561276864,-0.7632431034318665,-0.6900286760868555
-0.3355940998823266,0.14178752770629677,-0.052002140919145304,0.6579657712464263,-0.10607189311179638,-0.19227148295877516,-0.059667283471200205,-0.0002650352740443396,0.20631430663628147,-0.11304025696660733,0.9203455072303535,0.046114732750715204,0.6717437571640579,-0.7395478622664007,0.4436455488181299,-0.730689036341827,0.662406255065229,-0.7234562102501061,-0.45430830206295636,-0.1482860998541402
0.13070749421531724,0.11164759872224418,-0.27320047411018294,-0.20691563088316414,0.029471226556760485,-0.020363535677019082,-0.35684988298159764,0.0725859688654012,0.06824232936464159,-0.038572169370758476,-0.2253286484821726,-0.19642214003588077,-0.994271946608628,-0.70936679475881,0.25052328601741936,0.8109465123461252,-0.4415872086233077,-0.19766258073647824,-0.47764275828610137,-0.9762766140235131
-0.055796524478684245,-0.2476789337518166,0.035592077576458214,-0.2689673070888594,-0.2019386153721861,-0.020101493265057557,0.4009233596130025,0.036150598156563296,0.04041930079644468,0.43023757805671947,0.9640452846082948,0.8360122644834589,-0.6456477220327976,-0.5314021129815225,-0.46910168883416126,-0.32863972676617337,-0.3119383618286886,0.7789096211379642,-0.654602848509936,-0.49303736830059663
-0.021119866178039973,0.061528087588987423,0.006621882284482766,0.5488459556583283,-0.23160240479410366,-0.07356688755955898,0.036464403727356084,0.2672493232297062,-0.5196156842458024,0.09773861698197034,0.31236128512777617,-0.8009262104970301,-0.5078519338824721,-0.5008228544815692,0.10189588275680572,0.09381289436789442,0.46956729982695267,-0.28763908159669405,0.9786216858295615,0.3563124656671812
0.011928122032505734,0.02278005449133913,-0.2740699174740928,-0.03720539316817093,-0.020769537678964445,0.8044468835597407,0.03400707031116782,0.07228411850061044,0.01180989659300384,0.2752584973387735,-0.3325739289378449,-0.24242073339798997,-0.7426794316791774,-0.591382021686139,0.7911821494498017,-0.4179065779446358,0.9463827531158149,0.19028033643830988,0.020189267518223142,-0.5754985944065341
-0.2151714588486853,-0.02560269874007204,-0.06572505547409649,0.5099909197228851,-0.17291002415939138,0.09779204748055725,-0.01269482748077208,-0.03876024454891136,0.40291968320119753,0.06535926074126042,0.06966086442948116,-0.7457756946930509,-0.5767970526153754,0.3852040800555607,-0.15302262475484385,-0.2654518900358529,0.9403033008762085,-0.5183842083091623,0.29536905652035905,0.48990954684021637
-0.2983790939140898,0.7627871610317235,0.1323686775731392,0.018626601884116703,0.056695379944498914,0.036751951312469486,-0.01342170376789023,-0.10263811994510288,0.1336511925128528,-0.013171299687418023,0.8569051664372687,0.669765091391886,-0.7229674432760833,0.4309149916829831,-0.9425032684485137,0.7355259436350639,-0.7461573114141846,-0.06241219158487166,0.388874114353178,-0.3061801917139644
-0.001468083819306562,0.33781757282250235,-0.1049315546217392,-0.5338903401151059,0.016032423958423168,0.0015698292169989587,-0.5407250625983833,-0.09134838039246546,-0.03656472128773623,0.011773659759880248,0.009725353178573037,0.6216788340885131,0.8997720571688759,0.23313500910013696,-0.8981822747255941,0.957981085467061,0.5645443867100486,0.7206625143405554,-0.40330263006280287,-0.6207648905868484
-0.040767523655489524,-0.010726250290891026,-0.26886216216684133,-0.1592588597858093,0.1629584583812808,0.21503221082956547,0.24192731960935948,0.291848972974158,0.07714465049092145,0.5266206749617007,0.12990240528594277,-0.0538883223812765,0.7078746230674495,-0.34784712405571216,0.6706980782392633,-0.14340658535219508,0.03523302174012399,-0.3757830039992047,0.8025999939927719,-0.9377563418986297
-0.13330056439964477,-0.16482024657049063,0.09821788489933331,0.4913363397913453,0.09033069282139139,0.1918189832787599,0.1815804572771501,0.007515566812392627,-0.1865962824278175,-0.21627119069785422,-0.03021326747874986,0.8268611882791106,0.04632193003101581,-0.9449808505534731,0.5602378631773504,-0.9305790614792775,0.44666425095796547,-0.877034280151096,-0.6541316303368863,-0.6724802679236672
-0.05016045262416803,-0.013096567519960162,0.061601813287551876,0.030784952554889007,0.13402810946991467,-0.4617938196738718,-0.13071461083626829,-0.259206640271185,-0.5549763749433387,-0.17670110384903426,-0.44399300567985245,0.5965500381082474,0.18464200824257504,-0.3978688222656095,-0.3474354934683641,0.5538583379613182,-0.47353321969368567,0.06683996267394687,-0.23432049092777385,-0.9540620640557431
-0.5889004757630487,0.02215866937866956,0.06979728375160879,-0.09511041550145183,0.14816485614490152,0.07312237813681056,-0.4195932239605603,-0.010074362688717087,0.0017454788348178207,0.007537907894237188,0.021739899643877347,-0.6475947964079627,-0.010102748594675193,-0.9010350302491208,-0.23275618527995423,0.5604176010524515,0.7771867354039932,0.9753105365210821,-0.28664784714630276,-0.01671064740369843
-0.5452904676876412,-0.11497273169341382,0.35146159822189693,0.18605291564644733,0.10716433820590587,0.07487329362474693,6.572649091701743e-05,-0.2300104944115705,0.13765380170076935,-0.4112928450465931,0.4752869652790124,0.10753207326436853,0.1232223022929484,0.5737969054328516,-0.9930938477066524,0.24848075376282397,0.49207569090059433,-0.14161471439389373,-0.6183586865617825,0.3304610857620338
0.07766942404393859,0.025449108281259368,0.1149341622280887,0.06739630841815639,-0.009035643231822686,-0.5675680008114989,0.3272378598197834,0.3012036522478442,-0.032877057027591305,-0.016755881421812703,0.9855194536005041,0.8943009677482106,0.1537488903632478,0.3295208746576086,-0.7488130688384744,-0.07689943718007197,0.22902852967428533,0.3461245857140369,-0.07775074387617265,-0.5929637414725506
-0.00036345982529705943,0.0069401480600167235,-0.11468399544884701,-0.262167680102692,0.03367738987197921,0.01942883094074809,-0.44499778232244014,0.17303709986620502,0.1941784430944847,0.0025852191909797213,0.1389762393110725,0.19362448260516474,0.5675910345848452,0.19633297542014794,0.8222069240244103,-0.87129551041167,0.11615699399170665,-0.32295115583653744,0.5334109310795698,-0.2342165836284995
-0.05013331747926453,0.24232577527504442,-0.015521533679401074,0.41857631321679795,0.4882744114052443,0.04733192795044003,0.24872404959289784,-0.014433580615718,-0.09180487425979111,-0.36913284243207645,-0.9336652870858926,-0.2005826998083442,0.9256766856889485,0.5699449282194418,0.09642407097794914,0.11863402062428086,-0.2787210953317856,-0.2636689697116328,0.0838452471624982,0.27068677524914975
0.1845698377458442,-0.24620015869358786,-0.06124586873709145,-0.08033969661228633,-0.25843327453239456,-0.017737769671604772,0.04684350489758994,0.6549158070450299,0.03828169651366908,-0.011433970856482414,0.06806257385987857,0.13996630063222582,0.1272076585691222,-0.9388370248528457,0.4899598246164776,0.9808048075977538,-0.17837216840168657,0.6374961091276294,0.32673087710839366,-0.2930502573550633
0.08948535347339065,-0.0751135491534527,0.06819758887581717,-0.31398275935028896,-0.10344885339515897,-0.018350411922672186,0.38571024986019753,0.17676131001051684,-0.14881652020796932,-0.1907767151642199,0.5124130016384711,0.6411334986933948,-0.8037209422511833,-0.5098616301547239,-0.5582907786689963,-0.7139357061350788,0.44383503396528656,0.7977968860797431,0.17482262723576736,0.1293961830409993
0.051859967878063684,0.07842481837128096,0.15473582896363564,-0.04129230029902886,0.3589423321033055,-0.3788392030650768,-0.15539960820693569,0.16094187120967868,0.11600865145288453,0.05299400020339701,0.7751293457111692,0.004167941661311625,-0.08193793994137288,-0.8478187771148249,0.16663401204242834,0.5953655424726723,-0.5615333544496928,-0.15974973695642447,-0.3745034737004844,0.43415990519106007
-0.01693834734021568,0.30062508203556526,-0.047323817982111605,0.34432832746350933,-0.09854265369807133,0.4565694658930164,0.08465286312363854,-0.0650150894507677,-0.10637382422071584,0.02175124214476079,0.05007008301403615,0.5624281281328627,-0.978817122988612,0.07756462337626369,0.40135553979159044,-0.4146834868105773,0.22500969191824582,-0.8950536034644467,0.13412669232169128,-0.06490428073947574
0.08482616096979506,0.04822587917762425,0.0799192111330092,-0.3875229312936938,-0.040563130234923084,0.6354667199382564,-0.18296229160554495,0.03576394912407725,-0.04704421546464211,0.21483844834639287,0.48160381480295356,0.4185803239914503,-0.6447505846065609,-0.8256254900699189,-0.8540068745084477,0.8337428607331792,0.442274784273361,-0.39074382720062917,-0.7006835438658576,-0.6799234232601157
-0.006291524192950532,0.06535308318015838,0.5121817401772041,-0.1887524663996815,0.04250010271067404,0.050403608469886535,-0.14714700287582644,-0.09134375840221542,0.1517019049471559,0.6081581641701248,0.7617387514819316,-0.0022641911852834262,0.5109828181839784,0.7707387242945569,0.9137175086160061,-0.5950647201296637,-0.6154957983878737,0.6592434056789056,-0.34337276211313594,0.06170249820477758
-0.16946864318627874,-0.1684588080028635,-0.03880070590371107,-0.176063251750041,-0.1270121331756106,-0.6047469937175266,-0.01450532637903229,0.3739076952951551,0.04366411451347128,0.09874510774913636,-0.915680292761484,-0.25235097841013476,0.06473535677671527,-0.9556959689184121,-0.14641900230387872,-0.0340229119713793,0.7494502928674285,-0.18154483739552507,0.08613259961694353,0.3504072159568856
-0.07635980704420625,-0.45272595308726055,-0.04749051630625034,-0.1181876956122433,0.011073740520558428,0.01223119459255595,0.08256632574809636,0.4002990414213775,-0.5267639417894328,0.08083288537343536,0.8662523160768154,-0.6597504753587293,-0.8847929993929138,0.6406375152748034,0.756048492405397,0.32611042710965266,-0.9443998752208436,-0.03620581392303768,-0.835845793296498,-0.5990668442331075
0.03786920879258393,-0.013508897380400453,0.09806809670700772,0.3209103956870247,-0.1108073028390445,0.5519205114782421,-0.4000812688820666,-0.050195913414529225,-0.19448144938088896,0.013644765577195073,0.8748749084759422,-0.05143443110146828,0.9046771901933341,0.4407933837549869,0.9544460414180724,-0.24147235321174976,-0.71489538759407,0.6179439894915655,0.8704790678914067,-0.6858578355735514
0.029874381737653374,0.24231228349103695,-0.35927777914993353,-0.14144016951594834,-0.21530704810248139,0.4975675723406219,0.4648177524858539,-0.16649029854564856,0.09847163689535911,-0.3169411027201082,0.4732470191418052,0.3140164436203272,-0.010737788486134825,0.8375177211437896,-0.12203225828065634,0.9302978243155948,-0.22611045810608377,0.7896225394778567,0.8441966097003366,-0.5002403861871645
-0.14284010840804612,-0.10274626780180313,-0.052586105599822575,-0.14926094720651437,-0.21477226797751786,0.10125405015567507,-0.053198023253051396,-0.09551499244665351,-0.10086239039011231,-0.02169092050974525,-0.8876703763394369,-0.9483276095082118,-0.36069470287588934,0.8046174063161633,-0.5473082898377937,-0.2666991056422734,0.3195420924633152,0.9632252935677514,0.9967823979163764,0.2539816278778093
0.026536243164419784,-0.017271683586911453,0.012144475711585976,-0.26975602774746155,0.18075270934821175,-0.023928635211169166,-3.5767975210598824e-05,0.6447513622490333,-0.004942220702541432,-0.24942645134406632,-0.9427460111820831,-0.959011660122985,-0.9803151703943829,0.7937409969640989,0.540302635401664,0.69483843592052,-0.017495907247032427,-0.2884863065650316,-0.17937546251154357,-0.7532862814754724
0.7307579300815801,-0.07902983953500604,-0.24196549419327884,0.07571312826610577,0.1269579703975595,0.016541906455553444,0.006392086667558179,0.06938649930091599,0.018105976372187332,0.00906483510917782,-0.04886413531561695,0.10419852631339177,0.47805305841442736,-0.41711837125503815,-0.6702647412090306,0.061153469607515554,0.7106603883345084,-0.5739457880670402,0.8836781657462238,-0.11462052058310324
-0.2214160984004456,-0.11625203460080674,-0.24186425197341377,0.3852453534897403,0.15384270056855615,-0.37506352467584053,-0.12041117920423416,-0.06727003755755535,0.319798031856829,0.14566952738957828,-0.6311242791215355,-0.7464794875807033,0.8799328965433908,-0.2661295425818937,0.025142523174094933,-0.02550257828351543,0.3298097481664821,-0.23386520175709347,-0.7784846621685788,-0.5702103261999145
0.1868617577197916,0.4015842344275454,-0.03619252392304626,0.0034620519588711707,0.05100938880888867,-0.5888425000232687,-0.03519432422187653,0.004729347896912806,-0.012633859799650898,-0.012089699626920788,-0.002533044994125433,0.4518147540846287,0.825810315526651,-0.7762880337185243,0.031774421087757077,-0.4380985777748003,0.904108443778368,0.7871079727650785,-0.9833932510876828,0.8608105701005431
-0.0934349140187366,-0.05229645806396627,0.29632474695089167,0.0272636585100709,-0.5567875471939431,-0.20931254182606357,-0.047943236596506705,0.1425169254561322,-0.017149475182116458,0.2720234626903136,0.10902407667260139,-0.8592314714597242,-0.6420102831720886,0.31983061473846197,-0.38583848745205906,0.6028153473294018,0.4025337994841236,0.675613760233275,-0.6655694112958903,-0.8883143328011633
-0.0925453446747114,0.43876387325767585,0.32621359465518773,0.10452209207999341,-0.016773335627714724,-0.07028255289202034,-0.04346998128657911,0.2207334745970601,0.19357674189422003,-0.05568687761589727,-0.16877326953054994,0.5784895927432656,-0.8994065452315039,0.9042126142598184,0.7183454550198578,0.7322841597479632,-0.31589171457513077,-0.5511923731924451,-0.5373907971949534,0.1556518542501104
0.0843257585494123,-0.24413708273845613,0.4420568467352862,-0.23157934301319544,-0.15606105959806288,-0.25012473330912005,-0.2864978965464168,0.05354174341540062,-0.0916689161646096,-0.026773833103804073,-0.03025811686218538,-0.5073649248468997,-0.6235123933393598,0.3748540676596783,-0.4144207958940611,0.7322966165071789,0.7995159527578781,0.23612282691302622,0.5237218150453964,0.3080107001454855
-0.05092911116052813,0.043631706780247984,-0.7143809674868966,-0.002793437766385099,0.006145335586765499,0.13326676368750745,-0.029200392247687,0.2605417444845334,0.060334250048527584,-0.15417971696639282,-0.8582518494236646,-0.2930659395635349,0.38354352545799175,0.3484071569712941,-0.8079465405659327,0.93255508020137,0.6362322322786884,0.9697105181123793,0.353559012232064,-0.7500942855099808
-0.03842304351707677,-0.13345383828431284,0.6061753405714538,0.012566554535956695,0.0038845628963495096,0.0037223842454577327,0.00024315828201706968,0.18710618483214178,-0.36970844794202257,-0.0025632575121155438,-0.33182254693837243,0.5581864166360997,0.4827553810440042,0.5353272830267757,-0.21892737998867062,-0.3575946931647187,-0.8728416307256277,-0.08062808984713477,-0.1765411325747026,-0.7339562397134878
-0.12749975977969136,0.12128347136863488,-0.50364115609526,-0.1137231173964709,-0.29673019017023033,0.3790087731801397,-0.22669528505586334,0.2445986226208745,0.030004356572638835,-0.2299233447090892,0.9536655298408525,-0.9727341136288485,0.47701969893411866,0.41198146221109777,0.654061860043587,-0.5662058916706629,0.4542689884212503,-0.5384836283277261,0.6534857585970064,0.3064567889148788
0.21075855957986356,0.3794225692216924,0.02232475410368029,0.20201285714181405,-0.09454238015688629,-0.384786255370028,-0.1358478175366058,-0.01675179928998083,-0.3060791416451651,0.2149441641340501,-0.2763775579153518,0.7242350203456305,0.14476766819163767,-0.6666829127350391,0.2934837833452699,-0.34421989975082967,-0.5551339284455681,-0.35718694242691895,-0.0024229966567597128,0.4108922673499926
0.154901167574441,0.06740676797553245,0.279954975446589,-0.3713708197303474,0.030359363985214254,-0.2940050198104348,0.21352409596562194,-0.3621850895400757,0.10639022045500265,0.027955248939368835,-0.9725801643303986,-0.3879290672511291,-0.8012112764638777,0.5166418259878209,-0.9231896280665111,0.6203590526554328,-0.36983306001690375,0.3935524083867936,-0.8262855457886209,-0.4605686105448652
0.09428569210352458,0.05978115952326343,0.6576019510919163,0.028374247650202578,-0.0077291466075397885,-0.19026760635199258,-0.03293719600764573,0.2588010837546702,-0.018271689080706477,-0.2543794860634828,0.1683376304331543,0.9339207058484262,0.6437379667441185,0.5559124410337639,0.37816640074821484,-0.33631108855993674,0.2900331206587883,-0.8822586269987915,0.0625762150062783,-0.7035874528979544
-0.08709906046950508,-0.04431684153638571,0.13590823766459847,0.323509348297776,-0.3221063340036904,-0.10862204906259237,0.01818082681384295,0.3174700605636895,0.3481065076463095,0.12271916835296848,0.3507665756903591,-0.7873989456746522,0.01308387387094223,0.2908636674846563,-0.6574657144100859,-0.741162491792652,0.39327118732509114,-0.04304475325783974,0.5420722491719734,-0.14004486002057703
-0.04325206332264928,-0.03126915894477781,0.502001418994573,-0.18246917348624073,0.0048446131116372335,-0.0007277154930683122,0.141837941162724,0.1569742324636596,0.2511228222973253,0.013966400766561814,-0.268754851941565,0.2266797260484752,0.08581337436804048,0.5734616867548155,-0.08070881721047218,-0.7306351176942325,-0.3491259656404866,-0.5064601052615103,0.631743245099275,-0.266632913478162
0.040877436645368775,-0.384542428063794,-0.43127883295707004,0.10735347451910254,-0.1315830997727045,0.543654842461616,-0.005064854656498849,-0.030542101000901795,0.08103513303376625,0.09581726970746651,0.12358786913928776,-0.08422469502040952,-0.7862964118569622,0.6059204863295966,-0.12884373885900957,0.22565736940302394,0.08495624686500602,0.3684118745650995,0.4398893843124527,0.7974604406814914
-0.32260063537943967,-0.0642415390233313,-0.1259888775176179,0.07612392137983592,0.08241261446051618,-0.2773188534134466,-0.04965240629290102,0.2900443931523429,0.3587652935243515,0.15979143584084676,-0.7539202104436373,-0.053614266464325766,-0.6425411146230648,-0.9416911785126705,0.554851429800963,-0.4276344220591808,0.3694704186999971,-0.22902595913211532,0.07021239576533245,-0.22057126522970427
0.018675643249457134,0.6126624179616751,0.01671563638643833,0.019656092515199203,-0.2094619080730349,0.08802508701354292,0.05815787771320134,0.06072278842826005,0.09905718952067288,-0.07774586500622455,-0.6336831089992252,0.4672270050848977,-0.34898900634091645,0.8077839419573447,0.1866354184003738,-0.8464066457500818,-0.7112635998108134,-0.9248082834156757,0.11670242135365405,-0.24817323007897163
0.08594118650572641,-0.013964868387598917,0.12218481331897779,0.4224487542503186,-0.22454987752507416,-0.12042166113696448,0.029698405294111663,-0.22466795370028458,-0.15740067140414932,-0.19871376631510768,-0.982759786813671,0.7307174753720271,-0.470417081583665,-0.75625336411051,0.6959764318031636,0.5344281879989405,0.6882499893904466,0.8271637009229711,-0.9455939376742697,-0.42773093673586593
0.2221625878948446,0.06842946824284381,0.3355747056372549,0.15530826759382987,0.05912387033724879,0.026465050772894794,0.33297513100948584,-0.03349113712599294,0.42745716383387916,-0.08409335378870006,-0.09818945986255168,0.22436280011662801,-0.42980756632704575,0.7884124282641995,0.5813231344458669,-0.8997310122546107,0.8864846130392496,-0.05290250396721108,0.18265079329636613,-0.9587905975887769
0.18643330533470004,0.01686107565393974,0.07669941357814702,0.7418561389321107,0.06271231053446077,0.1809683810011219,0.03426228791285463,-0.04365463282113038,0.07399461715632323,-0.063518307304501,0.24321493259565563,-0.7666220227862575,-0.26042573073283015,0.6029975486049859,0.32439388467708863,0.256272723404257,0.7496925224157605,-0.21277274280522884,0.4158187076580766,-0.5066095049184975
-0.7360247991814712,-0.24896397637602619,-0.008386390744503524,0.023562466137840857,-0.047710061453319894,0.028747519869819493,-0.07744476182781489,0.23924788555764817,0.018693610050956627,0.027302523399450634,-0.9354359767399634,-0.762833347256868,0.5760089989011838,0.07892051704206038,-0.09432394555277979,-0.9984158070594022,-0.5423434782736636,0.8462016774170995,0.23416359309333679,0.7479288719474633
-0.0634866690577221,0.04008410060071459,0.12980202531845783,0.23755713808477302,-0.00897107726337626,0.033974080957035135,-0.12052233966975748,0.20513293142639222,0.2777955660639291,0.39483431942073444,-0.44624818335165695,-0.5737694744308419,-0.9464201491748465,0.4084726015924871,-0.80409795375964,-0.6751581430025808,-0.05597022622214043,-0.5674228531521404,0.562377416414829,-0.8358172576040857
-0.32712546827801386,-0.2015130694480648,-0.41662118084672983,-0.04047865702250094,0.17239099338902902,0.5332846970612004,0.20877626870057064,-0.03510841129133867,0.05141687768909187,0.08281616117527013,0.8634347197658072,0.8735075890096908,0.5744659495582471,-0.9582175413741714,-0.7504113204889127,0.7597165366325902,0.4349775273082117,-0.9540836956565972,-0.6865799986983616,-0.6691354361011397
0.21375339354462164,0.19642589377218622,0.2678280721782982,-0.0444180505576976,0.03487076313908613,0.28010342895474977,0.2947155371841047,-0.05496047283982794,0.17118242264341912,0.34704059703276613,0.6392960981938602,0.0008377472505640693,-0.6655009692462368,-0.5337830079935724,-0.10216405884544533,0.5338569477678838,-0.7711934280373294,0.5058743279665878,-0.39763149716773016,0.8067059146439532
0.05577658712388019,-0.1916507707952942,0.13123586030074227,0.06263446681460588,-0.8423215675294867,0.20648317703755814,-0.016129136592244967,0.07917009750452247,-0.03389445962050754,0.07797305232959804,0.239258299331766,0.7215277761943357,0.2583437764689691,-0.1726205575219848,0.0012839757057632184,0.5422325673278929,-0.7266201553991047,0.8334578005792985,-0.8805151395874036,0.9438536318491317
0.3420398758293245,-0.5774388756464179,-0.08327175758084107,-0.013232895769756968,-0.4696167730138897,-0.02312496146934985,0.4406033242061541,0.07883308949714656,-0.027184463654962687,-0.042527496934738576,0.17661090164046556,-0.4090345201570693,0.1931083937304212,-0.0861031925690039,-0.038413780918791884,0.007865979577846849,0.6198798037194779,0.8953765513899514,-0.4367368381901473,0.63898547899536
-0.33492759060677796,-0.036966288134606035,0.00910915546174336,-0.005219023796960751,0.349349103425505,0.00048549308443457916,0.25800453218760816,0.6408914731836524,-0.21502561563430342,0.02807721781436974,0.5195505873341502,0.4953219116288472,0.6553048287774879,0.2893200756857366,-0.6524319671144727,-0.4905225779179314,0.8926673071578437,-0.7574713775799728,0.2305018297955983,0.6528839876216546
-0.27155834839669474,-0.003750804469182689,-0.07379927506965933,-0.002703710440267757,-0.21924468461968127,0.05797509395551767,-0.6251907113807617,0.39091898769732536,-0.21632119912418704,-0.01214214013111755,-0.3281444942459535,0.22426823704733323,0.5162916362599659,-0.5633693402634032,0.9935675964364155,-0.6637183296460021,-0.5028837928134537,-0.507398523484357,-0.6174492006197481,-0.32988206363860884
-0.15661026290993202,0.1402552724596528,0.2611803152443726,-0.0937713080088141,0.08481971523838701,0.04576631460419039,-0.6017885032906979,0.13836717044173852,0.21574407366290466,0.2308192795499288,0.11109542968608999,0.9704480004890219,-0.4130227317769932,-0.23079329805561444,-0.7387519188956664,0.7387426273668856,0.2604082456485133,-0.8487201425936546,-0.4884529062059375,0.07963397684543749
-0.06170396030553378,-0.16257593122165837,-0.05021980270235503,0.7062634598252926,-0.07450574482278785,0.025916001982162234,0.0260364417372616,0.1797547002403509,-0.014958495901515538,0.04757271373563409,-0.6163747410255196,-0.37594708342504335,-0.9266833967954717,0.1792894845016031,-0.44943281563320925,0.5053094615949902,0.7436121861351845,-0.46553504418598557,0.6631264295939232,-0.8768691958382913
-0.20573469927024038,0.03892585555530348,0.06220747790469,-0.05833278100816111,0.14764854942239125,-0.010900272769124102,0.056274435154110736,-0.23160613995657095,0.4834562159898098,-0.08709294776978194,-0.37759315104041713,0.9158242516851216,0.4476289142183201,-0.30338908190925906,0.37780622315452694,0.2348581433998509,-0.47184612879665977,-0.13513745246187692,0.6810841906585423,-0.568688757505809
-0.04293065104337527,0.03781664381581114,0.006769212422678516,0.0007309039396861386,-0.19203092255305393,-0.018491500749033742,-0.09427760469723315,-0.750746179806574,-0.11195463827850172,-0.18339889697080602,-0.09635251102962128,0.6217761137382876,0.6461736901637962,-0.9101036168688255,-0.11280225583297598,-0.695719357226952,0.5860213956363762,0.7342470270278676,0.5192212706925134,-0.2259739836570256
-0.010518003859582539,-0.051184534978635995,-0.1641300275502392,0.08142591710841005,0.11829919227205543,0.05372208134773143,0.12123885371587129,0.08548426319541223,-0.03153907467698411,-0.7767923433302143,0.7905444814686122,0.2752298317401134,0.4525321046386863,0.9908211485232847,-0.08916502468449528,0.2611125737160336,-0.9283332408156333,0.39675799888159147,0.7149189126039137,0.44917617670570764
0.013021070002862359,0.6225192472440672,0.12794597707673294,-0.04060969832307087,0.23730715752043496,0.0752026414137158,-0.018459098506550427,0.05340272252816707,0.017486997857954545,-0.4089829362376143,0.38005493453496,-0.08565880186259078,-0.15231934461619634,-0.7408082411789338,0.8267792883436225,0.7014288387603023,-0.18228818197356866,0.3936240960772206,0.3132852976569409,-0.18577486647678754
0.05608990607753715,-0.12233254955953492,-0.463416578651876,-0.040500320447269825,0.057194275426691435,0.11002690699700132,0.6210559478079443,0.10608308143816708,0.12341075450676559,0.07475354949735435,0.2666356141874866,0.08149602289319224,0.4666171392445042,-0.5075097398344812,-0.18531869659940448,0.91825187763717,0.5491697850758881,-0.8788903956938583,-0.011847869941274736,-0.916585797443517
-0.29468684259054795,-0.003083906679881815,0.09173762785681333,0.0017082420963018853,0.035739977661650824,-0.10427701846287768,0.31661703598581764,0.38483310305487184,0.3109231049040617,-0.28208591938198974,-0.10677457423360348,-0.2764464153358239,-0.8237086217020861,0.59459328721793,0.2337501396081032,-0.44371311895023235,-0.32946110134179074,0.08116461476296744,0.8710604658772183,-0.6652215016919183
-0.7893018138916612,0.12792279271553267,0.2411885418383064,-0.016280949134090453,0.03007331567595306,-0.011384218903812277,-0.09077727311152303,-0.09055129853890298,0.016569565916330985,-0.08152466436211234,-0.4532548181177223,0.08552362468089658,0.8538079122428979,-0.5174703111755641,0.2896830095412548,-0.5588595584918299,0.9859166645671613,0.41173531408434694,0.4158633368333837,0.7876222870042566
-0.08121666873667255,0.12203373667159484,-0.08813361283225665,-0.5958289803018587,-0.028207944849875592,-0.3873730965703537,-0.007084708998860739,-0.009898192775937533,0.051504305448843934,0.09870040061991303,0.7484236285083872,-0.9045571402195149,-0.2662581351201472,-0.9488908588701164,-0.010303046994745602,0.5575679486339178,-0.7584767466578146,0.8837496967046143,0.4544937411984973,0.36412855899133745
-0.1279853230596653,0.13787558994033466,0.19384366047889473,-0.06680263891336286,-0.1316909395633129,0.12381306083115501,-0.28648341405791605,-0.6489164273432975,-0.018474677656545535,-0.013474224598344797,-0.026786433733757553,-0.7847556760014163,0.12672017779425349,0.29840428790626117,0.2768740009761881,-0.35914414126592376,-0.19210944614780434,-0.14192980096206842,-0.9715272909709738,-0.47985451001728574
0.6259468165818242,0.05127743141467167,-0.10791014612551507,0.308716331743459,-0.031060277735055986,-0.20077278023270134,-0.1440103784434386,0.07995004078318572,-0.09550210605782705,-0.4289430091795631,-0.5979945062273841,-0.7482445940827789,-0.9064482953978101,-0.34646653116109305,-0.5565065331990338,-0.3859125962000822,-0.5662865835582538,-0.5345709076624987,-0.9261393487461005,-0.8459597629247138
-0.08540255030089708,0.09408918378410513,-0.013197202428687174,-0.007569322177884169,0.07565403017002466,-0.473842831640928,-0.2578318526210163,0.472796185362788,-0.13680124535225396,-0.07376949263089429,0.3656749969368247,-0.11149617276760826,0.8576902062198781,-0.3674059805661023,0.9024116421092951,0.2455567229286011,-0.5111682358372287,0.43995512242450197,0.740234161065217,0.5944545705617863
-0.031913748236996484,-0.17704352863063444,0.0419040197235769,0.05536506552379225,0.18479071264810598,0.09359089442256299,0.5236727646538663,-0.0020977594643484115,0.459249115617301,0.4258574756888598,0.006772689957809108,-0.16761750118334695,0.45056014332320626,0.9411469223138089,0.4494711303103309,0.017014510969330265,0.017049285246903523,-0.9888014839268762,0.9456852004194247,0.30398073284852223
-0.0445870641760209,0.30396356538804825,-0.015205086506523996,0.07835885609762927,0.12757294139216643,0.015786075962286178,-0.13002031078871817,0.009842786300520712,0.1387061738640272,-0.7811133376499636,-0.3591738025708364,-0.4225791470909612,-0.35133427656927263,-0.9678227473481753,-0.8960251368349559,0.6632458764877036,-0.3595904695608938,0.16859044606273188,-0.6132918838992119,-0.30752899925683685
0.0071693736261677354,-0.14394693496521468,0.02887524642561544,0.15454716738909582,0.07288255142461086,-0.5804015275863056,-0.053369024691343,0.2225465573350459,0.35988816456456896,-0.14407951583392586,-0.05350960395655102,0.2085926113719716,-0.7422596532219097,-0.20039012490027663,0.7837624792737816,0.6144188919582965,0.5179418214991662,0.6943653696393104,0.4719659372364966,0.49298158993325303
0.04974105007705543,-0.6042274065771457,-0.32848529549617145,0.24031601059924412,0.2928040256171166,0.11917658179266005,-0.01695672780704239,0.05483579794119522,-0.1520172552418028,0.030287339038735928,-0.5518696294932279,0.969526174773339,0.27198410853572375,0.22742803331795725,0.01084721948492029,0.5162539755688609,-0.6709079493578358,-0.5588747347047471,-0.5534001195353462,0.6374520675366204
0.1434890640707775,-0.054202710755488215,-0.38561616430676904,-0.0031726397292685116,-0.19836946609018405,-0.023508469338571925,-0.007062530127243338,-0.5711203500472487,-0.27625952962294775,0.008475754761847976,-0.09740495330823151,0.7268699953529909,-0.4155103015423409,-0.9845175845003449,-0.21737943239628343,0.16396076692899886,0.5187586971976657,0.32183294988227296,0.543480320750027,-0.4157178584782648
0.16753042806248103,0.10424381476186428,0.6657748882902104,0.31991411498904593,0.15560146768639088,0.20236252511349637,-0.012540356109040113,0.025554603014512123,0.036147997900292606,0.0106924702785062,-0.48262187817007685,-0.179430583472171,0.7959323208240039,0.7765614896680526,0.04467684891376145,0.38249391535264654,-0.12036545470421478,-0.3281748639783766,-0.5951636564575569,-0.7871620628369416
0.005329279156975536,0.5519776852782972,-0.11876403072391478,-0.08165879738652004,0.1725590521670064,-0.07542751913192679,0.08735390989091087,0.31167467931251447,0.33165239827617005,0.02092714445543223,-0.5720381394420837,0.6892876962832617,-0.29563393049740827,-0.9356293245812966,-0.5915356036315722,0.6784695925218602,0.5141946407011297,-0.5981353995557994,-0.5429596864539203,0.13452850559463947
-0.23148112214899763,0.07470864237976664,0.04032632387479165,-0.4921598405230189,-0.0786375804011385,-0.10003024660375687,-0.22240711264680924,0.5404395161042167,-0.016530464089456576,-0.09401521398066529,-0.034439107689271165,-0.4517363700474164,-0.7095045822148318,0.41790987174244365,-0.4174533342990745,-0.6294376934555581,0.6829931374967153,-0.5237477293989647,-0.9401700663911556,-0.8828837851619282
-0.051659342053725334,0.1618877606202529,0.012905593348733646,-0.03554329721668867,-0.03189963749040715,-0.22462254694836858,0.14717445907098126,-0.735747793741881,0.05871578608085544,0.06131308536271779,0.7155441914107858,0.5289707863690543,0.39216757650742484,-0.8152456548651266,0.5226572857551157,-0.16163467686374489,-0.2669802605135254,-0.9167822003875781,0.37721541750638243,-0.21991594918709145
-0.07248170991223005,0.5851196612100382,-0.15947365445248157,-0.00461510641177558,-0.14737490669917563,-0.1705861960913705,0.009296226053899861,0.011718715036167615,-0.0445807159165874,-0.01954503265684525,0.7312362809077704,0.007908354110437221,0.5336721683566832,0.4140717170231196,-0.8713211652583199,0.23867169218869688,0.49613786058262677,0.33661696577472955,-0.7887100264594196,0.659329395801102
-0.14776695324865954,0.6022998581117844,-0.16656143970588988,-0.01269428162788816,0.1431718025150585,0.03790722677082256,0.11577400912637498,0.6069917327825115,-0.17720249504690766,0.09944637445122186,-0.8444264050605275,0.10741118945092887,-0.5869174755891169,0.08506330601152068,-0.273392890336114,0.6138643889244533,-0.17937597449259512,-0.9451235069656112,-0.04437246146992835,0.2952486284503779
0.12976375813824562,-0.19427984494179806,0.06998287530387569,-0.016364967436580065,-0.2222450738321509,-0.131541370095115,0.6947958456504605,0.05090301063201885,-0.017590384531522174,-0.0019057496162756885,0.05354936705804292,0.2566476501939785,0.8994155015506262,0.45793694224560055,0.6414354765896242,-0.6581713703140848,0.31151056824618806,0.875629859133408,0.06797313371709146,0.6986656820927533
-0.03969685778545617,-0.04360886908032285,-0.004717964143134891,0.04104181287448584,-0.03533642603717575,0.4290690484012396,0.11107245779407743,0.07227457745499972,-0.7453282059465592,-0.013301209388353281,-0.337748901007739,-0.1795193201008991,0.868217961447743,-0.8062232245312098,-0.3012004065969591,-0.19034487839166636,-0.0973565016604716,-0.7526102334836908,0.46112496123134794,-0.04930093021044968
-0.3540248771351142,0.12587424202869132,-0.1186428001258221,0.2142383369331587,0.09409429381310913,0.5554577239046252,-0.1704055959025189,-0.3111245878616415,0.22787315854019347,0.032909360066721946,0.7644025431859096,0.24417731918686658,0.3794643528856334,0.712550849548159,-0.5462749013617143,-0.9396534069088309,0.9808865076117794,0.5581193040044679,-0.09553034926825088,0.7604204969360242
0.003105451874841468,-0.13718561553199388,0.00012983076290454254,0.056238704133512715,-0.008626705745680316,-0.6181984448757386,0.009498231222047362,0.008131794520697407,0.36455062515350806,0.0023476219053226444,0.5038214764745548,0.25561790421214203,-0.8731951401184406,-0.8152582872101115,0.7956167655235624,-0.8103513547461543,0.37003992183043555,-0.47599594200359574,0.3174210855185351,0.4810589365883371
0.7234447860761565,0.3165200324870367,0.11225285431616522,-0.028656137628949002,-0.02338689188628988,0.43620908135471415,-0.040061109531490065,0.11077324661968008,-0.0500760967104559,-0.09274141182375219,0.04105606701823872,-0.812747817656509,0.2564058602273851,-0.01764289200418423,-0.9320566838591573,0.7551773533897563,-0.646787293058606,0.6070037909115735,-0.6423888855248234,0.30680688794375355
0.016316220783688218,0.3112101767810398,-0.11810175504754267,0.2466957428801053,0.2891402620433262,-0.2050782042914044,0.21205299305248793,-0.2931905790220425,-0.37381332159103753,-0.5139050409993404,0.2483554921922695,-0.3118247098529996,0.27969602198686516,0.6414835780202328,0.782445320803633,0.09959906656360484,-0.8322672380219909,-0.49033600270022304,-0.2955499876136216,-0.29708981697521497
-0.12620644177603296,-0.1213704445562756,-0.18485055011178203,0.1875255760649595,0.08979472866589999,0.15752793439057713,0.16564971690864394,-0.6470271429519375,-0.17341630180885692,-0.1413457362190091,0.9431206376273256,0.14903519647856656,-0.15989627793857752,-0.07845975105398151,0.6983103533693695,0.4452395098144055,-9.324454605597055e-05,0.8085567600283494,-0.47816593029704313,-0.7700281828657489
-0.23956529240707342,0.30027252070222343,0.42174138305435793,0.04050840979820703,0.012263740890367456,-0.01573194169072145,-0.014690971849906947,0.12610492065654605,0.012787879141423094,-0.19633393936897464,-0.10699915633282875,0.6366797066224084,0.2810603730068242,-0.3843972537664291,0.0664620362982773,-0.1345516778042244,-0.21088057304862318,0.6172691335851144,0.19839508877690193,-0.8022882716835835
0.23848505551240295,-0.699185756487837,0.08992481010853537,0.13724907567804193,-0.0468444377667145,0.0038815064441537483,0.26016909916124337,0.020805552121752335,-0.014407907012659489,0.252601494989625,0.1219271314035899,-0.9134463462466296,0.6299142776218449,0.606118336314323,0.07316793510314268,0.7512639971572073,0.37731273203613913,-0.4717810382891512,0.4307916324508143,-0.6360441100926981
0.11127516166534324,-0.28545949646754754,-0.10442060119192142,0.21266635898693392,0.375711721377061,0.2252238146285781,0.010014343806821091,0.09604248006630683,0.4745668425962833,-0.1430932402075163,0.40644388914546226,0.25192529218207826,-0.9356304203684598,0.4825620949641236,0.9725173215271914,0.508329230612319,-0.45739025530818345,-0.8377928983427805,-0.6484185804981113,-0.5344527468691072
0.006668182517069909,-0.29389899807987363,-0.11696187327926744,-0.3896366083942151,0.20105866079631896,0.3522140513349887,0.2017939791505524,-0.4099360960906496,-0.010992082775794332,-0.200749862224186,-0.243922447212787,-0.6846310254350001,-0.7948401226294111,0.28273460883934143,-0.9933384329306378,-0.8494535773719276,-0.4321032049110407,-0.44488935593100365,-0.6988060680009971,-0.9714439202439671
-0.0120780988264787,0.07217659173671437,-0.0207820142170083,-0.018060815551967785,-0.029705064271296287,-0.015230079711969435,-0.08346866258444471,-0.05778903215195064,0.05594176677787954,0.7617873843602603,-0.47326954171128377,-0.7878201776885358,0.6013353196291875,0.3165244323079832,0.6731998697238408,0.6754719109588072,0.7613634192012986,-0.6258289859984081,0.6735528448054187,0.2565689372954989
-0.049910412685369804,-0.08284801534310775,-0.47670990818127534,0.1967268088005087,0.10357193084433405,0.019610974198327642,0.0036383864812509236,0.07273968400559071,-0.5728191779173148,-0.009066448267319893,-0.7143989216109261,-0.7138749621486631,0.05797827970209957,-0.05872945737812807,0.9926847301617066,-0.4823005771332256,0.7904989606279855,0.4073083153767785,0.17805224205428427,-0.5196297660031468
-0.3540932851125504,0.12221354774141405,0.18723409925393697,0.030837028429806304,-0.5418244291126937,0.10991855744972326,0.012455506935048294,-0.45754064777022374,-0.03260269587147274,0.12202027027986112,0.29981255528106465,-0.054967143192965695,0.9139439947852954,-0.1598123498328099,0.2704809639315837,-0.6258072886429029,-0.7116039010101269,0.3959193703294148,0.6747620897232165,0.5757949803976308
0.08782730135631875,0.010572454259733383,0.06525251786190078,-0.6197087052750405,0.039139488533094846,0.28785220502456693,-0.08223397540179575,0.2053219998395577,-0.1703615221368109,0.3734513416944716,-0.11832899720999523,-0.5953487589547273,-0.4746413187916858,-0.1284285545382544,-0.9043950674091654,-0.2452031264968142,-0.31578145604577834,-0.8848507870956626,0.48847351785435444,0.3096223988098521
0.1296235291756925,0.00948890913423478,0.33931571482479506,-0.16427809109872704,-0.02628627808843559,0.1047069755693292,-0.6737652050686721,0.046594968110957424,-0.08495541843981369,-0.2488480815405518,-0.9720305000814047,0.8622641597361589,0.06735569551982867,-0.014759222645051029,0.5063790587915848,0.9128699178445472,0.6713931703880966,0.5054181886565277,0.954839143628907,0.8860240744460799
-0.28310388580600426,-0.07267956275284637,0.44370031334299953,-0.41940403490086414,-0.18604573062741192,0.2957905819412192,-0.14711091047774838,0.11540357436465021,0.02821548305555599,-0.16136123462315255,-0.6023526322739121,-0.42689637599704056,0.8260861495262013,-0.5245541881241207,-0.9906448177268203,-0.742575593512826,-0.26818919168852995,-0.8884825453728542,-0.07625113956921781,0.761963116016932
-0.02140874571808387,-0.0701527869288294,0.19867593894792046,0.026894690484554243,0.4856019896810564,0.012390419903685043,0.2375665983651391,-0.016550289422891162,-0.006410830592739905,-0.35056392867046027,0.1923760104402663,-0.740340674324228,-0.37308830547419314,-0.32637019935845246,-0.7160397750917082,-0.6998444899563774,0.8652904523198433,0.489606952993745,0.18020283528333003,-0.03981120510369962
-0.4390242403094956,-0.10102657345288787,0.05306877069270635,-0.33849041693283166,-0.01074864293978732,-0.04867428013752623,-0.01665439600286476,0.14473555171257718,-0.12111705846420195,0.001464713840958455,0.9906397189674687,0.030822523752236375,-0.538070041086786,0.9952408327159128,0.8275909218312476,0.4725382235277733,-0.731742906240725,0.566836071162208,-0.00467946727202273,-0.10165082264121961
0.04985509588856345,0.026640925311731768,-0.006230143329534421,-0.1284838612275182,-0.6342461177383281,0.0040401593547267425,0.20666997237963836,-0.19200648663913056,-0.041560629500067295,0.20547121718086836,-0.6083039585294239,-0.13019980963945765,-0.116031205449588,-0.9638712723212655,0.6455548498785835,-0.7470853617420485,0.3166543974539733,0.755419340773765,0.3659209965589638,-0.38386086786097384
0.23958335902007405,-0.03490734460213324,-0.38072464256907523,0.21317928445498113,0.21589255183958928,0.1295956206510177,0.05636913966843082,-0.03645139596269133,0.5810285541587092,0.10286046759529999,0.9337962501008974,-0.17140076835332274,0.10584334138347207,-0.1846762913344937,-0.16005093684324745,0.12001317210039164,-0.881907631615926,0.7164680613213694,0.22228239991901844,-0.7912503908578676
0.024405836583924832,0.003234954104186283,0.023562176444163495,0.05564328298172716,0.11074173816113075,0.008148823425230354,-0.05383079252401857,-0.638640323441895,0.3005215213145812,0.0005235986308274911,0.21169466936613945,0.40025949675516626,-0.19267976329136483,0.6500001189232463,-0.11092271704948353,-0.6127889931822508,-0.6021462450493562,0.8055494105774865,-0.2614910683431153,-0.9758085193573909
0.09171599386201656,0.06807266908178458,0.07577346164001762,0.5237962887872641,0.054034457120727394,0.08861209635304515,-0.07865181103111282,-0.09848635453858821,-0.21415250903095928,0.5267900132443781,0.7645384118847303,0.38674294509155493,0.10723217599731427,0.052388876514859684,-0.7594486080870486,-0.357198915920258,-0.9066829253834525,-0.3862395286430622,0.3270758320171545,0.43114674670814646
-0.01609747725616878,-0.007277221771445505,-0.07516759578778201,-0.32489872678034387,0.3435853313720611,-0.09292631684475476,0.6354135402625544,0.17734213691203124,0.22290648481747705,-0.0178742114997148,0.6186566684915096,0.6894175871479344,0.3928472747479552,-0.7822626155131962,0.05454282849993919,0.8636505606682738,0.3710513754108511,0.15479138627464528,0.8880210824318175,0.9711943759625912
-0.018371685534880222,-0.03376357343448524,-0.5183063277483371,0.027744317656083248,0.23199553863724118,0.2715585936113065,0.02425938168576209,-0.25711452647011923,0.30573152926860575,-0.24576782405360453,-0.08874457784930811,0.8384090575352263,0.05204038665464461,0.6335640645096081,-0.9170702624186049,0.02449814939470385,0.614107784335729,-0.7809458081332397,0.056131743227655795,0.632921523806405
0.12250573889091554,-0.33086672105086934,0.15523913796567188,-0.044650207483533544,0.25872430936401214,0.16671687615580183,0.13880446598017904,0.3591834115309329,0.08488877509742718,-0.18242283195609282,0.7427325176366169,0.22033300000806566,-0.8444969620937868,-0.2284798632841054,0.865336905942127,0.43405140402918274,0.09132656853931387,0.2151100480991439,-0.8211399522566234,-0.43593512100886156
0.11013158626136624,-0.7398184953832548,0.027241139376944112,-0.001850245873001602,-0.2280340034454223,0.07755426836788026,-0.28436004024370837,0.01160458238833577,-0.024447649106662195,-0.012786734536094864,-0.603319328422119,0.45503429420210284,-0.7209235329924024,-0.44445333063213677,-0.3296949395097526,0.8798759025164029,0.6496806659240377,-0.5778564655424911,0.8608554014322243,0.35097066365497054
-0.11819790763982567,0.15168950462168174,-0.4410888177476983,0.03301733768265336,0.39072284502258703,0.3424346297884455,-0.21733124071837362,-0.23447875401503732,-0.17318999853281775,0.06669249687949755,-0.28838965357302726,-0.9191696136454053,0.30537311266882994,-0.425698170807679,0.9007243370487854,0.6355303098197926,-0.45015929483886086,0.9792605238952594,0.09179939394440417,-0.29309269257669635
0.273579618195463,-0.18490174770828355,-0.0636707725147247,-0.0013637278750192883,0.14085607365819963,0.3852769065071936,-0.05830428870547455,0.2684017296086292,0.33163598457165844,-0.33109191690368,-0.7438955100238434,-0.34531306686242713,0.8576946874957723,-0.316370248194189,-0.23177963817039937,-0.42064463666474317,0.320996184301761,0.0047622954619712665,0.7021699563644801,-0.9725142152509629
0.38383137402605405,0.05585446717450776,0.052065622842283,-0.09676829764991907,0.11264463087667015,-0.11053760990465858,-0.015338020364734528,0.6802251202446691,-0.023482607862089028,0.06824494154442859,0.08603517375477487,-0.4789071426722069,-0.8938264782304033,-0.3522523086522489,0.08276694669429685,-0.5283151761688045,0.30065979774764884,0.016378751486514354,-0.6612342279529533,-0.04413747289457404
0.006705426074246772,0.04812059158236279,0.462337238285931,-0.1647134789773667,0.06781679186075046,-0.017277669122851974,0.1369694569946211,0.12154000203825102,0.47985267312037727,0.003770694130915478,0.3517749069713536,0.35552936750397435,-0.07191529853060663,-0.6451624920673509,0.06727064565230201,-0.6642663770324808,0.29833613022680106,0.361503733256757,-0.07623070609149019,-0.3825278859026957
-0.8194235346640196,0.0568703308139858,-0.011000936893660204,0.15615322738635284,0.0025337980816290268,-0.051941357334063604,-0.016703754834771132,0.07183817013459794,0.020180097698916544,0.05969276755229443,-0.8262067647112381,-0.8687988684428103,0.00426658999288998,0.7660600944333233,0.24566552843389333,-0.706795553599211,-0.3050605187224962,-0.27023935594728044,-0.6849846285721282,-0.08398521744337462
0.02600419517784841,0.18601517266429318,0.31593813736923243,-0.547953169154674,-0.3377811539450015,0.0005623360510692288,-0.157913681017342,-0.1058830559232905,0.2175824944480983,0.08931508729715876,-0.8920091044108114,-0.5645080493808743,-0.32726039271307483,-0.12203808339952782,0.538073543855657,-0.6243042458595134,-0.09119013474606619,0.5089981002234025,0.22618175778921445,-0.41987784108720083
0.07169637779323405,0.157520226079496,-0.03139104259707767,0.0002573728531053733,0.5674587051679343,-0.008567214385600187,-0.01499782035020926,0.048037928552668266,0.5580949056609146,0.07831326656881286,-0.13325794063845442,-0.6512853786318658,-0.5248418937505155,0.5100389825445879,0.5552739451361719,-0.3640452596103603,-0.021778893993106507,0.6546523832763531,0.7209866077639497,-0.18643948107595865
0.15793319143009948,0.03960949541145031,0.13553551764611926,-0.018675550709851968,-0.09020707732140812,-0.5458791137332359,0.23710340576386268,-0.09254143159116004,-0.41044755853409126,0.07462775112142911,0.5322051254995834,-0.15972120836594716,-0.5047381991028279,0.9962439958646976,0.8022869753977719,0.1968900095965962,0.38005329319430525,-0.6207257813887936,0.9540123096288384,0.6045422523140509
-0.04846326636011759,-0.009583932764631079,0.008148294179226866,0.631057804739825,0.10740595823553556,0.005277131443552602,0.06898239094695512,-0.16852760575339193,-0.20505241262215865,-0.20060562756537859,0.17483352016185338,-0.7068944879928385,0.05395696546592732,-0.9467674806242983,-0.257430472722997,0.30543450286481466,0.6147723711920177,-0.9495774576387028,-0.6323135637451271,0.5297962966441252
-0.01171415977204526,0.08501304346179522,0.4122646818932108,-0.04486174115070892,-0.189795371020223,0.0010105198572261847,-0.3903196102361204,0.5537288084035201,-0.0649634434607178,0.13709760827429107,0.9272208328595715,-0.1514645917304549,-0.9203359474699184,-0.48377249516996357,-0.20747136012150413,-0.015042448380912177,0.7945983068501421,-0.989540667163957,-0.02880208264895301,0.6929009313011727
0.001471762624313925,-0.04430895907455713,-0.24471450646071455,0.00841486141902658,0.716282456955744,0.23170264927878215,-0.027136879898607576,0.09599327577738334,-0.11410315200963542,0.016035616549864608,0.46832015850478936,0.191003331352247,0.16830545840658528,0.4549163218942702,0.0814248162132678,-0.33827533401838883,0.8194799618217312,-0.17511437946456465,-0.7999669749499034,0.8575007653827587
-0.7098052999601586,0.04804324036089981,-0.415392677343405,-0.043541358903656395,-0.021570998945834176,0.2415019035702708,-0.019007783668045078,0.1496388516257539,0.007737616563181091,0.06183746897844633,0.06115615173121092,-0.20851318998462398,0.9756798805422369,-0.22787871736255716,0.48168922378527146,-0.25723017669123904,0.457383223985647,-0.8829865080796631,-0.3425434272320631,-0.4896665995664733
-0.035407257515265994,-0.1496314172791513,-0.4751537928770595,0.17504592258411122,-0.2803489744566885,0.0520458224843517,0.0916355859859675,0.2853707243840555,-0.09210766334334608,-0.0340558819578563,0.3999895473804995,-0.7845489262339616,-0.32766144089513927,-0.019981423613338656,-0.12225722787324322,0.13176850660500938,-0.18155599057315897,-0.3945329703461935,-0.09477669717149828,-0.09331902813872461
-0.04475584070980233,-0.16958094500208187,-0.15419514565219272,-0.4425763035121493,0.17771715064986854,0.1068524536144404,0.21764595807377768,-0.09009273144256918,-0.07725492899859276,0.33755816063262434,0.302681771918327,0.9705998319038882,0.5015069152820177,0.625657366437766,-0.8051988295661108,0.6120953285549886,-0.3693853775249072,-0.16619451063255553,0.9767261517681722,-0.8575413090551935
0.1611024515106928,0.22133904407897603,0.07797032647121199,-0.04499683383433581,0.03437240454918865,-0.41236372701389673,-0.20666681396097672,-0.5352771087016757,-0.4002329998101478,0.061233341369264116,0.1401676144753048,-0.34402002936142484,-0.94769481894821,0.6231939258241854,-0.3083413831345765,-0.948803147125884,-0.3232113389541955,0.22227887126729273,-0.872733865377733,0.9794512900571639
-0.019635456629755077,-0.0025463094533674166,0.15919455728168977,-0.08453031470172528,-0.06849488146015126,0.511654513049671,-0.07654136596243344,-0.1508428596270755,-0.07531035819755208,0.5918378881569623,0.2777616093998483,-0.25295037592163716,0.39826159655410187,-0.6811743638647787,-0.9905222667208713,0.9163051890134155,0.3304619221184595,-0.28621227834062957,0.18893413383837943,0.23698190407024344
-0.06599788115972152,0.5847923273812619,0.01555634175599406,-0.11773847186900707,0.0009822674268591125,0.06962133325196282,0.31950345385893436,0.44284529172056947,-0.39445072695730304,-0.0880021954109418,0.10350971718120139,-0.17025991531635598,0.9626634640550749,-0.28833529684880466,0.5905215721206247,0.8791693722980085,-0.7443281937163659,0.8926545957063903,0.9446682458126958,-0.846062664838882
0.13505308370875185,0.09339716862824765,0.29684416757085746,0.7192980535634665,-0.24074411461755502,0.13451454665824397,0.051717732229731375,-0.005321544958277899,0.0013248349607257598,-0.14925051097860526,0.08049432744796081,0.7352099538366916,-0.8442826926679892,-0.3885424865067122,-0.11231145428455647,0.8874533236298565,-0.8508200665853121,0.026526161076471544,-0.5488354073453559,0.31438293621680957
-0.11004598993837023,0.003248547214390784,0.4956516830397719,-0.19560651341238428,0.04742144032044871,-0.007511149721955087,0.14504449148653384,0.1436265147387232,0.2618868714765898,-0.023076440234848908,0.8986722668660072,-0.9537796368403801,0.9743567726165641,-0.915646539264735,0.920299369580091,0.04213077069138671,-0.30956379730598926,-0.5318172802903021,-0.3612350555800905,-0.3773377036451444
0.6657554557061316,-0.03202690074812956,0.010632218165483102,-0.22472006263180766,-0.17219339804228498,-0.004361638338632137,-0.06609172367294222,-0.2823241139037048,0.26794372036181385,-0.012733354289609096,0.5333937739343357,0.5688769001752487,0.1877229088750596,-0.2404307635108771,-0.5549999812121715,0.5139963224804076,-0.6490532475024935,0.8835277353045974,-0.7762360353867721,0.7381566420084171
0.05844904808550236,-0.1439422381468436,-0.18423409028433319,-0.024404900770595456,-0.11624901299393114,-0.14225343983674654,-0.12509775917736038,-0.4722869133790859,-0.11368589157363634,0.12950650236328998,0.2807544190252249,0.587760087102847,-0.8722652160680406,-0.3015443669966662,-0.8052789168619898,0.9352620435454775,-0.7844757948629613,-0.101415410795342,-0.3328524687737,-0.6947424637278403
0.13154870798407187,-0.15798624337479472,0.12241045505580334,0.0699439127429185,0.10089972268211762,-0.16395900252744894,0.5419400518549471,-0.07060749965884672,0.014602881737469209,0.11304598863496418,-0.2774226807249005,-0.39273648684276496,0.9132538168326547,0.635456700192452,0.9536098888427018,-0.7359301843728137,0.7541073396278144,-0.8727276980233041,0.0269154123779769,0.6979853877426969
0.0033420908014525075,-0.11280566214012974,0.151040059069804,-0.12490101870131792,-0.0831592396464841,0.4532472894945845,-0.28116853942672865,-0.04654294860367211,0.34770399700423277,-0.39228770331668195,0.7931558026533254,0.836784392623678,0.3799062243409639,0.33338424146836987,0.7901211545955396,-0.7282392358417846,-0.3034545526599033,-0.7408626726852248,0.21713450481682806,-0.537496400505048
0.10730681555883403,0.010490972932179765,0.058033071723448515,0.41000340971786087,-0.05225046141677708,-0.0748870562069171,-0.22882297567133428,0.131148011806902,0.00746717865987806,0.3017523344162859,-0.9225314410590417,-0.6097268624236878,-0.5667703766675078,0.8710034627012881,0.32627055206572386,-0.006677866888814554,0.32735387280123796,0.5339295634222339,0.07208726555836975,0.8500486174742419
-0.01585061041483804,-0.007536860543923031,-0.24396119796772905,-0.27627713216775096,-0.037471733913569685,-0.5581423261233257,-0.014843082174399426,0.26281199511191716,0.015273590758223184,-0.020479003354237055,-0.7065145242058455,-0.08000155848336532,-0.9247108923833405,0.05188069990676758,0.45196562974146137,-0.2612433891566748,-0.8978467463067508,0.867385943977159,-0.8013481778616041,-0.3245317549618336
-0.03729541977647159,0.1691553795073146,0.5841953046103419,0.057596173337233186,0.0241472061667405,-0.04471293434320259,-0.12137497365226556,-0.14780642167890704,-0.4289456282191545,-0.40173534499077657,-0.1468775332999499,0.05576581850323148,-0.9343720823968389,0.0786329925066458,0.3984138775219923,-0.9833126740352365,-0.14743350132853816,-0.3692345355678779,0.002134308504925242,0.7334566997622056
-0.03396601295331385,-0.048862862798315795,-0.33084258993110166,0.03702408914948643,0.17870413463156998,0.05144589799468685,0.7524372404851732,0.1979731397188237,0.03316969175010681,-0.28236607697496285,0.5231258392123139,-0.35114797927687325,0.5591669685618501,-0.8620049876299021,0.3596623027269896,0.8686092023798722,-0.4947928336110581,-0.7528085717535642,-0.3764422276269679,0.3108169549362414
-0.16517284178813196,-0.026097623231299563,-0.47773579581927705,0.1134182186460167,0.2923032377196253,0.48377512435043624,-0.11434503222878226,0.01056712025319076,0.008728294461313839,-0.04723679213253246,-0.993113926251673,0.996288475819139,0.027919256219979482,-0.7335424976815406,0.15741782573274943,0.15714960240547748,-0.8069605236019355,0.499426080174562,0.3252119672031577,-0.2877484525549767
-0.5732861802467689,-0.29453669501093693,0.031050240205645965,0.03369235197501415,-0.05165978774549146,-0.06569581615601833,-0.04067613624089438,0.6241394663272468,0.09554274902764044,-0.04555525066730954,-0.44322230163805143,0.09362446204452723,0.7951253433289718,0.9962295666252206,0.2930008322137856,-0.5861806088092916,-0.8724553687119598,0.013203161269892183,-0.3189326168118809,0.3344417686339407
-0.08458949102607101,0.10167596117405259,0.06324277090099285,-0.13088727569232295,-0.009345964691082535,0.05820309080582321,-0.32588661970728416,0.832427483170695,-0.18874337737601338,0.06878654898868578,-0.2613428936151485,-0.31062188352627396,0.46925026049891616,-0.3476324259200725,-0.6985115546717837,0.13321222075273642,-0.4853440311400288,-0.987749766333198,0.7985128855108243,0.11848598230179519
0.0018066105849017383,-0.06946215866423913,0.32781796364794946,-0.39203698716035446,0.12061547585215934,0.13283879709000726,0.19561652038134608,-0.044517454415264904,0.5687339971602005,0.06920562004615283,0.39272853368022065,-0.8935641188015389,0.24270196384728893,-0.5407045419353125,-0.6464545733534179,0.8564004815239763,0.6461513272189592,0.7253540409642529,0.9410896353619813,0.21966587627524792
-0.004214565990513952,0.06968460976834248,0.37708007235488206,-0.5749558830790947,0.01331250473290635,-0.022121488784138707,0.37354628274180357,0.004879675573939132,0.16237079508043759,-0.012469012306244205,-0.23761425799270852,0.21947403709937507,0.7957983093479628,-0.2651659958100938,-0.7658633107126294,-0.6403378231884838,-0.45963256010666864,0.5967188470982445,0.7921023670309355,-0.6443100909790391
0.22951658936491565,0.15152607340121577,0.15685341653576312,0.008486794260387419,0.5641595920186739,0.024892771596876695,0.09293532142126759,-0.24049293611545408,0.5075683205207892,-0.09526633981663764,-0.13172203485597644,-0.006291117995717244,0.10699002426605264,0.6446791390567606,0.44368593197294315,-0.2379618321190098,-0.7750812479147511,0.7383800945127765,0.001431165582660432,0.7115849246364947
-0.2818119710891853,0.1114778892077199,-0.2621650529174424,-0.06006225509616436,0.2860997615989419,-0.24391720742648793,0.3549087841798082,0.20851056592374256,-0.0017708494627681898,-0.4342868268150496,-0.7239024356534338,-0.8546263915889833,-0.9244185592664012,-0.4547752997221357,0.8833496187334986,-0.05440880459028419,-0.6167127469767548,0.6368798894793692,-0.8164364508298365,0.1176457236536197
0.0048405231424664685,0.09151641696615531,0.009723200324671206,0.0651760551235569,-0.5416674371397474,-0.10261484286361923,-0.028362265775577128,0.1223142160873257,0.033806820726607595,0.003420343977664872,-0.8333384630922929,-0.07333310634122792,0.08815371231876101,0.21770709922801035,0.5444330902483008,0.6176499299917151,0.023469385252345987,-0.9290613523004405,-0.14736907297982582,-0.8186031962840778
0.2661188281140008,0.012129934320437769,0.02533967810527621,-0.23639113031501469,-0.36582205559864833,0.19009594660344326,0.6397354451900417,0.4104961865098758,0.1809467214090092,-0.12379525760454377,0.6732926358363993,-0.8553643683874734,0.1416700330696017,0.10121385867706367,0.043161432697155666,0.3271159122079015,-0.5576668020511977,-0.4968353335911573,-0.796737714679417,-0.050763364465837624
-0.03203379147770288,0.029100915258374882,0.04179428962137183,0.4428701062859922,0.05483342708819561,-0.5565956731387404,0.1268747797049237,0.09033789265586258,-0.07877485956656627,-0.2427883892911492,-0.2628876376069216,0.00661102803380853,-0.02391339207918075,-0.5519812964014443,0.1627936749679122,0.08997971070539679,0.3527719396362967,-0.8361203832201982,-0.1172530939265446,0.14080527026574718
0.3061116025991178,-0.39490082150809863,0.10950217948603691,-0.354260116213895,-0.3588156603041869,0.0008429717006174231,0.17855492649814053,0.3729300371540353,-0.28410539353709535,-0.018553950619906168,0.013983985815821054,-0.4477312630261441,0.5936623163381047,-0.233324223541713,0.8072252553202304,0.5072406732153034,0.7421554351591484,-0.48031762683417,-0.8594157915051288,0.039249804013455236
0.12606762098342578,-0.01461635584867518,0.4947901238294312,-0.01575452941171888,0.2601683238141884,0.34775908881894924,0.01146770477614548,0.07937154158134281,0.4924521832522991,0.004420859471746745,0.7057545460555548,0.4335390919327644,0.756381833946038,0.9882537068636226,0.5821823405600599,0.08249156532840307,0.8178805206316548,-0.032845193488432844,0.23483359224668376,0.2701764891158538
0.28680368495420716,-0.0253099453013933,0.26106816286272705,-0.06849342712005763,0.10196899006272964,-0.021400119945703622,0.06964598044428699,0.1037431980112405,0.16431501315864772,0.3615194933891817,-0.7904410272413847,-0.5245796724290444,0.6256768764072445,0.9988918563665614,-0.23691354041996715,0.8285608976619838,0.13311540797970278,-0.8995866873372427,0.150722110577721,-0.10869104161739829
-0.005271814976788497,0.0772188481682593,0.038587873370250714,0.12315247756068246,0.11043480818547947,0.2691176031730004,-0.03454239748767192,-0.17148339440978083,-0.1626975990191273,-0.6550066117003828,0.13753093142891704,-0.15492733268308045,-0.18048577485511963,0.2692027713307288,0.7785701268074545,0.045419997427255776,0.9088374590123285,-0.4951772013974569,0.20557473010431915,-0.19014488436892085
-0.23786036379137343,0.20327525629374446,0.15054614726151294,-0.06422364025874605,0.6760317455127243,0.148602079349948,-0.15818758612110648,-0.0434013030953648,-0.13617618223714484,-0.1151736680973151,0.46737019302630545,-0.3808655767743847,0.25153782481202347,0.1526663534767092,0.2687181569717185,0.48794802167561513,-0.17575945635642642,0.3701327862651904,0.6401356337608453,0.16950398959820467
-0.06875627469217943,-0.05379138564133279,0.01306952273093423,-0.02621613372467896,0.012564870944901305,0.1421754300171495,0.1208843425511065,-0.288344176556527,-0.2532472190109144,-0.7361658173201912,-0.7726636499582371,-0.5664633986840069,-0.20736791769612983,-0.23809357936494857,-0.3026971918034196,-0.6020625456616304,-0.9441565106216852,0.0863688129455833,0.8994253290184357,-0.4100466233091977
-0.07874275813016388,0.03711138469899533,0.11297088809956185,-0.11064769548620637,0.22157886770131904,0.3846250360756689,0.7640569863716727,0.11539773756145816,0.0057609686300753304,-0.08740198747403974,-0.3304231947421066,0.3039570170833217,-0.8128928475853552,0.5038701862940791,0.9615223882029775,0.7825926887606909,-0.6998829985321524,-0.45188288872772664,0.43470253864872066,-0.7052340046492538
-0.008972574732502459,0.0276949426735947,0.7531536301405454,-0.09058851867407572,0.16478521234132038,0.19347322426968716,-0.07195003890208596,-0.14978673863006714,0.10538166759716033,-0.09505317716904708,0.5694395891232527,-0.4326515276884526,0.0719355969333706,-0.7262685427429114,-0.45992799804150875,0.29110086541907676,-0.51952292869116,0.14452923331019285,0.0840925596688804,0.6733573992947053
0.013641043381906068,0.09026153552064978,-0.008523678280729849,-0.11840643734940784,-0.6888681875325875,0.12162016432134143,0.2209945383791769,-0.07141114913139096,0.19864655241069906,-0.3144509282791027,0.7726080367525225,0.2820159422083426,-0.6816453686752804,-0.151856062961242,0.6631203842941518,0.611082121205953,-0.9322419592995417,-0.09499770062902968,0.28705487838110044,0.35630168091872316
-0.024077797232655213,-0.23742155048926206,0.239876205780988,-0.15233908697098397,0.02500060648569427,-0.1015798955650758,0.112841978693734,-0.17769684572279826,0.21929251461786556,0.15672928405553704,0.058262840110761216,-0.4301077570856362,0.0556722662944531,-0.7046787641805943,0.2685661373935184,-0.8335877286908053,-0.2861042861992431,-0.6244017254024901,-0.33783162486141016,-0.5645426487893064
-0.04287611892796056,-0.6712525057995203,-0.25406102277183396,0.10144328770542868,-0.16240268110039394,-0.011759290922585708,0.3346925727141435,-0.21430731737846373,0.07616313459047822,0.022516274999885885,-0.8343915132955233,0.1985512472098907,0.053939204117210204,-0.9383624421814074,0.3064040930014318,0.1316117141841402,0.5215366109241746,0.5274625059502682,0.08223348608410852,-0.3624144454913376
-0.1181017638323255,-0.1840139747761677,0.10272328859414259,-0.6063895532915637,0.11453551241256807,0.04239506582220433,0.06219258776947828,-0.07706707466745374,-0.0042525021476245844,0.0002086548958310369,0.8872246166459878,-0.035628951120970864,0.5290884867880823,-0.7114267962782803,0.770665117978967,-0.9055361439599867,0.10648782098588727,-0.0753501628765465,0.6969062786534903,-0.9358226013336772
-0.0016006370269971981,0.40504425878199235,-0.14337185392746044,-0.09701303431940206,0.1983458499984203,-0.06628540199039655,0.4740745912076706,0.1909218313449446,0.24385188447720324,0.17907046235847673,-0.7257939674453753,0.8040870773209505,-0.03722483412230826,0.8002870750096738,-0.38907649566687597,0.7022021313866962,-0.8113457057262154,0.43643216706343724,0.3381045823249702,0.6756360344847017
0.027303604649951407,0.051188211849720555,-0.20646017912618458,0.1244581237373254,0.41918632514944054,-0.1422627033967821,-0.29174362260398357,0.015984690437018945,-0.09310300390574705,-0.12601887233366546,-0.6510480754692136,-0.16362598699279252,-0.8321212463990242,-0.8731203880775551,-0.27221296875825285,-0.6779332211446911,0.7982579852574883,0.4239343868690417,0.29612499300814177,0.47499371330027973
-0.015061757451355018,-0.5415044078391609,-0.1584938678602379,0.09445417029810355,-0.06479821090080054,0.04847265264469397,-0.3217471601952728,0.17689997031408783,0.09511610686869645,0.047872078909687255,0.3254432556348412,0.5411657829586027,0.12337419511544745,0.7663829734246899,-0.5096254206635451,0.06976674109901881,-0.8491923852279437,-0.3811180626238069,0.8169412424599185,0.4352419452940226
0.4553014798473051,-0.08734849898587255,0.12132732766242585,-0.1061758643616691,0.43286095514348527,-0.3941460839634398,-0.004005250193466536,0.17912327928857652,-0.2163094979521299,0.06414372762784198,-0.9522548274503251,-0.3079216852045805,-0.1621913158390036,0.9769599934685889,0.5661271174328286,-0.5125415643849409,0.25859058722927486,0.04448774788361565,0.31750138235263337,-0.9690894721475218
-0.3504732767393293,0.4135341392293922,0.019693280644857817,0.1207124196774933,-0.009465451691737865,-0.04399915318019831,-0.0035807913556515844,-0.002887896800042684,0.29409532353971074,-0.0634964507598077,-0.02961157135973247,-0.2464272383556827,0.3773956249907622,-0.6530558128009565,0.3168597047607469,-0.7268426603095386,-0.8761489228365755,-0.5136346097785482,-0.5188640256303156,-0.8810707917301386
-0.16536100869641956,0.0782120250144059,0.32828503377458373,0.1715911346762925,-0.057464280674394616,0.48638681246724014,-0.061677384684338726,-0.08690892670233141,0.2178787645630189,-0.049128132262088675,0.2708887443815071,0.9083811776233672,-0.7259059102931709,0.18773055432557584,0.8393551620646871,-0.4005307368765407,0.7495747296012223,-0.6846016486032964,-0.3947799179106122,0.9491908221102803
0.39501522359069485,-0.3899149140310692,-0.3469909221935641,-0.03441210021032087,0.26640549710653516,0.3988080432473311,-0.1559412707315691,-0.1824517195868906,0.024557051191686052,-0.09507715094142469,0.6325510656344271,0.4174049848691608,-0.4864091730072915,0.1218110906738683,-0.7126098310277611,-0.27198708277573247,0.8847085107626333,0.8064542726083199,0.7920215511924242,0.5511674600751368
0.1825426105483136,-0.4605005083655973,0.14561538082800252,0.3167205485132626,-0.1813871959445218,0.20860682645178086,-0.2014659315075659,-0.1792618767362177,0.08505841942539555,0.004059170955728941,0.6517880568179997,0.9530541093673621,0.7499835495128431,0.3857383165202657,0.6575789962737242,-0.6430174254609349,0.238977883735497,0.08595169938477532,0.9925099280658494,0.5790814750710083
0.061404046278386415,-0.2800077003188799,-0.3412114333975476,0.09806315731609799,-0.12875963870229223,0.0675699504633571,-0.5070204998396487,0.19689993687960472,-0.0003355239077695617,0.061978177424674236,0.6490227162998383,0.9467158965544678,0.892582693617819,-0.006095840367692951,0.2598955564111889,0.07893433295714303,0.07634287143383078,-0.3042653041622627,0.6971755555968671,-0.972076213797554
-0.044279754262590384,-0.019583484210431573,0.03861155529034954,-0.05296536159529269,0.026614334045733934,-0.1732925381492499,0.45043476794504755,0.3749704711511215,-0.284981475454372,0.20772360767123615,0.7083617177568016,0.09023222997216518,0.5735347726113229,0.9969557838129466,-0.2690778031298984,-0.3438452892858468,-0.430337236875306,-0.9160985689203547,-0.06831086022431365,-0.9426578417087508
-0.027813799687922844,-0.23223162449112034,-0.22156053475679835,-0.33605667022121766,-0.051160846922886055,-0.28796539618180783,-0.18398881470455172,-0.10212657796206676,-0.47732843503970446,0.06109881678535245,-0.8378537947481612,-0.43892752596104057,-0.7575163769917532,0.5610214672718223,0.9339622431529968,0.0854724138763745,0.45963482381418275,-0.8830318042132705,0.9119837133338766,0.7319211172468916
0.07289598147542753,0.08630244066006085,0.25990707372435085,-0.16550754964070968,-0.13364715307868555,-0.0017972548431747087,-0.1319921497411801,0.060333095493558364,0.7564242241553963,0.08239491709193329,0.832828269415028,0.27915367854335815,-0.4183517467338713,-0.46774750432471146,0.47275724703419697,0.8414915333072368,0.01788882923439239,-0.8712848203623491,-0.5533584705305699,-0.05662466109791686
-0.06713106917936607,-0.5674046175282579,-0.08586197530086756,0.2007990216739527,-0.02880149426825808,0.07192861401702177,-0.11805511177348806,-0.025689858167372404,0.44490506840206023,-0.32477665244599424,-0.4104574464236337,-0.1607072765154054,-0.9464932298953801,-0.5853581640172725,-0.6952297641538479,-0.45657921484059005,0.9035523389824223,-0.04282191824092463,-0.6109175132453273,0.28374366129407336
-0.17498236101008335,-0.2099810778163857,0.038966688725297946,0.004852564569786415,-0.05080630501150636,0.6830384183665466,0.08555185375380714,0.19003318446998863,-0.01880295414064925,0.029976875117282156,-0.4726689339082182,0.583909487210605,-0.2845121422753931,-0.8260206032681428,-0.08656177890852645,-0.24996850864580478,-0.031018461484659365,0.2285580347792293,-0.5929748442081038,-0.9634281758728591
-0.006145339387925046,-0.0642553559541482,0.09781469758286238,0.12963869856563007,0.3373229869698204,0.025881964864063023,-0.0034662136554168763,0.3841101253106589,-0.012336595377993809,-0.4692304635607644,-0.6863552123810475,-0.15104396375757223,0.4984204082054269,0.9975876763551774,-0.13450653993669137,-0.7948279235509941,0.16207902411889918,-0.005203812298321342,0.684879208382595,-0.6555441578047296
-0.017523540859183562,-0.00973329368500397,0.03386183698625323,0.047572665008144575,-0.0027465397859381267,-0.10571512744055317,-0.34713217602082536,-0.14311357765958682,0.0026012563827094077,-0.010709920983100136,0.8107896434935495,0.41925920242294734,0.6980747540920447,-0.6451676379867897,-0.8206184934579939,0.6296521357554747,-0.5593296099753939,0.17116270488034568,0.07690334663299603,-0.6696999645137531
-0.5311085957856698,-0.26892200345446426,-0.18245220679645202,0.009144359376140013,0.28228979416058514,0.26772248934978543,-0.045953469230580746,-0.005652194387576713,0.019519673411198646,0.09788660000018212,-0.39370012563486667,0.5370689059916525,-0.4141485887280798,-0.9768756162989238,0.8596004542129252,-0.30208801972505084,-0.09106231944706322,0.23221582831545295,0.8159585875397506,-0.5204980744293457
0.010560773739719814,-0.0035535904195837156,-0.0004863738093156683,0.0006981242312679992,0.5865922759531901,0.11221271169680472,-0.08433424406213302,-0.03204559355920045,-0.02795965510285814,0.42754890178330063,0.5852270038170282,0.7336412186050336,0.741401256182443,-0.9009086632958068,-0.4544366466773424,-0.7393216693685405,-0.9617678993507564,-0.6787270787011339,0.20636746368420988,-0.10087265818091895
0.07670603431423637,0.25634603917274,-0.11339923164703039,-0.15556755864406516,0.05678999062887634,0.49981509760667797,0.09648412931532645,0.2531931879705387,0.34955703767691226,0.12980713506317265,-0.5886398011331266,-0.22613782000265004,0.716482687612142,0.40872714654328424,-0.8766952861541066,-0.171146432348398,-0.740259574330824,0.8847657221423386,0.6073521736613781,0.43942397608691497
0.25267273759206965,0.017115173353684177,-0.21413821232464791,0.07880556301182495,0.09291996231693508,0.03760361678353512,-0.16086136685402092,0.43158566590159886,-0.4264809765528431,-0.16791637274952625,-0.5554290409307228,-0.18898079612279672,-0.3333790681937632,-0.988531887357422,-0.5038915152219476,0.2135238685004408,0.9898700704565249,-0.055267175706334104,0.6647151588111389,-0.6227756399613578
-0.015414754773534212,-0.24573021257542937,0.22570579409185046,0.18851395110740665,-0.32387344734670853,-0.5550730448746964,-0.10187311334636479,0.12880245970875126,-0.06456771956965701,0.1670470520882849,-0.37772949851594806,-0.5898204457680971,-0.28275893018637355,-0.33185103962764595,0.11331088770692088,-0.02469363864369245,0.18280273324084706,-0.8728846460531623,0.7048517383523063,0.1867717977830381
-0.07625944538340593,-0.049470755384742576,0.6427508635022112,-0.026468340003883983,0.023733742168008998,-0.29043495593780444,-0.14396332560517494,0.008085793119233763,-0.05510390520431668,0.11384515719100681,-0.15751612447945273,-0.015160014459178583,-0.21447593022826972,0.4114518397124447,0.8494825591637785,0.8638659925697512,0.3918815328153482,-0.5471337146185329,-0.9976854752422379,-0.2211083843032695
0.22638454243076192,0.5296235027600038,-0.34085517803109605,-0.05278393982838059,0.07087819597962482,-0.04808223183597472,-0.048672841920565785,-0.054986698270057366,-0.030163199451055347,0.01659345907975264,-0.43912482054860336,0.6237167644226378,-0.9959942769046792,0.17736896811355263,0.937025202210247,0.8904755000430209,0.3399898729510682,0.6287846446075565,0.7736756829981175,0.050442705736131854
0.11141378817983888,0.11831925791586728,0.21324312068845186,-0.2068213368878465,0.10980918000310591,0.16723914701784148,0.16385228450202816,0.060019880686361216,-0.36358052273394026,-0.21165276608156697,-0.4614258256653059,-0.8306818204393056,0.6816141927521602,0.3039329228977974,0.18181920075456381,-0.7516692781948091,-0.08170534877434599,0.006961915579971167,0.6714662069664572,0.17073839832405158
-0.04421873220310517,-0.2261811879342983,-0.04701231716744475,0.616466814057213,0.036991437818751305,0.022118982780212616,0.07784821910696427,0.18998399573458125,-0.05498633361633326,0.1011133403490102,0.922107814867875,-0.49549903451971655,0.7648336457128309,0.042870434226091936,-0.8216972612334359,0.5185792194286805,-0.48444919870925385,0.9632068873964788,0.2585455518179447,0.3765463530861861
-0.03877883626981316,0.416386183049833,-0.2302456013062487,0.0011711355578850743,-0.4774777044171725,-0.029425570994012076,-0.03360928682463005,-0.09884742911084785,-0.20725244061190984,-0.14550622170374328,-0.8818620847791976,-0.3927832123430941,0.783065862984665,-0.7611114470247524,-0.7570569704702645,-0.5938771249062169,-0.24343129155970855,0.04739293105096798,0.5187989194411309,-0.6528535294868067
-0.7464967535798623,0.09152322762867661,0.021460312317599706,0.03487603755775301,0.2615541853565232,0.15658000797659252,-0.0015646409049043936,0.2729414331606825,0.058130141824510845,0.05821270461673281,-0.5036487859255829,0.9498440122888523,0.08792249360335536,-0.617463973981097,0.6986659982805121,0.9507513828432783,-0.7069368268270615,0.3217868280727776,0.7095100430575023,0.8644677629651527
0.1552113383524768,-0.1903684898378704,-0.12409445028299149,-0.11485408784308787,-0.06167284445718023,-0.4891509510516613,-0.19743626804419345,0.12143004962927717,0.3517881059359471,0.11849371551047216,-0.09505427328022908,-0.520001222946153,-0.01773276603056284,-0.7983708242976744,-0.9822866232770042,0.8744115710078761,0.7391876655385186,0.6719445591518314,-0.6756172575965462,0.11493957054890469
0.061064591260665546,-0.13945558647199954,0.004183759912751144,0.003846910957593692,-0.19973244723164157,-0.0195025139623842,-0.6650061043826722,-0.2957606320030589,-0.3262947849185131,-0.04455703560441882,0.3591436725935444,-0.8451186516644873,-0.9659050998745513,-0.9373774392298646,0.08151569456676788,0.22570965687319156,-0.6101050314536896,-0.26373761897408277,-0.6530604481819557,-0.5057904338725714
0.1588928516576703,-0.21876942053970927,0.023447092505845354,-0.07644530003648857,-0.17454392359641524,-0.5109050050628151,0.07734660614193956,0.056289720719590645,0.08837100304515089,-0.28687587343685456,0.6183588847993122,-0.45507154845835696,-0.05662105429191455,0.5309783865986384,-0.05233254093139439,0.9980667709895552,0.8822714570736092,-0.7794987530863895,0.1169643450194009,0.7196171284866433
0.6043096672008198,-0.13245000657188083,0.020576608007698956,0.012055519971197763,0.13812497997740686,0.03506614505552234,-0.01000523569572327,-0.2611397387293924,0.311990210733169,-0.016774241520031714,0.46010534830612837,0.9181075163858745,-0.0018334863005535773,0.06799019932082984,-0.8698417870238297,-0.9991445141511555,-0.2089687651421448,0.3988321252561713,-0.9069873538780027,-0.38211273999343365
0.16604431449133805,0.02163136917432374,-0.025915751602965387,0.6522414959236541,0.06364017775394692,0.3298208086686871,-0.14370282153949554,0.05750793936539832,-0.01293916009574316,0.3000215125368636,-0.1874243016379964,-0.8646276237291466,-0.8648897317545923,-0.35985340418156975,0.2571741555332838,0.6391387946495892,0.07329723682833866,-0.35190844079460515,0.22486817887257504,0.8262076168283434
-0.16111908448596454,0.05368261793884146,-0.6774677001225596,0.0068051656819089895,-0.0025194619243019897,-0.0017616385231802277,-0.09901237672470237,-0.32490862360520206,0.15068184752503322,-0.11482061560831727,0.35214037543717613,-0.4160900605584157,-0.44518322165775537,-0.719744031462866,-0.2324171205263419,0.2788067833742074,0.9192504617120654,0.5140214766088524,-0.5752827706630039,-0.36349001978994444
0.10448647069020672,-0.15439365173680694,-0.5270865058614449,0.0073125074895784015,0.12542964735895465,-0.010185051631401307,0.3236694764424885,0.21144614786272997,-0.07576928248897496,-0.10287847961672165,0.6267122775173859,0.23864360828969255,0.2009607728477545,0.7541001060290813,0.9403164877758556,-0.4102063386431045,-0.41227918186876145,0.7699475102153226,-0.41949120814669194,-0.5547020355400551
-0.037289239990954993,0.13434748844148914,-0.02623325451615454,0.27125512212894887,0.09827984392979411,-0.021807076364770778,-0.11047650302154886,0.01702807778658437,-0.02508834412348686,-0.6729633803893749,-0.4828429991052514,0.3387153222081565,-0.8700287832671356,-0.8076793074534867,0.06602278361385894,-0.5002584899974125,0.8169436185251604,0.37323948224045544,0.2898540481643086,0.31626115674338284
-0.005359156883593008,0.5318825511262675,0.14780111473383795,0.05279919381696074,-0.05826049168902969,0.17536637302703018,0.33867554221969975,0.09785310129065095,0.21693477517690152,0.09932543490566714,0.5318380020866336,0.32820256291468586,0.27897213954295585,0.9658239419173382,0.36186903328171294,-0.5105716136308962,0.015270978703841198,-0.380476913045364,-0.9148095494541137,0.6166253747994839
-0.19774626614507146,-0.22070062103112045,0.07407018829926804,-0.29067750310551566,0.0229001420555177,-0.2897363061142135,-0.31793481136820195,0.3126165424652271,-0.3709804357751403,-0.0014324648502055427,0.6873795588537439,0.06771322117472023,-0.2769590223130427,-0.751254698653004,-0.9587446270004536,0.6662256352848857,-0.32020008003727707,0.3618756002725898,0.3159006595833098,0.7348739722711288
-0.21683061738591536,0.4110125397946618,-0.10882734768483987,-0.18840549983547217,-0.2082516389942625,0.2641717217077989,0.17868352615661554,0.37102364222251605,-0.007596351578668448,0.1251338706632118,-0.6697331384500478,-0.798735719998213,-0.6367730043439732,-0.5503074201108866,0.8437923437907975,0.41407526489163526,0.2312011971430603,0.949516120066263,-0.6742391064534585,-0.9268125905838793
-0.6757831843794977,0.1679011084805891,0.04205759798451663,-0.04773100495874785,-0.2678394197901275,0.14323883530428091,0.0003182375510952587,-0.04599378237837387,0.055054654068598066,0.06473998889405991,-0.8695996716068577,0.5089322529436944,-0.02311750067865037,-0.6649946245902645,-0.6821884270364489,-0.019099694661718125,0.9616767452130697,0.9266382308402528,-0.7948114845104564,-0.0766814582912414
-0.17103240972706063,-0.041861595787640954,-0.26639363600848076,0.4399693818595015,0.004646797436498096,-0.12469728143495731,0.49872251113499305,-0.3878513562030773,-0.022117054122638202,0.01098823042550394,-0.5845379832230024,0.29662217356181686,0.8498913553804028,-0.583908858367894,0.7084747400903355,-0.27278032380638373,0.8449629827904841,-0.6582555862146591,-0.7609473079719506,0.5091735311764454
0.3801427723034406,-0.25088141066321706,-0.06751702464200215,-0.148826320498123,0.047146001677513594,0.3009848127771096,-0.008219149280428328,0.3415406913115239,-0.013816222837792713,-0.2723778140633416,0.9486404123096215,0.10443664686671772,0.40719701898917005,0.8519740171363204,0.5171554116414789,0.0704860978788373,-0.56317720156614,0.6426439680859235,0.004966894283188639,0.6922869648811807
-0.004224069887378723,0.028016572177930965,-0.026456281050992906,0.04601629997870843,-0.01736452804843673,-0.04956569544111705,-0.10104217762999212,-0.7269283845938641,-0.10924433209575807,-0.13557504276411209,0.29919339474522144,-0.7431055403045672,-0.318766837364749,-0.4518460239250839,-0.7259298752858607,-0.16363957750565805,-0.7734514221996767,-0.04734897140699945,0.5891641196157003,0.3501637267549984
-0.13633266380145964,0.06743996363545254,0.0782083521743474,-0.13988524436608868,-0.16664486057982586,-0.17867257646879464,-0.6633310618553961,-0.10529605567043532,-0.5169539780647135,-0.12940564301322466,-0.10174294765695824,-0.1558634933536589,0.9699538569836601,-0.6958809860414312,-0.9344917212683677,0.4284635787145301,-0.08942729985578435,0.47647615939291543,0.5286415327977982,-0.20054516482462414
-0.0011378812845159458,0.029917156802017564,-0.008901201727164354,-0.02531904011688796,0.28333121603240047,-0.2688215622677321,0.14645120698226213,0.16093784887806228,0.6453280965415815,-0.2423387802576571,-0.6379983102644373,-0.902770718614301,-0.6037523366955884,0.15906424354780224,-0.2999556278888056,0.8168450607382385,-0.2193183962034706,0.8375796219480616,0.5454609386303477,0.33537882602797153
-0.522787036837782,-0.024627061821925096,0.018500120781567125,-0.012559974947146668,-0.48257671872788044,-0.06356176728103266,-0.027716517176658496,0.5577126101043869,0.011423869921195571,-0.10169296737146225,0.8772670194621421,-0.5480377772356884,-0.4693018878728319,-0.7369474307072701,-0.4463305210885984,0.1225668570095031,-0.22923738650262582,-0.3939794311598581,0.6402231443118003,0.5330613556840644
0.057624553447669424,0.023198561154890218,0.005349537942195726,0.2723590568375698,-7.658262421250672e-05,-0.3185541644374955,0.18895104332680124,0.3938136588167392,0.43372094030004016,-0.06731065121006821,-0.7137730715508463,-0.29039115933332993,-0.9416168258205753,-0.8207258213787312,-0.5775569178309368,-0.2540793157656158,-0.9473206424246792,0.08635040780238024,0.021336770171213715,0.05803967774841845
0.1485688854303283,0.06435377688159769,-0.20030302247677106,0.02132704800012053,-0.21588097667743392,-0.0275703766967073,-0.20049669293788192,0.14172083878054687,0.26751193311544885,-0.30852653730458984,0.05069815208559536,-0.001078470941566545,-0.7257625438756878,0.31958799636704693,0.6475640850997335,0.4110412548839719,0.5046200197241244,-0.9246794567925329,-0.1457087394212302,-0.43714103261125814
0.1705434525887466,0.03312517182157579,-0.017392781530890945,0.04281709163151584,-0.12051237315819516,0.043645311098041324,0.043126451102867835,0.028965970821460435,-0.6617269256591347,0.4820409164066116,0.7171212398620554,0.03808273469796997,-0.29659852051814317,0.8140941571059033,0.762380120831917,0.40459440778711286,-0.0020517158909119093,-0.33217440436210355,0.31081431814032845,-0.8324719503309947
0.23565275836576727,0.05534863960866893,0.33231360967528034,-0.13955046615611966,-0.15116893248798785,0.07021974907686176,-0.16126873672796077,-0.059527376998195186,0.20134804996390127,0.5770888096813225,-0.2134274985632647,-0.9585463127738838,-0.14671398423071835,0.14266689110479835,0.7233062426746006,-0.5985835073870605,0.12830553325684413,0.8751128703882083,0.007138678435695711,-0.478170882130063
-0.3492015077050338,0.137768206255737,-0.0853479362867895,-0.4541327373510612,0.34473336936100923,-0.13747619936797995,0.029855212232175035,-0.25054933260886836,0.21793169122358436,0.03208255332015342,0.652833287832792,-0.3412077363013317,0.9127229833750274,-0.6855744682562015,0.013142626586129857,-0.021032182589147963,0.9136238130490115,0.6678781433557068,0.07044804123254966,0.0960317852479573
-0.014339071204142573,0.4602956481073116,0.04758798160313152,-0.28645799235401037,-0.1306272597629558,-0.052721556123170185,0.48015068927598636,-0.09936226003827234,0.028596269088253273,0.29485633864268274,-0.06710412438335012,-0.5463703290686515,-0.018344061124306643,0.24023347090653258,0.7397548453259624,0.6042890968766772,0.22243529369564197,0.22633409992971298,0.5388530320689215,0.9637762019091418
0.23057577919126582,-0.011769813456981304,0.03518232168937829,0.2066853610040854,-0.32761038589744157,-0.3585235090662956,-0.22328229875006406,0.4022389634002651,-0.018743254187529312,0.1039863852948466,-0.9972274780310508,-0.34685951805418047,-0.5247022050096493,-0.8077097909773143,0.4835499135472272,-0.8905113794503026,0.4832595215818989,0.5179393870150377,0.18588054930264786,0.06701160082091584
-0.2292313533891629,-0.4897931264989073,0.12710404005317014,0.3345483300757679,-0.4748699739314743,0.054540090062170865,-0.02845590672664411,0.0946943997907359,0.03613699413147908,0.03194584535260703,-0.6797151049041779,0.14597589710091619,-0.5429274972508753,0.714014148130707,0.830068897322036,-0.34420766525129154,0.05508327548782255,0.2196971996765793,0.22224159006284738,0.3723726263023732
-0.09785045826499594,0.3640978304381234,0.44516603427482804,-0.5219428280947336,0.06055784882278553,0.19575417453609217,0.009364055317808928,-0.022619495730610117,-0.1721131161861198,0.1273339182416766,0.008603076961592349,0.4629315268865499,0.979791852580977,-0.7918217016760118,0.0393455799914435,0.5418137925250834,-0.24798697311603268,0.3902254934701648,-0.6681101659041662,0.2937401321940747
0.12092288103716098,-0.09538824789924324,-0.463406813240602,-0.011806675922810247,-0.03543504754696636,-0.2476491155891935,-0.24637418425341945,0.2255515088585138,-0.03941561020343497,0.035719041410124136,0.6062947766816265,-0.37637520455236473,-0.7554021261537178,0.45028891470052557,-0.8908185049164852,-0.20277744828389888,0.20553855075415184,-0.5697680288710638,-0.18316853732892358,0.13303687521488117
-0.1591797576220969,-0.39747847434723477,-0.1798978852288189,0.04172038702534285,0.06598782980758483,0.6022758222575183,0.09878508057199296,-0.03825371243832226,0.04279929462161672,-0.01811734573046561,0.2821613907859033,0.4923723532147799,-0.6725796119671168,0.8655441417714238,-0.04840321989588725,-0.20090185143928307,-0.9341197637332839,-0.5025117194720836,-0.19398895310563935,0.0015777081631256351
-0.09170669813172583,0.19671709757095834,-0.12778684485592645,-0.35983955816832625,-0.17238600866476889,0.20213733109155796,0.090335872418281,0.24664428548485942,0.07496797977938754,-0.05163802001637381,-0.961065992050506,0.2712406522548838,0.7100382560020597,0.04568674351458002,0.8221991413591492,0.15103131744492937,0.40845138159064653,-0.08659004127123882,-0.9818872164726775,-0.8010428234880942
0.10468052646805662,-0.43643432223604933,0.26033517477635926,0.07853547338089267,-0.24551761138057782,-0.17367319473648174,-0.08453506585260415,-0.007188391545456787,0.1783251398729373,-0.4235220067826595,0.8950206879284281,0.49712699454208553,-0.9924067473449716,-0.9049261568154321,0.9610798974804418,-0.21447682116139677,0.5444448059058937,0.16144556849670044,0.008591059736337892,0.42005139489441623
0.01166760638380901,0.02496635473966189,-0.2131916723388378,-0.04506546612453985,0.03898886807296053,0.16148495566773793,-0.05560230138926424,0.07742447580279438,0.48015663991550794,0.12327972953217965,-0.6175712699454536,-0.7656327663348037,0.011474146204262459,-0.24061032314654818,0.32421976083651494,0.2438031892054171,-0.9277811014514377,-0.7558880930665883,0.2434480315237577,-0.6005535545927232
-0.038192666949004694,0.10855689953881294,-0.024247089978399916,0.0012015604702097227,-0.14285149024300553,0.10840334093948131,-0.06705434893023002,0.41771049707878893,-0.03842736851641035,0.6698295325033837,-0.3619536953320286,-0.13783162212271605,-0.5112702915724552,-0.38828543998719134,0.9063537260965917,-0.49463316105588584,0.6609254393441071,-0.10071252990900681,0.566317500145658,0.04320348118920947
0.11191501658164933,-0.205774104700643,-0.1480921077546486,-0.46707709300770217,-0.23269593561563212,-0.23180615798036447,0.07223599361389653,0.06287878272659542,-0.07710528172563057,0.2816166233038928,-0.2810484944233287,0.16497934861668706,-0.34290930177246093,-0.5416989226716038,0.9105772253725211,-0.9946597297734785,0.8687711103746336,0.09347938615965545,0.720129434853235,0.5380606813885673
-0.07311572535567265,-0.6190711848749129,-0.19941175455894472,0.14359126044931086,-0.18123583829485979,-0.22627538093981275,-0.10231073427122427,-0.15754087153721108,0.21828609397353732,-0.022314312347586546,0.4778418733908949,0.5702681770128954,-0.44080589185809593,-0.1766401347118267,0.053467673965316154,-0.2956446226173626,-0.6570634705716198,0.33552683865393607,0.36340669579281104,-0.35698554651753156
0.6335962330469638,0.038567891951791666,-0.018020286127906692,-0.3363537962324034,0.0641266904822565,0.31552417264018146,0.10832245015768269,0.01481650646812202,-0.11799767246226675,0.07073211440938508,-0.45883461652572666,-0.776634723932651,-0.7817143488547498,-0.3471273399451109,0.10188979247592833,-0.6107931040735908,-0.13815514200100099,0.19590711764072166,-0.009918385501748173,-0.5787678740095905
-0.4834674793024876,0.12555595487521132,-0.04746480571556744,-0.0720397257766133,-0.03339701097069936,-0.0432598213365345,-0.024663347879495534,-0.6090015694243567,0.012564771309484163,-0.04647181997859365,-0.27881449332691943,0.5551597776965769,-0.967862318447186,-0.23110198896223233,-0.32303473841414077,0.42220319754403257,-0.9813417231473072,-0.4964325754614394,-0.26366049533169433,-0.039314930993656905
-0.17295298966866646,-0.13761010676676055,0.31725538891962957,0.1697292531034984,-0.6490059787342487,0.053579705552036436,0.09337010252216321,-0.099661786860195,0.197304262475681,-0.011411103913903195,0.895308026923296,0.908740979783911,0.20680351453627077,-0.7143051960789111,0.36197198139949793,0.5292731081490816,0.2621699482763944,-0.13894563052889009,0.26680939506983936,-0.5955525870893306
-0.08874081541492643,0.10281630500219363,0.03458951523429793,-0.7600130801859662,-0.07719784097081073,0.1690737336259388,0.09090218921902801,0.04083460110297993,0.0364324945639673,-0.09354408179437108,0.47077437462557614,0.16886539684064217,-0.760108967770466,-0.6264015963480358,-0.15607198173707437,0.8428393708622295,0.5307306403782908,-0.19876086702364648,0.06735512544683875,0.8557851907910436
-0.12103356485733824,0.12819952427451503,-0.07171042306138287,0.6427131491511802,0.0356082548683271,0.09391758360338784,-0.06653450731572112,0.17567602461937706,-0.30547753141241507,0.030851468741320345,0.6420378489021865,-0.7949824838684332,-0.8988730754043703,0.42038525605635946,0.9910382099338515,0.17909999870591453,-0.6790402259752051,-0.992717197696761,-0.8334191039933763,0.7067608147612054
-0.02800249637273386,0.15067587272158156,-0.055790235819353565,-0.619463952002726,-0.0018525147438775494,-0.10767096203295297,0.038603017317837184,0.1010687950095009,-0.4771762754438964,0.03344580120736968,-0.7977113834126315,-0.9567049666956051,0.9374287700770503,0.1453023091218082,0.07312117918109262,0.04037980203233604,0.07015004133122726,0.22649974413357454,0.5398574277256223,-0.8721719119250675
0.03370689772911084,0.05913696672202714,0.3587909125851836,-0.009914326202241384,-0.15877359403219635,0.08320102199902953,-0.18661060367833793,-0.08398031652778674,0.7669289560499465,-0.10915080904764966,-0.7919623712022379,0.8208649251677402,-0.5453152710369642,-0.33804781605880097,0.2412321420502075,0.6764385871175771,-0.8140628977794082,-0.8950483375596285,-0.6198087682051991,-0.5237830640364431
-0.04706241580303783,0.022485880558172217,-0.019931288207194878,-0.4751050432699353,0.41823591551600225,0.01886308910032202,-0.18788688609030907,-0.23336379870279397,-0.022129711071931957,-0.25288381500498913,0.6390521722061526,-0.005316910900157179,-0.9545532540635462,0.9477269941700466,-0.5821273173349384,0.9729749527753613,0.7179579592571168,0.6286034174563584,0.18228474381879267,-0.16150592246611284
0.06255949241821568,0.13992345191204125,-0.00461132869167219,-0.05175350744394393,0.24372713461757084,0.135454990411494,-0.04908354416100616,0.03557883031383177,-0.7147511730004699,0.030816282467850988,-0.16094576408336603,-0.9500588826307816,-0.6543415771535976,0.3620762682814871,0.9330297349834853,0.6013896404595522,0.9094283086734185,-0.29279031938476807,-0.8548279065604321,0.4233323138205911
-0.1620742202901792,-0.017748018571208557,0.16605420234316237,-0.1600074830674914,-0.3785064916580617,-0.14238115024891423,0.3820058693720444,0.14447249545492116,0.310730921388899,0.0550022975401922,-0.4824147073070475,-0.9456640919427282,-0.12001355653602452,0.4626138622090956,0.4266443032495917,-0.8282783808815823,-0.1725183959609773,-0.00836156766296603,0.1686946987391229,-0.07150988678052062
-0.015002135841062816,0.004006383588248716,-0.026426627715639257,-0.42623953616061006,-0.19735572425726505,0.008141259961041147,-0.03176082871703589,0.46386959061797073,0.0798863972546563,-0.5314592614528668,0.60576459738229,-0.3332216327675934,0.43042289073657836,-0.08722166251160379,0.03753531715678715,0.5130643433735906,0.6046799590462391,-0.3607603072591923,-0.06375090384028259,-0.8554791035751177
-0.014825976986785908,0.13031551900812538,0.0013551490628478796,0.013108790402280301,-0.06233379927702984,0.2351288038998608,0.048671130402705376,0.23364540453787874,0.06905036429471709,0.433257787147484,0.8517822236644637,-0.268971842970948,0.41522796915291194,0.44720656364242717,-0.4053076503812212,-0.9120138493941032,0.4672617061148916,-0.8862459662236339,0.9963594015538966,0.7941753543516898
-0.06745573254276183,0.1627669029136677,0.11312378344126572,-0.03684685364269452,0.008893488390742277,0.5934953074628482,-0.08920234952426437,-0.2355604475902403,0.08449160012753187,0.25632202013024513,0.9094543345306465,0.38507782627873977,0.8730852124899648,0.9999404287230818,0.6905938922266335,-0.9666909818273628,0.001138908384336057,-0.2633840259611815,0.1040759576266932,0.20426579953143986
0.06717823777260384,-0.23596427381991114,0.25889791355656255,0.10852523969886418,0.24758284401597508,0.12866417945811465,0.04220109947214367,0.08071437309181073,0.31382534676762464,0.018075036888894933,-0.2476443177173775,-0.4088485727975155,-0.564536311383891,0.5919979675570177,-0.7621270702866092,-0.8268692532038497,-0.4814748398335966,0.45963139123291685,0.5209974058011095,0.31947397496996865
-0.028487923439848482,-0.13413296219636905,-0.011450789633306258,-0.13264159332155548,-0.11573118161515744,0.1049600999259453,-0.10061414250759175,-0.10471194273876377,-0.7553611193611438,0.026869525061975097,-0.18287963506810345,0.5251120629760511,0.18347132817202683,0.38956660774069496,-0.15404385220057382,0.9505643707442584,0.8461838093067755,-0.19264841081881556,-0.7903147682444693,-0.7278510565200653
0.7792710680938204,-0.040661147341954224,0.12694259156326362,-0.03509707845231683,-0.04497478805112569,0.14986399568967526,0.010016307311511756,-0.0006473111187648454,-0.07843258305536616,-0.36632555872364947,-0.5779674204883616,0.30174864967139947,-0.12086313342259003,-0.4674839755214233,0.886775056354469,0.9210881718750088,-0.7498725403435131,0.5877023660510095,0.5502986317083738,0.19358238881560985
-0.1612502515029477,-0.04694556732718616,-0.2370677422357458,0.0007371501423715952,0.009758591678860042,0.6513990122018368,-0.15369204991794855,-0.021903710485970437,-0.04886070307009636,0.09812490065818791,0.983308616025494,0.727016183633167,0.6200301630695662,0.6070517253200518,-0.7789545290284607,-0.746175242305384,0.28235566472711104,-0.7969271449954727,-0.4971788073944612,0.02727825497867742
0.37835362757890606,0.22703317579198684,-0.0283581756899563,0.27195580148920373,0.3564414838385891,-0.05345400561094537,0.055112087284166056,0.28765763910026687,-0.3237344384852979,0.36106588232678805,-0.6906816591298024,0.7218985010271959,0.5011517003550656,-0.5709417948516495,0.3774286121820247,-0.7086246216591223,-0.29532188902463186,0.943125167372737,-0.7537791535468834,0.7771563081380968
-0.10438531662785566,-0.014107551873392007,0.7094655209336762,0.28870704716642,-0.10021478398407707,-0.14109581028142082,-0.007828412242959475,0.030494141363217125,0.24455009038421388,-0.002269251237225732,0.43781076445939804,-0.03684536731278332,-0.22098191512004717,-0.8442430693618534,-0.45832070757180654,0.037313581834083065,-0.7213383829904834,0.20550156482118687,-0.7617599832213027,0.36767161001918214
-0.039975347097985225,0.03761714698755042,0.24008465744307353,0.13569953449628874,0.07829279506913589,0.07282251610918355,-0.2777260083934844,-0.8354353617809839,-0.013506499501777285,0.004217157116477854,-0.2751922157079403,-0.18429666802583,0.24233366016404534,-0.8601018946919194,-0.28539125271285415,-0.5219008487645531,0.4743370394948776,-0.42492809357515693,-0.4076326837836981,-0.116963494451646
-0.039471224303883175,0.035699095232738565,0.5501274343762175,-0.2728493677812567,0.5490049835323426,-0.01652692633612774,-0.10230951921188253,-0.051976013612639885,0.1915672356165738,0.07921605272148315,-0.5420948137004387,0.70745693535465,-0.47980062625370357,-0.14602567960197588,0.5574927254160851,-0.627242911655777,-0.535581036994738,-0.5307632716946387,-0.9900560684613902,0.01512074846593614
0.2703183904598138,-0.07948803163028964,0.00846010059232654,0.04957862010774121,-0.10502311425489386,-0.02070250049893873,-0.005252095953024925,-0.20467430844425738,0.7342156203726771,-0.0016846525718097576,-0.16986984092133528,0.22169231017834345,0.6475257093801283,-0.5850198547018319,-0.05185723436919232,0.47656209267606764,-0.8773749159081596,-0.9005961645105274,0.13454491564382542,-0.7296049422729898
0.02956392122526967,-0.13892941899472563,-0.003630495466152347,0.004229977371427015,-0.24933773551624805,0.028807773368140034,-0.6035848337890537,0.08108169916870836,0.1038418802502028,0.002378108143064425,0.5210781095298618,-0.35671696679683196,0.008676718692805618,0.3756245614506659,0.6341774055292266,-0.20986285381192937,-0.06013786540247357,-0.4534072582379909,-0.05437249527531107,0.5127382385721577
0.14354118084789452,-0.0004645218347502922,0.0029974968771879842,0.5595671638308746,-0.6063490730925458,0.10394360117642279,-0.013349295617790042,0.24710285771347879,-0.020740327326036756,0.11785845021585961,-0.5501638296563527,0.35744824597461067,0.12169205530322125,-0.5158371936277502,0.24132413285565524,-0.4427284425725124,0.08496700399544532,0.5815259611612438,0.9992694603406889,-0.17006318914419705
-0.12697669915040188,0.04579646080006959,0.20372387766714034,0.23082071624155337,-0.049947346970138556,-0.7109853125655884,-0.26303407717797106,-0.08185801820517853,0.04289874736836988,-0.014289916514829026,-0.8122157682332085,0.41402071837558796,-0.8696784393636345,0.6357603462802106,0.2610336737579966,0.008530820632546732,0.9355013866641839,0.7425443971929278,-0.5190524839034738,-0.30108521117618703
-0.004604481888726093,0.008910973791968091,-0.003890548753092269,-0.023350237526306238,-0.007281308380267908,-0.8068468895442575,-0.1195708297689691,-0.003519157873039122,-0.008791146954095858,0.04229858580830685,-0.6665882347910101,0.5060337045453038,0.2226798042514988,0.4096504835922181,0.43721300011095354,-0.11591729571367515,-0.13476675698351714,0.026077876526917176,0.969626309689676,-0.9698207070295009
-0.11367357227272135,0.06655713585593398,0.3399827262257813,-0.09390782718287904,0.27999196317119424,-0.5162789455256986,-0.20319039895676147,0.3863441315993898,-0.050984392533613865,-0.038089841295636584,-0.5026793118207642,-0.5057000292713092,0.7364449730658211,-0.7392814736106832,-0.17008769341898566,0.8534878252806855,-0.9318010396196319,-0.7954954368960678,-0.45077383103820257,0.710312490335268
0.06799606003066777,-0.10316236964924255,-0.2530452320865515,-0.657143249359546,0.13886122522130212,0.05064354474313028,0.030994176082106986,0.09727995544735554,0.08617580743119459,-0.004528370148585478,0.8535699075556735,-0.9821371155333658,0.09216115396727798,0.8635163133668282,0.5391078463727534,-0.8280214437108255,0.9247049667001979,0.25806328013528557,-0.9638289567304335,-0.9914356935145126
-0.07469295981043944,0.21834783696194315,-0.08213743209692032,0.4373536580588582,0.16243743282675605,0.11025256727425714,0.3952032222847135,0.23877850582178534,-0.1559557532631578,-0.1574878331535886,-0.5343745379059166,0.6175922418683071,0.9845285837665918,0.37174206828281986,0.5372872702660694,-0.36171662855554754,-0.21118167896440632,0.8738742269182118,0.6569572009441664,-0.5695475734506732
-0.05778935009287485,0.11234066256072972,-0.056265849551996,-0.20532111073502393,0.05593165365788977,0.3494141138799526,-0.02629030248537163,-0.24427420286996843,0.22593577126493403,-0.44013478710732107,0.9031762883549384,-0.9750413597120045,0.8847772492112647,-0.4133292796517627,0.7982445975269077,0.10016520565911402,-0.32728601707260285,0.8718235367462552,-0.8460918968668512,-0.18956759675648294
0.18260368123017406,-0.12328542746578718,-0.5271110396180698,-0.07971798626470272,0.03786218053821683,0.22418992340532784,-0.1963804748377233,-0.3008792629099444,0.11056120780972453,0.16276289091165552,-0.3201387939201765,0.4789699285892479,-0.9022640869582059,-0.41103810609724234,-0.4540457839753407,0.519720799738536,-0.3067786436773037,0.21746664665607418,0.5467744412341133,0.5661245898362353
0.08653308538938581,0.02382882869868247,-0.06918671867954229,0.15378892470821232,0.3745525156947259,0.21221923587691496,0.5589122608974134,0.36714824135522495,0.31662249880584287,-0.12581379147794397,0.30250691484694414,-0.12050787385216877,0.9103929142352589,0.6087751169336284,0.4737402078447266,-0.2293933856326409,-0.8456504408339567,0.4748398261439073,0.5051222205999424,0.9337874249223577
0.004380629894170711,0.06907487629904287,0.28284155230272057,-0.6052084696842086,-0.18188889250163995,0.22010874420536353,-0.1405744952355213,-0.0830482076864853,0.19963387200500576,-0.052648504833694515,0.46679470591611394,-0.6723857672936411,0.5730058606049893,0.6911360571809024,-0.8549669715747072,0.1528276441477583,0.2967124339254106,-0.28519769760941815,0.645728366503906,-0.8259671127324515
0.021559037400374556,-0.226268190930975,-0.18620273588209427,-0.052589904739781076,0.002316144695713729,-0.19832111790086482,-0.07780486890399005,-0.16325114493296217,0.34991713303097116,0.011736481447112132,0.718074437120424,0.0335148083232486,0.9459605753778582,0.3159316719372973,-0.2646978056708398,0.4761670598077341,0.36735018587663815,-0.791849696862573,0.11899868014608095,0.07887734985019912
-0.08494791375564997,0.812734334895817,-0.03340819374367157,0.0859515862811798,0.06395300494027975,-0.03883535064534638,-0.015953237117394742,-0.03237368611864087,-0.021234809774559715,-0.09418179618134609,0.25255213210166305,-0.5730872753102039,-0.7548568111772254,-0.46376788116608547,-0.5351629397650361,-0.13497105901832396,0.8802132209130074,0.1284852524237634,0.3715211127858806,-0.21285922679965896
-0.4894804829249223,0.10330568546898225,-0.1531175930053157,-0.030385505338907083,-0.22776219460821712,0.15490777647385598,-0.0007462496349033799,-0.004608004273248855,-0.5167569883535797,0.04726983231320281,-0.8727042868599793,-0.3136286154906278,0.26395208419897864,0.5522191785340527,0.6517607206477405,0.8657850099554563,0.23190043812595973,-0.22436005289627547,0.6322724741899943,0.930530454922307
0.017964509108048116,0.15608553460416524,0.4188589936033026,-0.16971262720544464,-0.2446356460435203,-0.635113659109765,-0.1873712010003583,0.06852906676360312,0.07401766247750541,0.06387222483482827,0.792516618629781,-0.004401701654972889,-0.8944006280240042,0.4203589195201649,0.3659931587874494,-0.9340356154993132,-0.4329030288586744,0.7065478273320667,0.6544355922460472,-0.44087315451582243
-0.22311566896434298,-0.15210641281808188,0.31464807893974256,0.42608746861781843,-0.08726116221680301,-0.0001601385211857792,-0.10523248965069719,0.3393407727268306,-0.17330089545026206,-0.5127372618810282,0.9237046090834018,-0.5749687168963633,0.37579193118484455,0.8435809899881348,-0.13043554738079322,-0.05678848526739966,0.34251780323589287,0.1144513191156371,-0.21864518939163435,-0.5951990339546847
0.021862340618008902,-0.12397585745326485,-0.013922826400497662,0.2177270844637944,0.23082088834424097,0.12861848570941076,-0.0007249855896687973,-0.19970577744356355,-0.4750552501402797,0.39104545999583995,-0.32865841529557316,-0.8810933580700653,0.2873530293467361,-0.6840007415590581,0.29835578740741764,0.3978881480256129,0.21554009967244037,0.19757943587949978,-0.282176802362228,-0.29114607396447423
0.009563664335652991,-0.16089440585857406,-0.031121416284554334,0.13798090899101892,-0.19275257287671055,-0.19444944255548868,0.12660518468127221,0.8200036968777753,-0.050612122326495756,-0.12201121506274307,-0.5877846510717184,0.5177178744402351,-0.5548840439719744,0.8728527558262951,-0.35045967635315267,0.42499023514175605,-0.3502939416181847,0.27997246024555733,0.14242871914220623,0.32136676919592255
0.030866896553997797,0.011840663606394741,0.23082129277647975,0.09479120142138331,-0.3940140426768647,0.23953458575971354,-0.35230538393256283,-0.03598638954282998,0.1729536177408425,0.1758022888231806,0.7774780333683124,-0.9798653150548757,-0.31957078103111347,-0.2154627629339778,0.6705129319328,-0.7323263124430548,0.18015182139724928,-0.9756365163903284,0.2995051924851859,-0.2719769644770631
-0.015843207031948636,-0.13281898416920532,-0.23369096968712472,-0.050906845013425184,0.4902683707228527,0.17879351464656038,0.1026541334443625,0.119683894686203,-0.16752660290672441,-0.5052234042187864,0.45347093461226673,0.356764217736252,0.6608248769289231,-0.9940471078280486,-0.08712753521711969,0.1727609438008575,-0.33601287963937043,-0.27267876930046553,-0.05526892369210468,0.7830360800740226
-0.019391373778048823,-0.015536442481661757,0.02988075948535936,-0.6109630787861282,0.002341581109692681,-0.10243139207017514,-0.02150191809565931,0.3995929558719836,0.022352974290416723,-0.02998313237871576,-0.03508888395554566,0.004717896551068579,-0.7267159829736503,-0.09558348333736655,0.9637947423762312,-0.20103734358573022,-0.9512923569161804,0.7792440783617243,0.6154614489200598,0.6469887552148423
-0.0008364383057589964,0.20504025892830757,0.08641595009158842,0.01498114425002034,0.020862821524899544,-0.5069195787988651,-0.05223871754600499,0.39856486729999013,-0.3829726180534686,0.07404533587931178,-0.5054699902597783,0.6546312539777996,-0.6932652062597517,0.17489013058777014,-0.19046670730591053,-0.7854769988095816,0.43707864317744427,-0.3598508883218585,-0.7047935440639579,-0.15731209868041063
0.29930192639520203,-0.2643946124884453,-0.2576206589729263,-0.1416648861193492,0.13726584263006902,0.28204672780642104,0.38425920982636985,0.08599543663461218,0.006719685457963198,-0.0146150917330225,0.6062663210343617,-0.9942992091258409,-0.4104752952554629,0.5178672769483499,0.18723865227574943,0.4176867788930252,-0.7441726841273004,-0.410279307840667,-0.43966510110087986,0.09841307278282407
-0.01813948464441878,-0.29973135105941257,0.03373520788096964,-0.2794279073002951,0.24282083168943402,0.11101195868294494,0.09772187495151452,-0.35201029621930324,-0.1289539932267416,-0.0076437346426950145,0.1212645853286689,-0.6896119252860737,0.1904987114310963,0.640564593763046,0.6491513008834822,0.462735295506038,-0.2839932702710297,-0.26357572049250844,-0.5670571647186795,0.7894291249316201
0.4876675014375693,0.5008605883542911,0.16667590385245484,-0.25437724214565516,-0.04822864615158928,-0.23917814044574914,-0.12254289312296696,0.04513356624122977,-0.10049727510967443,-0.01739868775810366,-0.4577016558615197,0.23626846401041357,-0.3918485327117549,-0.4253336904670528,0.6731976888721294,-0.44312814651849197,0.4412645466634775,0.5686968142115072,-0.9174311334942844,-0.9164541809297762
-0.013858036233895171,0.31038212714273034,0.06430999674120988,-0.6934508939290669,-0.012215169669991394,0.342832049516668,0.00955633986908477,0.1662912931615936,0.022742865556933303,0.03712417620295924,0.04644229048021975,0.4101649846491455,-0.2989942697771759,0.34856067647084,0.881824139115511,0.9916775817439918,0.7388642527495699,-0.6783164591870692,0.9038124767446951,-0.17412709662064763
0.10850548454519923,-0.30738127893308914,-0.008714293046485161,0.4971309730822061,0.07307228272379938,0.21587244633656857,0.07127713318971016,-0.057631345990116975,-0.3624897577468798,0.000994926879061414,-0.369070953807936,0.5299151816293803,0.6339176652372536,-0.24053421087917326,-0.939164667927691,-0.9108647536621217,0.2768210875980872,0.34647351026472073,-0.5092822046529457,0.29044242142341936
0.0375465286582789,-0.18965781286026862,0.20091153394251884,0.008231087840995549,0.014021813245369025,0.061276701108347265,0.08153166156985497,-0.3743866687123762,0.4160068974992953,-0.48046479519890484,0.5661283105508246,0.3287351571173225,-0.11256004347095327,0.19512765604416926,0.38013623542359376,0.26108232262173403,-0.384056729364213,0.23505187436032737,0.015818643812827826,-0.37583216787999896
-0.29230842101471266,0.20468554124059363,0.3066338876620678,-0.39322617218729516,-0.38110916564078456,0.0483119487501138,0.11635626356433681,0.3475250920515769,-0.30590949951639645,-0.12237408815102763,0.6005655648718837,0.3612220759835061,0.8446090406250293,-0.997180940723648,-0.11976673710947994,-0.10355844659817803,0.9930079588968981,0.248228286573698,-0.16713950831530644,0.24725337016940974
0.6101805501224783,0.18219495617988876,-0.21604380706288637,-0.062170983598587304,0.19918965521833104,0.15791722673252528,0.45822599268601105,-0.07171057491704134,0.029527573823556308,0.04050100393781272,-0.9128690200442531,0.6330196822417276,-0.23278478954043025,-0.5867210301310668,0.3066203566203618,-0.7372723409874975,-0.2980139928374388,-0.7039707787370808,0.7504995877252731,-0.48301625921762814
0.006515367689043129,-0.0170161222553521,0.008371143999313262,-0.45007618666820587,-0.19779209760386093,0.006618490127905975,-0.6844552992822324,-0.00051273193692228,-0.003379664932379155,-0.016709646508894713,-0.46874870203649754,0.05774860056159148,0.3199403083986134,0.6311995823522054,-0.9705554004391097,-0.006918754800841809,0.27479870910860993,-0.6867343815414899,-0.9722951330439684,0.874421261086511
0.06035266446900857,-0.1765886292866754,0.015987283028779414,-0.01678464604914412,-0.33170366591373823,0.07145579164630735,0.11137669769851019,-0.5433382880442895,0.079842563085882,0.019580036003093715,0.24284438473379333,-0.7610159476323526,0.22244897897072713,0.6961785937735196,0.7442261779252508,-0.45315822885833135,-0.10636318834388891,-0.2146668934681959,0.5879893542183332,-0.29022049991694177
0.40859410887673375,-0.2908711218154637,0.010442040133798014,-0.003524910951648197,0.04608394467174577,-0.24931381907911915,-0.07967322186512282,-0.11195863718416413,0.11025401895569323,-0.2355515314906274,-0.6461686778814704,0.4880289039031869,0.39822355621923156,-0.47835004905692324,-0.04295836102838235,0.4981764476577657,-0.16037210617055986,0.5720484291134216,-0.259269337590992,0.9802884241025507
-0.02042375637997294,0.22894750967987865,-0.4353647278947664,-0.009845745422027374,0.06397168282356552,-0.5661144537053383,0.11842657578330873,-0.08061513390636649,-0.038535510451016636,-0.007664116974242367,-0.5181157531136733,0.8546354080543481,-0.4927244551987735,-0.312931491438186,-0.9741586652345702,0.6276047401166973,0.6774287492054747,0.1150838927208524,-0.9586321866906407,-0.11626476204281389
0.47206023370732453,0.11398720327206513,0.0645017945327033,0.06103974960813635,0.10362781728455164,0.02008531095412064,0.42077685737357706,0.13450396272936127,-0.13074581045152928,-0.04081635197746153,0.883728517417594,0.1307788501307836,-0.8288030294562061,-0.3470120733298703,-0.09200826004484597,-0.039562735905068536,-0.27361263924398416,-0.5249902972046476,-0.579561740354742,-0.6500315777189571
0.14262773919213967,0.37222775803041386,-0.22696670154896076,0.06856470015844698,-0.0012213460639804996,-0.18768202205813006,0.18052719161084008,0.5704641585665624,0.15928182001172764,0.047278122751092944,0.08573714021458545,0.8074661487746524,0.5767938104127037,-0.5999132004127621,0.14483125224778837,0.22070345559614157,0.43471521504775623,-0.27424732786520445,-0.9248685090305575,-0.8391018391207503
-0.08264518633229352,-0.6018342273277245,-0.05277143791873058,-0.01306745897913756,0.31831961887615423,0.012483400280969392,-0.004122838173160573,0.12400752067320053,0.008244498406308975,-0.2370112710921768,0.875975954288919,-0.025231602827880728,-0.42969660993038117,-0.4748496843838186,0.4346486523702515,0.24940572207260558,0.4995881958358699,0.7311924768518241,-0.0072445937413632144,0.8678381420049837
0.0024211777847129353,-0.13773371383418265,0.2764149064738036,-0.03525223340439179,-0.43791566652424463,0.014378824237780918,-0.11269381933727834,0.11714374441562747,0.4383178241318796,0.046887361240645395,-0.0641785806926587,-0.5525566090434877,0.8671881807506137,-0.3075637390658714,0.6670149725396068,-0.6280648054542535,0.5603547947143466,-0.921822493683029,0.03286208590857709,-0.31068766344959187
-0.2632181238962321,-0.05439900258767398,-0.26047636796183216,0.06987615373499306,-0.06538010296622654,-0.11096589567600862,-0.094661658874311,-0.03567019920065129,0.3209602924884317,0.409764889043008,0.27903053648587917,0.48996496318998206,0.010036965610062953,0.8788080521648416,-0.5454121228664446,0.15135886888906436,0.07387813432399915,-0.5417409273888631,0.9708322573291917,-0.7390541580561829
0.10795291152130082,0.13769430015832987,0.11804763941973423,0.06044428722453851,0.6526218660454738,0.09163237738419655,0.09600475945675224,-0.2041087445468015,0.4159952970722288,-0.0763200558330713,-0.8384099456813374,-0.9545409734764152,0.7369481947066803,0.9588998542302845,-0.1279649405309622,-0.8173764992220127,0.42459855920622314,-0.2613559852675029,-0.43156873466856505,-0.707160718419295
-0.32050245171233327,-0.05338829448744742,0.09193661053409474,0.03380480910512984,-0.43720849335015294,0.3127501362983388,0.2792866828473592,0.14505788262547192,0.07398997882968161,0.1786192037585117,-0.9027057996673635,0.6412850735431814,0.8294214371054289,0.5967148663112565,-0.46752891927583295,-0.5758575757330437,0.1837818224379959,-0.273708160270661,-0.5436005569971389,-0.9483741612402818
0.07042419001765804,-0.5216930508315719,-0.34917446552388176,-0.030123959037716946,0.055927574818108616,0.043664470529333144,-0.35062314066816336,-0.28346072129119537,0.033946117814958904,-0.12920476602294084,-0.33151777277043926,0.4157512401527932,0.6307350607127702,0.8731496651491006,-0.4443804995717786,-0.6026791433636136,-0.7428865377745442,0.2374774277637155,0.9832971083839643,-0.20966868885570555
-0.0013036900323618143,0.17490724576315692,0.08386552148732965,0.1992058768001559,0.17464224428094052,0.3259215785059024,-0.10008776910366599,-0.3495765677363472,0.1311686201436097,0.27471429273992015,-0.46112332903958175,-0.09309353677991394,0.8279271154343564,-0.5589082097301052,0.9154433964922581,-0.39172204662772603,-0.7503479237677049,0.08335540741437142,-0.24919017620241246,-0.6318024540552849
0.06513536291789111,0.1336153088615516,0.2081074770204449,-0.4489421603486903,0.03878066284523192,0.14064089887428627,0.06817073313163002,0.13547173961894807,-0.4166621194606644,0.18449950680655502,0.5655728888523739,-0.2761132744195647,-0.6208890461783827,0.9881520738999447,0.8953530897277473,0.15009998002120306,0.5699903985260502,0.2058471201938601,-0.1058119281118195,-0.2551348850982216
0.011678426557850853,-0.027849225640789718,0.028057975692907442,-0.03478509941368832,0.3275802964104494,-0.1082056198371944,-0.1936863488076374,-0.029970011445969263,0.06203825156967609,-0.5628960365074325,0.7256602915035126,-0.4651163189497587,0.867691874052257,0.4301585463851716,0.9897270637252105,0.7295291499144607,0.029804147149077087,-0.8661681286216805,0.5619974877735772,-0.4516551784370184
-0.05683088461204702,0.04843409038681956,0.09998816580626568,0.23727717946311755,-0.4396070145030152,0.06184002933884475,-0.35399801334615744,-0.025072958237701254,0.1832440067412868,-0.14023521891473845,0.801710333210768,-0.132345308579908,0.1462786757058252,-0.2081399972775011,0.6134436945876907,0.9700019559998088,0.815842016637061,0.41602936585720807,0.9447412812566227,-0.24398796380542764
-0.049880417519100835,-0.7216310599524108,-0.24593561341791162,-0.020429430309422986,0.052359350530531236,-0.045464613225396494,0.30442194608890827,-0.1456843485227477,0.1427605545586028,0.03128814472591143,-0.4159568427911473,0.8219836440298212,-0.3990196002365769,-0.30651712830232114,-0.19679326488712623,-0.4705666572359435,-0.7360283147600362,0.8967112204330909,-0.555262807725057,0.36764207216813016
0.04698697981240463,0.07310224746131168,-0.016745987438417057,0.3874569079892477,0.1595424751867075,0.09398672081124182,0.171117601150902,0.3486050188464193,0.5236663264669162,-0.20730607792858127,-0.01524393526654455,0.17498010212467952,0.3660422304828661,-0.9988505524399356,0.21252522943952923,0.4783283391857034,0.6028118788787007,-0.8182428251964702,-0.5197563130085769,0.7535262375221261
0.37724607652518005,0.4305833540252691,0.19871028855749384,0.01961828162777713,0.04171082209132333,0.022258058804054473,0.4631854370384243,-0.14233897159388617,0.13402424383119788,-0.024185170932539163,-0.46047968050507926,-0.4333694450632566,-0.17253410626111076,-0.22795259344690666,0.5139494320703588,0.5167599066554838,-0.19502494479007804,0.9000979268906955,-0.07774774167421294,0.1774388235888329
0.11666367983640369,-0.12669251687549749,-0.4628981187491001,0.04780299393717645,0.17975877214892377,-0.046255838371352304,-0.06110022010658979,0.2566912888087558,0.6237427574677723,0.026587588178611385,-0.6560887401606148,0.8875226292975718,0.10948997094147161,0.023192748211963155,0.06316502626636433,-0.01027846918129205,-0.5616370428305466,-0.16386173060471787,-0.5479961845292074,-0.2099423449157023
0.01432800199188794,0.45942337896599694,-0.49153725645432345,0.09885928762177773,-0.22566264742108272,0.04035013093458267,-0.07794817874412116,0.06916523555321588,-0.12498429236441307,-0.3345181721874688,0.24009293428061462,0.10531765743568666,-0.06476803817174326,-0.6745598269394344,0.853353050548354,0.09858372602504972,0.9109087324696707,-0.7090208485535494,0.08438804138114131,0.7861117629562004
0.30673371125501403,-0.05220925972452088,-0.4659958891825374,-0.47390327497212714,0.25932463692129526,0.20824286045989887,0.10538734311705669,-0.031202307746127547,0.12303371130255006,0.013291063368236045,0.3254423043963486,0.5476624633543463,-0.4380797725711365,-0.027618190813333943,0.13973597128471393,-0.9521850241447769,-0.4225665416844375,0.09936589964327691,-0.22416147238204176,0.44413724689000866
0.03175890821370281,-0.038086331053046894,-0.6984924357220951,0.04167053551444211,0.10938092045189678,0.1210870159139365,0.10552613503664916,0.006826532596136636,-0.05365944865263572,0.04288227258322572,0.7575921132833991,0.11826193331513601,0.9269575016147023,-0.7403732538551249,0.8170132558978735,0.45480253659852177,-0.09022314815446464,0.2675546995581979,-0.15225806408781284,-0.1152209235616275
-0.035565172923554295,-0.039309421182116375,-0.8467428956102823,0.01754573879148763,0.044616207749848896,0.04921293958375539,0.10974378161947758,0.37918782567888276,-0.06439050001643842,0.06280338318545416,0.02756650863815424,-0.7375313202847997,0.287794190793917,-0.28762924120353306,-0.30732715196409566,0.7895546299955527,-0.9071877023410213,0.6566149127275576,-0.5362593724021214,-0.61123282449678
0.5381376895978849,-0.06340591863171277,-0.03236912518020462,0.026985721886485854,-0.08437313693306275,-0.43372179645236136,-0.0009852314559545047,0.37804131263107765,0.11377048567393469,-0.21433677733496387,-0.48279081185701833,-0.42905615851450474,-0.800381181536278,0.35150446644206856,-0.8238072014141409,-0.36159698379807836,-0.8618709294483737,0.8060390515926894,-0.9154481656762492,0.9107386079018316
0.17495149389971332,-0.14757339004072362,-2.942612458194105e-06,0.008320897160800944,-0.11251913293717547,0.045891450636920364,-0.36657570635882286,0.14863425542444364,0.7959897576610051,-0.08389405636773364,0.5525211393636835,0.3289129434142757,0.41143310623842155,0.5893615997661783,0.6446999400070599,-0.3310604839119662,0.31851377087032806,-0.48569349598461753,-0.7839529661108542,-0.45435871174147846
-0.10718436255170748,-0.15916057626305805,0.03451097445947793,0.14873238419630566,0.14684805856744848,0.12523890026648077,0.4939836257250806,0.1251442439530801,-0.10743612800294972,-0.07659696485910245,-0.8975803431600027,0.23969099219406442,0.2758917215117418,0.5217357879591003,0.6096119700847291,-0.3238902169787148,0.2696900741022845,0.12217323961005966,0.8505767304829139,0.3882491059795843
-0.29769802462385214,0.09617806932479589,0.05602372327204476,-0.1467195015452012,0.14211257966595892,0.13558314688372608,0.013820871907651217,0.20169427242499227,0.6591807006143552,-0.08738958860460504,-0.8707022162709035,0.936033888888385,-0.05555358388268439,0.5381205994013498,0.42482330514956135,-0.012190233424681285,0.05989247475292614,-0.5519906303757238,-0.7593413404411464,0.8602043498119174
0.3065421580800822,-0.3592568176662615,0.0513012829054596,-0.025863334818432168,0.0025159052858204634,0.2597768540832047,0.020375594676477857,0.3413349142391364,0.05590989799669499,-0.0680905007839861,-0.09052042572796193,-0.23751518472917388,0.952025327499141,-0.879425615169011,-0.8663211014575964,0.35444901715662525,0.40994696311398404,-0.6960391599378404,0.09848523035431844,-0.27702761217313654
-0.02273573287412914,0.13277668268027132,0.04087239850502232,-0.4115605793151035,-0.013308750547050475,0.06799084576874415,-0.5946727403583649,-0.07427917691998719,-0.47908846028927576,0.25695103967953536,0.559158227107553,0.6577386703556505,0.6036108778691869,0.09425282261919521,0.4751536774920575,0.08993099319516062,-0.11253717138813468,0.29312116395546206,-0.8530873725994621,0.5169737653625637
0.04540063977927267,-0.2023504477109513,-0.022439407200695594,0.06384729073899156,0.17512552173276053,0.11675825367073739,-0.223912941922281,-0.3727454541023387,-0.0878028283737822,0.4712309492309259,-0.7026159795308569,-0.4384297595328597,-0.9141119841005976,0.9561951398451967,0.5777405892437686,0.39113176668995475,-0.3899110788123843,-0.1694693145470756,-0.7970284633278328,-0.2469967260438597
-0.40124658383529066,0.13208471557833906,0.1733001452678143,-0.32348030549848206,0.08975620371478349,0.12931402129583983,-0.04594930645206609,0.11756703490454959,-0.36245027329099855,0.01472963557827966,0.4894980673439411,0.6793264152386775,0.8475569853634026,-0.17876047021050434,-0.33326714871437946,0.33749983784679083,-0.6838676391275247,0.9310069099245855,-0.08178265153750197,0.7798522966442212
0.12391455389409672,-0.6268079562593957,-0.02953374933102257,0.14782133618095988,0.09435332595846904,0.13115388688660012,0.029742533242748774,0.19347777021803497,-0.07862366589167907,0.3035304951398163,0.8163014027648716,0.13371694159667014,0.07893087165563695,-0.42871585482029184,-0.13648855370359692,0.10691688866281268,-0.9708770308373647,-0.9363720658865604,-0.6189610178121752,-0.6230226257170521
0.3317536308517597,-0.13259764257984913,-0.07743165537287533,-0.26710988749226394,-0.2559495606865499,0.29498505977264566,-0.03590196130875489,-0.5556976382140812,0.03728918319443682,-0.18527172825550275,0.5628730456334654,-0.037595173362676926,0.6258943821788205,0.3079611311750412,0.41158605464698095,-0.6608572330359794,0.9324191716080821,0.03431974992879039,-0.629836996213649,-0.11990376607532305
0.1259877044127526,-0.26672283048113926,0.26775185003785973,0.08376869540544174,0.02107352488416525,0.1294916884715595,-0.4418326602570516,-0.13869487624687704,0.11682690831570114,-0.15530240025847278,0.9787597283226701,-0.3463710163498803,0.6109918008151043,-0.42375009777053485,-0.014737567826311748,0.5387649470247022,-0.07960459448715107,-0.0984315756394667,-0.0908850929778342,-0.447454892676143
-0.00130180903357063,-0.06037829087725497,0.0064361768501661875,0.730634247701589,0.34604666467362066,-0.06442691858174063,0.023917740094080757,0.07661368466254939,0.00757900957688273,0.06933860352418772,0.7482474620200472,0.031238063803257665,0.21251024100681826,0.0281803729326231,0.3093750191397149,0.4494320813727797,-0.5619224670069041,0.3179037588812694,0.9078641652253814,-0.9583559655765177
0.17559203056206563,-0.08208610625294849,-0.16592743182517095,-0.07103910448542283,0.0636613667789716,0.1817652837777064,0.037491275065167584,-0.3710634211980405,0.1589388057715867,-0.2726397899603018,-0.9927256130995405,0.3998196616905787,0.29284168955523526,-0.7710395535237358,-0.2772507263155215,-0.49861789770745024,-0.5625444869645086,-0.2024657477440961,0.29907447728970493,0.2113087228234658
-0.17244418997116412,0.16978981013395977,0.12069081025353384,0.06801392117161117,0.10871681397404045,0.8054251864318338,0.03856450208199988,0.14923672750556827,-0.004701706462555244,0.13384264909569532,-0.681723035921785,-0.3209814602429908,-0.5879971350255357,-0.3089140156458061,0.5557600695657554,-0.9800692007827132,0.9143837728054782,-0.546027708873851,0.8858985067426397,-0.6822896964306011
0.06379156210063766,0.09435462662887734,-0.5631259201064256,-0.11236965310452213,0.02946284436779939,-0.01065434009049529,-0.036555064845903984,0.052832170301575776,-0.07087400186762269,-0.5308680613144189,-0.3587572055616326,-0.20324244683994963,-0.23085888601255333,0.7548322117890847,-0.9292226401003687,0.9112174699194759,-0.232249438376241,-0.8007765611836639,0.7654512746665292,0.9800844848523591
-0.15648128607156225,0.39898207131881785,0.007712455502313281,0.2239770670867493,-0.43018548863588746,-0.10973906106469045,-0.2590599567233092,0.02929686756249872,0.24487272572964047,0.2907204192605427,-0.8427288000481368,0.5559728883668789,-0.041974453365294595,-0.2714277301385344,-0.40264535705642546,0.9776890483170639,0.978976086886546,0.6128846624357145,-0.5862492534719723,-0.12321193525144469
0.08214768578728349,0.13959979695402736,-0.14696513146671653,0.22887945888818895,0.3066992983101998,0.1376666927021421,-0.062025730680694155,-0.15960864200192476,-0.6569857364604402,0.01691846070620576,-0.9787499521037606,0.6172155728347308,0.3303672247718903,-0.17288204478896607,-0.24870508006689573,0.8512314056503674,0.6858347715206883,-0.7871731794844417,-0.7247486136945653,0.46533476625191805
-0.2540201589429214,0.06273188417268916,0.08591096643874332,-0.16140612621902323,-0.06416390779665529,0.09714465763704377,-0.0762873850276872,-3.868077708232831e-05,-0.7667614139488818,-0.11276242598778512,0.05892862340177141,0.4256755483212751,-0.4363346083656141,-0.5464256485334502,-0.8732487314177744,0.8358839937284859,-0.5350157122628985,0.9389244744475154,0.24892824714429618,0.015877222040916017
-0.11742427653387508,-0.10749492700311992,0.2611868118376728,-0.12936674067805964,0.17467176763725117,-0.015490261266816852,-0.14971637748325609,-0.07338574766099965,-0.3345222705315056,0.15765061434293348,-0.434922451038537,0.41701742151469157,0.9784210846474461,0.3143016779127632,0.8462282590896704,0.30718538172861365,0.7577093846844916,-0.4255927086451965,-0.13327913974453143,-0.14257120442957394
-0.045152576404730776,0.05891033895612294,-0.008987440803180632,-0.4172868388279143,0.2047732046349866,-0.14898674740336867,0.4525776364641099,-0.21318633646420226,-0.22025255401882313,-0.19314616473866109,0.4439416045225615,0.9443375102948501,0.19981393195705266,0.7965874893219711,0.17385664066743267,0.899285074618748,-0.9888815958941035,-0.037697454070532155,0.2733068642020411,0.9416425223345606
0.08758559940316259,-0.06903084798825335,-0.24121167473192756,-0.1758618747729461,0.30331757911342233,0.19855370186355437,0.1495498162996559,0.1900264748155301,-0.4328236643412372,0.3013631452729855,-0.558030837515789,-0.6154420061521246,-0.3764754442051754,-0.586685760351084,-0.24058874370953087,-0.10724829354119025,0.03160632062774482,0.935738964324337,-0.21078883863037934,0.6296825865396387
0.4232974482302675,-0.22657052946090697,0.6684275801258361,0.02284605749412344,-0.07416911208588155,0.10127498376261827,-0.2514758082961944,-0.009584427290073095,-0.09591908480707073,-0.02841141423185817,0.09595598233840708,0.7110254118283499,0.08617340934378959,0.3976284031864896,-0.3314717590693035,0.12235342887840694,0.09386582866840865,-0.573369129632392,-0.5906504234122625,0.5247699527936178
-0.11567996795851801,-0.3673072653724926,0.12357443625010908,-0.31275603906620736,-0.18347892634253668,0.06930132567498648,0.002677079883289607,0.5352734729821325,0.2527247279264576,-0.35699617737276934,0.10341132855415958,-0.8213242854484726,-0.04369845342157119,-0.9800592701250523,0.7683737109325608,-0.15494822440070188,0.586689614555461,-0.98758384864775,-0.6312514469686592,-0.6070244177574011
0.12376434916641554,0.404213298422328,-0.007610082606961006,-0.1782318257363717,-0.10879732740315648,0.43714318073935526,0.16991651009862174,-0.40808169085133056,0.35952424611530387,-0.1258050805328496,0.48062003898008876,-0.006495867764057639,-0.8572836903173193,-0.8305707705039189,-0.4220584760452719,-0.06716923801509789,-0.4682903082745977,0.18181565208448647,-0.5062123867530273,0.8979606665809619
-0.1376657949774942,0.4734318362567932,0.34742163574261525,0.2366835192485932,0.0732759476828448,0.030154233706828903,-0.20944713425146894,0.1206604041502099,0.25960398717574834,0.13644436382864605,0.646731838451386,-0.6285526983823291,0.11265019595601933,0.33986487127723564,-0.9704885548704303,0.5109685880346411,-0.16140958932979155,-0.9639054770645308,-0.43210832180304415,-0.15551613972671174
0.3571001296547085,0.05509557374336628,0.5588175999229483,-0.410041156577777,0.23567584561867766,0.014791244649119226,0.059000290566176616,-0.0991061939860177,0.22907533680104009,0.0782187689315397,-0.4818134173451625,-0.07620393955678817,-0.5650424107179817,0.9535904489471054,0.1904919928220199,0.07244558852566607,-0.3455590410297802,-0.525666631555259,-0.5292972661193456,0.17459017088158557
-0.03225551307101979,0.11132888617282502,-0.035063444457541865,-0.09521014603519273,-0.07460253819607268,-0.807241908778725,-0.1260652081865589,0.020962132104092056,-0.024337003422507147,-0.006229373659341411,0.2290652926615624,-0.9699291223375524,-0.698223781788436,0.5797830450440957,-0.21683547068732123,-0.4298750999030365,-0.38423319709373094,0.9719931662711794,-0.3565477728869262,0.34518406958673786
-0.0018081750492114912,0.007242986873646842,-0.011970113895275886,0.0749868771770773,0.25035806800701305,0.25178861534960184,0.012396506686861902,-0.7051547412713765,-0.2368834522303434,-0.16801523093590792,-0.706465207830572,0.7385378669259033,-0.3611966811099503,-0.9188641756025275,0.04230459474695314,-0.41189913083637175,-0.3049973821848342,-0.6928222718381913,-0.37943803547453037,0.38785560020014387
-0.5992772244079477,0.10676627996415444,-0.17335861204596578,0.09107311710575478,0.3044131878137507,0.017550833779192365,-0.055926120164488585,0.11514726012029186,-0.12474244676957547,0.35852344942112996,-0.10291595387059571,0.8162559158361866,0.6089092151526068,0.9472537013181197,-0.8088164047083786,0.42598053197700225,-0.054363392203415906,0.21983784698164555,0.2669790112522248,-0.5868453138877692
-0.13962248932668497,-0.18967813641968456,-0.48355779629561746,-0.35596491198015956,-0.0979657189444918,0.061217550168784385,0.14898529676370031,0.01012186151756106,0.2385373787668712,-0.16837433437671834,-0.9706644852849553,0.4572678846331295,-0.8789942472395789,0.2007413535531024,0.3086825015404808,0.09860166373528201,-0.5345033153635701,-0.4760014706542619,0.0006342993308339206,-0.1458970720600934
-0.056263833840389535,-0.5121644451937016,-0.4988630720135918,-0.030154998294068536,-0.13108685184613364,0.2087699761324266,0.054433264904027334,0.23320202279036817,-0.17161988867379183,-0.03853060922148714,0.5946350277576389,0.096860266380284,0.7919304804234151,-0.47739877790821494,-0.5164464289646062,0.43467528036436875,-0.6464598268879198,0.5511482316082337,0.7683021745218304,-0.9421894152695198
-0.18079800224279638,-0.14127083909977986,0.07110646985900054,0.040187068577959395,-0.23835972378599232,0.02840005331825221,-0.04968826150584321,0.05542625415463143,0.19314090890506036,-0.7469800888783941,0.8328313125901823,0.09243934696155542,0.5883404459035873,-0.6144486295083929,0.2109627166832999,0.9427864540771684,-0.00035563484357359343,-0.37281849479900075,0.09032925722625063,-0.8251312281836787
-0.7933711311549816,-0.003991760630202198,0.0022951689942074974,-0.2640131916235582,-0.04622675074912029,0.07393286116661617,0.25477288997120484,0.09160469853194601,-0.07277745529882307,0.017342969806293643,-0.891951327112136,0.8882445081203791,-0.03690964630687388,-0.7245565451377658,-0.8655560745962523,0.37419504964529215,0.20484396433982388,-0.29697950781167415,-0.543688378585462,-0.15054428407899545
0.3797434416305181,-0.02395515280559697,-0.21797415324716854,-0.052992800782050695,-0.1914929813254274,-0.00015615712940719728,0.044776621380188564,-0.5627902864574703,-0.20780139369262204,-0.0002848098267807381,0.8837168975185137,0.9605130057727869,-0.3296342396073326,0.21451452386837633,0.8761620886132402,0.5210005334311656,-0.6510440459113209,0.5882669273158094,-0.7218933152397822,-0.7095640465778028
-0.212109273394133,0.10446540251851882,0.10160549657647278,0.18298768979096364,0.04857606909515347,-0.24873773011050634,-0.1692493204375526,-0.07508200673449628,-0.3334662243542679,0.16320419804845065,-0.12953209709937274,0.679173646554347,-0.44862875481425335,0.23059061086892862,-0.2739103486729124,-0.6418680635204927,0.15787720827758212,0.14560384263258275,-0.37255382747454835,0.03743132851723319
0.009718603186088358,-0.09228516515346,-0.2773043420630195,0.3839373579772837,0.11331732059883481,0.14062054454388973,-0.5218217992880624,0.1499119913422861,0.022725733298656577,0.01727861556383082,-0.1974802727247411,0.0040833574486616175,-0.10483786007385887,0.5764381752167616,0.6427341260287012,-0.9316357001913904,0.9824473980775634,-0.7724316722788374,0.21483100926247722,0.287214856856701
0.03006679585163774,-0.08340561904805947,-0.11770499135635026,-0.38712597964444917,-0.33025770855267694,-0.22166926102976148,0.11185762892386726,-0.14047011958914624,0.09868587453230818,-0.09299394472604959,-0.8322755944755997,-0.6805327987486003,-0.787988587044214,-0.48004777691344613,-0.4261807781397382,0.5761811984320744,-0.4999052023841095,-0.025903918578543905,0.121234466465028,-0.705175449210494
-0.032188171268657806,-0.32385981270908226,-0.07953530038017202,-0.06435594984458204,-0.09621736291777964,-0.41680053388889005,-0.34679229079720336,0.20113991594631797,0.4311295785619643,0.07783128147582259,-0.7104351176570984,0.35008053820386564,-0.5076109438503535,-0.04334979498923741,-0.04179784270902309,0.6074935533676207,-0.7013855200195078,-0.6794362436620438,-0.05911047996614749,0.9485216772259226
0.03865928475674496,-0.5949673844326252,0.021203243677982098,-0.05477695484007261,-0.1975031275194924,0.023347020474193333,-0.15522327975962488,-0.05147526699912489,0.3499437609180669,0.002217834313980524,-0.41034699289738286,0.9473082096671279,-0.11815762174902544,-0.12311872120980172,0.9872969634119639,-0.7065364631170041,0.07355626802072557,0.8768480648697536,-0.3233796249948335,0.04229621666641692
-0.4063480146765869,-0.09925050459964019,-0.22334365502391554,0.0935109866448012,0.026401760363305743,-0.5982891322479449,0.21650403436731347,-0.17519478197231272,-0.019343642106348192,0.008807026972139365,0.2145253312331321,-0.6600966465030507,0.7587064534101453,0.3184338004166136,0.0021966302163394236,-0.4672902153210059,0.886989557302273,-0.4368413530305608,-0.2992368578117339,-0.1952474986807422
-0.40325928441356373,-0.32206227001446797,-0.4776396273668886,-0.0005583852553480671,0.005730962534605255,-0.3276317531512676,0.12264903870835374,-0.1697180031155354,0.3750410060901106,-0.011091226334425497,0.4815468862472967,0.9252607517483118,-0.5421215522826957,0.7730556659691326,-0.644981504261809,0.9989740111109597,0.5664980996483153,-0.34273894190489385,-0.5234163433261574,-0.5724904135017508
0.13596002207726027,-0.17007986516838983,0.023022262667563687,-0.10233737782724077,0.35352442606509493,0.17023804012941912,-0.09677834575199926,0.5951082489008273,-0.06990457468006407,0.22806405207831276,-0.5944326565680473,-0.6631669592709317,-0.5831868117666203,0.7556376575896744,0.39118586888959794,-0.20680998104305282,0.13252034159363424,-0.5955890583153038,0.7561924912857589,-0.6766307811621417
0.03273592852050512,0.06955656096964397,0.1304156627384265,-0.00941597245625373,0.058440943362156744,-0.757150840745558,-0.11856186077572067,-0.12669667651641953,0.19057379926103202,-0.08894685693932869,0.7233303276112462,-0.7250339427959294,-0.7669139125727955,-0.9890023209107364,-0.9277955770148563,-0.3879040919142098,-0.5656838153926591,-0.7773025731941472,-0.5279093132415997,0.9392470650868803
0.26132478232420164,-0.165273742128586,-0.025550391527096775,0.17956495871581862,0.059443681588556785,0.17289151477536957,-0.2415218248564547,-0.2668578017518012,-0.5309573231997186,0.10958693329692995,0.4852102817336921,-0.20799098659174242,0.6377964366199866,-0.4172456523872399,-0.7875948193613895,-0.2271776097954019,-0.0465474918197748,0.11295423338164157,0.7509030719905365,-0.5001847248638509
0.3942886860408761,0.1927068533114546,-0.5923483993508185,0.01693590353364466,0.07504823358354856,0.14201569811283343,0.22099531993151145,-0.02585249530956585,-0.1767444025042513,0.15423901797098327,0.6552972514436008,0.9778737141327936,0.5799926504154864,0.6627283871077143,-0.612010056184795,0.19288605377140455,0.49205750651803926,0.5425893577893903,0.1006162745638366,-0.6554513912539628
-0.03990299131297114,-0.04631416016534706,-0.23240239648717592,0.002434652102226974,0.13716885142041615,-0.010985255426796913,0.05303884644307749,-0.016903216613692942,-0.18873315854242834,0.7006473163165666,-0.5458679394567536,0.26347133153991154,0.8705895670983657,0.8532325579895408,0.22098478982691483,-0.53268696803078,-0.013388198770650561,0.8983640855911474,0.00012254609735173894,0.14473989388566788
-0.001257155990383483,-0.1396233612409675,0.09057074943528409,0.3813505365221488,-0.005658714936375764,0.030826898803542533,0.004844865950897389,-0.5215433239754679,0.19088039978013183,-0.15219463475514783,-0.1827749620854986,-0.3771567939926934,0.6253173143315844,0.7456251541217911,0.8192416592612071,-0.02740850664162453,-0.18880389160409528,0.2586116368948739,0.06273105097393339,0.8283622804229869
-0.16833978355967733,-0.6658984098277799,-0.38574228658234877,0.11102766108510648,0.008234295274174602,-0.16236339386945864,0.08827500903387867,-0.12875042125913252,-0.2624324497543806,-0.048483477550568976,0.6175433034239353,-0.21951709206835002,0.15453729108081515,0.26421114503023224,0.01139689653612419,-0.7225305190190174,-0.652052953832895,-0.9291204278360248,0.11334688205882015,0.7792729842451767
0.019831846604866782,-0.18387421265847134,-0.0379136019431021,-0.05037752467476297,0.0810688892356777,-0.011134871992880088,-0.1950447167699972,0.7228796977014611,-0.04690814370213128,-0.14232391830968277,-0.11892441222815586,-0.395702382579858,0.8933511694415335,-0.25169345385961495,-0.1907456132934422,-0.8885363345444466,-0.8652045543370486,0.04224754286118593,-0.5029496598522722,-0.12766478364886003
0.17876721314180583,-0.32640533111477954,0.04684366234863496,0.0036570272646938573,-0.20177616689884148,0.03002442737702493,0.7230655849317646,-0.002435679753439883,-0.008948396856899056,-0.008317524237594354,0.1518812010881252,0.42278002294304007,-0.9893872214597164,0.4974759076088504,0.776435581067243,0.07468712579948766,-0.027066031011723446,-0.04028171742514086,-0.34555714617394906,-0.060510793731894275
-0.29200645282994436,0.2302028351104185,-0.1704065053150109,0.045617177504098175,0.018802218060753273,-0.3381922073217515,0.032287474849523434,0.06169715497153962,0.02254136971550444,-0.2218340671424324,0.207729286972824,-0.8612428379348811,0.49930894591058483,0.15996314666969802,-0.12882131065520563,-0.011029854600614675,0.703288204973229,0.6722730584820507,-0.8471883333614987,-0.8064522590452505
-0.08492722187712631,-0.0026668702169930225,0.5503310937367814,-0.001155205915905122,0.0884559647730459,-0.271702311426268,-0.10443149955481762,0.011148431542676501,0.2015571646394569,-0.029716860748544738,0.43183424358160916,0.46569431575936027,0.4205708820975589,-0.6727766951818115,-0.4977739521924036,0.8300940879875283,0.3087439532606895,0.40990836791364416,0.9954525835475594,0.9438254296307877
0.20394780155129544,-0.09597947588632444,-0.5751036632922459,0.025647571428865618,-0.3266011003629878,0.3457996457955896,-0.19361741859022435,0.03560452942664716,-0.10455540713519913,0.011628324023919334,-0.1087537351894845,-0.09052388484553697,0.9784411667714543,0.18869487844065036,0.5744178068958472,0.12075506076277187,0.4827045897655813,0.584659759263737,-0.5147171207701022,0.3273145993784923
0.2517939936774112,-0.42433789138906447,0.07478742701745324,0.12764528445490309,0.152925935251811,-0.04667248558649315,0.013777912904421985,-0.4294879538361577,-0.19482098150131005,-0.28177261547977706,-0.6029637892591888,0.0926241529463121,0.7622096859228691,-0.7441702379783031,-0.6368817362973898,0.07303867330510716,-0.6036024195291922,-0.115676121637176,-0.5465910746924778,0.16649175086798795
0.07606910519633653,-0.22443180022535786,0.15201306755959426,0.008203688542595788,0.40276504760309007,0.0016137276616461638,0.17571127498110417,0.27207603602123537,-0.31965957560318514,0.06341974411707219,0.8113663437492689,0.22459263705024735,-0.19114767158536905,0.04374063983173637,-0.6466420551054708,0.8209608229469745,0.5160107592784076,-0.9988890400557071,-0.4465655854719146,-0.2966857954834672
-0.19628820226599997,0.17040198442823007,0.11993978480524092,0.06836773811620478,0.6220398959275492,0.32810298398103926,-0.10846730709070296,-0.11159034236101811,-0.004790719435675578,-0.26455758354625303,-0.15004713270805792,-0.8678658204589857,-0.4035974139251355,-0.26464557307152914,0.7131934907567328,0.5194321308964795,0.7431697033610738,-0.5254865000404452,0.18697791207834547,0.5177377017838973
0.022700626002940788,0.16612237695439158,0.47952165692334514,-0.3751640337000116,0.2504918788518424,0.21291851745621176,-0.08200818360500296,-0.09345702491580965,-0.17983839967465565,-0.10259098458837393,0.5270106379039703,-0.4939283074637444,0.7377724682175182,0.06166357313250481,0.16033183427227438,0.08678627417636275,-0.8165030220670622,0.6039580526628645,0.18156325552559416,-0.5531275372841229
-0.1412430771320888,-0.035618952727725764,0.03174659114044928,0.030643132885774395,0.1517586945723419,0.45154660619343057,0.08004277129669557,0.16505454394756214,-0.21184736804918855,-0.21708328789434683,-0.5791223191102728,0.14646648081160785,0.00453893986668108,0.7482439506183414,0.6627931081568847,-0.9273601255294617,0.3257999026775511,-0.7331191647679862,0.32781000426551055,0.8944403124122748
0.003986371627242635,-0.16527909053786846,0.17305487622213828,-0.02787992434956533,-0.039414901478798836,-0.10484573948679432,0.5099475698828687,-0.16847097463642846,-0.005581931317533338,-0.5973912534866476,-0.8227542320149281,0.25511301637414197,0.22585915109563093,0.3782571225854461,-0.52955046350315,-0.011456133582060213,0.32510930289706175,-0.22857440077370983,-0.9790734465472446,0.9443485450823141
0.02642733442225119,-0.0126334970090074,-0.11813613082314822,-0.03463428033690065,-0.020152343945289808,-0.019975734508435178,-0.008671961817321272,0.6516581633128392,0.2479215743744868,0.0196163838605094,-0.6751841705188768,-0.9331201641639046,0.917648119737789,0.6506784820532567,0.8243986961917251,-0.1532058518067827,0.20100490132979254,0.6461942471507163,-0.8238805972404604,0.06977885436045095
0.005418156329524857,-0.25466107565377405,-0.08155707881072465,-0.17336861434195336,0.10010260047905636,-0.001804854044138231,0.39132015798286546,-0.17590810591221007,0.5863834883510727,-0.1040760397625887,-0.6247360907074753,0.7713428072147019,0.024684888057963095,-0.1981760803768564,0.18366292241332194,0.07645396581613073,-0.4076824356001838,-0.6939098722488595,-0.8140313745076038,0.42382644537524916
-0.21232398211132736,0.14261375949305255,-0.5886431450150501,0.06968180729947432,0.06973607090426344,-0.025494522982312244,-0.1173359319202747,-0.12169095816116297,0.037229830572485745,-0.24245997509889905,-0.21913768376863074,-0.02713663190974991,-0.2460032800511187,-0.7189156536719921,0.6685544350125892,-0.8011236264427464,-0.26921179415625907,0.18283320815958004,-0.7111421592622709,-0.9474489410093936
-0.09365679403901073,-0.2511172738035643,0.14317469932054994,-0.5473020864281761,0.09559089963310008,-0.09989974341194177,0.12221106398492237,-0.11483920055007446,0.10147583478910838,-0.069018677819294,-0.18206460952793324,-0.45847137310755626,-0.27564874319844046,0.89990112406625,-0.4889844953217679,0.16999259456258087,-0.3078233962558359,0.05769139999731787,0.8120730965599521,-0.01885214414259928
0.016974106465864947,0.03703930678831793,0.9387455220592278,0.006321523105022535,0.04885731765569519,-0.0016753497745284826,-0.10267540341183493,-0.05143277449814869,0.02434138663007153,-0.017960346571274925,-0.9811690041244796,-0.5767253141876012,-0.744000307185738,-0.37911374491199634,-0.5714930209900548,-0.5625823140371138,0.17922319375271,-0.5910495641559335,0.08508764908502875,-0.03574886307985237
0.04433015427809725,-0.08973712091150439,-0.35471456567819476,-0.012603976209848405,0.14282355937159777,0.15752753846287182,-0.011239950962706413,0.6242480984024465,0.35249664985993223,0.10878240844667175,-0.27843324569464234,0.8886737657366872,-0.9668888772180102,-0.3883211518249039,0.17420241360536282,-0.7161966215813571,-0.7184159498007654,0.8207334162026974,0.7802635656274923,0.8221812516318687
-0.06495812592945796,-0.024973840888525344,-0.7801646152851442,0.04661065043464896,0.07554930868500934,-0.024910372303291392,0.0763087986167182,0.23111958319163253,0.02538135428294999,0.10600690113598409,-0.038516994473524635,-0.12361280328866209,0.9929379248660712,0.8020135567377109,0.5276000783033172,-0.1758255736858687,0.1240775055218486,0.7207003397046157,0.20137523303947447,0.04459326033167654
-0.006795591048881285,0.1401908588635333,-0.21715640502962658,-0.4184187811326438,0.003589494448218815,-0.5159280592295016,0.025093555567561203,0.020322592958806368,-0.004569702679429619,-0.11183826181247716,-0.8114308896397449,-0.7553134661061232,-0.42406950765875506,-0.5028554840144375,0.35697493143762027,-0.9858347788861201,-0.3742589488614161,-0.6894850629593299,0.28145490674485374,0.3547144883647899
0.05150649346930766,-0.363870239656143,-0.0352402644466065,0.019459208054607963,-0.17606831836472933,-0.08130721321031753,0.12118242949248809,0.10070247566889842,0.8599907697486043,0.0078123713715218535,-0.323177780964814,0.5747920572893357,-0.0704473355979045,-0.9991492630370116,-0.2827263888860867,0.9645254123436822,0.5040440811755886,-0.10177945327794902,-0.15532789883580778,0.5239836318904909
-0.2858075932371762,-0.5117183399686138,0.10829326655060492,0.02623416399870978,0.16580301572909412,-0.09400498771273923,-0.028441050066777024,-0.07992708770648249,-0.2105658289761384,-0.1869743099488203,0.6445765590452246,-0.47204863498521155,-0.3105067586593633,-0.9846222735198136,-0.7834571910288102,-0.855914201653321,-0.2572711221559034,0.4440611741697795,0.43061825431546197,-0.6479822862072735
-0.08653178614391632,0.08797007717731042,0.01524296864722996,0.11983926206313289,0.4319879846673699,-0.21725491049393794,-0.014710116553088182,0.5649226149059412,0.17765063606204617,-0.2573112896419322,0.3883589563105494,0.3875704678476619,0.6257975806139116,0.07169365542036066,0.11846531737195765,-0.28582291445405983,-0.9032319800080801,-0.06775182520186185,0.14723407523802812,-0.709634661172464
0.08756149908433625,0.0745610847359822,0.31360450360216996,-0.10861192160565385,-0.12832130993816313,0.20542545219963232,-0.15964508068146077,-0.3300895591251215,-0.2578824126745033,0.19947092184412524,-0.4419810022703883,0.19623132055801285,0.9383465906581414,-0.8340833952904914,0.400340353133509,0.8882485146785788,0.35917554287926556,-0.671889366402789,-0.9466328033842726,-0.51406018589898
-0.1200320324327632,-0.06404376572897713,-0.4013734284492661,-0.034647750601672245,0.03981001192463643,-0.24002412882644478,0.3850900170508218,-0.11417759554701978,0.14669431608015926,0.00982029291899933,-0.025850171819352452,0.20978378442841472,0.4482531177108309,0.8060093218156379,-0.22043871985774155,0.1948717681656278,-0.14469745756872432,-0.03536814187836068,-0.18369233476327618,-0.8382933905900114
-0.17514205219007342,-0.23083822186837233,-0.07412954206310725,0.3785089864320321,-0.1008017676578197,-0.0964573779594017,-0.10262088124853493,0.7202156518381486,-0.036571827921382985,-0.01040135579456447,-0.8775400099006399,-0.5130783724250556,0.715533935472811,0.7179826671054501,0.6617323607516095,-0.2124033970977821,-0.9188558882983786,-0.008730344316791872,-0.568198434441447,0.2123322940559902
0.16200027388395088,0.043955738982544346,-0.1421327629106529,-0.14823759447276455,0.5057046351157708,0.061877104651278436,-0.059616489007880163,0.14124979057556264,0.12896128325937328,-0.2197182709749182,-0.14559075882687988,0.7542426854857498,-0.14845436999170203,-0.19206227947092436,-0.7854037684837696,-0.765405850684955,-0.056508118552039965,-0.97452985913943,-0.24355440675586792,0.9581431107542508
0.47532511767973673,-0.31270469655054955,-0.07691506665887626,0.20262138417624254,0.06750818874794087,0.13800192565603342,0.12985507540346902,0.16299730048554528,0.05002041105117827,-0.3542448494581767,0.8039136172982408,0.08545722235646758,-0.5568167664700028,-0.9660769658205952,-0.778970081629144,0.5761340561333999,0.790658748875281,0.7729093165638081,-0.7634404084947046,0.9136195995734164
0.335859333264485,0.16887285986495765,-0.048377219294359036,-0.024680161609555593,0.6964965988011135,0.21569409175555432,0.0711825490912601,0.19294493291134435,0.05081810485807406,0.07076071735167888,-0.6827302791831495,0.08508564968891119,0.886026788986414,-0.7447764471809917,0.6853451933140644,0.4889160390950189,-0.31573098178976644,-0.16645361994437358,0.7030269022751934,0.23582059525174293
-0.13328362491166115,-0.7233176130632296,-0.11675752043230546,-0.00508607836810912,0.04050914229569599,0.014317026743977057,0.05051738119057528,0.17742887385378256,0.020350186387558394,0.19991948619714228,0.9442864479031177,-0.829198726924927,0.2852550328498833,0.03247695591821809,-0.642276380788851,0.4439982881262332,-0.5052588613139202,-0.2997178526117501,-0.5691938260068952,0.5891848779785354
0.12022346300354644,-0.14718637712472482,0.407637173113259,0.44115704382898524,0.12237082318399406,0.19126189069840968,0.02212205581172927,0.05841346521086632,0.14172796386518655,-0.16089712897723618,-0.08756894552770889,-0.6861735981231802,0.44192910988670664,-0.565143621657348,-0.8623799801934242,0.4567007826756895,-0.7240238368332925,0.2720457388854245,0.7324375707490858,0.6162900703669698
0.005343777489618784,0.23781865472970465,0.5114151633739501,0.04385079293881526,0.22382258743692834,0.0015410767850004697,-0.10810642612798664,-0.24380331740032352,-0.27405740137376994,-0.18188736564530078,-0.8792275163636969,-0.6193277593026232,-0.5591550546500939,-0.23406585421291792,0.19290352047621462,-0.9313807056256218,-0.4829009404264022,0.3754252272867802,0.6476721241599357,-0.341989615515117
-0.08135095758414183,0.055338823219311856,-0.04074330807456511,-0.17950012267342297,-0.32937419778124344,0.5357141551067306,-0.38114152351980823,-0.05463652047636425,0.09731922838059551,0.08292232203606864,0.48176403818788405,0.3151507774939555,0.1883518163580744,0.22031167425377407,0.7571588200542749,-0.764780727681615,-0.3513218461004577,-0.984231767327731,0.43444466903780254,-0.05015523905264074
-0.0994852580026743,0.04600611221312467,0.18673140499788754,-0.13129987877158578,-0.7452331815256581,0.19769547834358603,-0.0497147234429518,0.013974567155025524,0.20748880022530802,0.24533931737421566,0.5586494729956826,-0.3029788034713028,0.5517902804019756,-0.5944645175222723,0.7619402010139416,-0.9896411224495938,0.09502577199796503,0.23903532105092573,-0.6628871245078591,0.4366110193142285
0.0075127027731563545,0.15672842200209702,0.4265910752209303,0.13253181855964363,-0.3193957047384417,0.050000166750133544,-0.1415063957063052,0.18654532826730902,0.047488307697138514,-0.27394580087916853,-0.37524321625510115,0.3220905896408539,-0.7572544482147459,0.9139616074417565,-0.6780783669730426,-0.9996500118628027,-0.925594277958546,-0.7605290541280385,-0.9164233029092459,0.006791412008546827
-0.03467101737240216,0.46946958216252077,0.04489265422651206,-0.09529886074249161,0.24400485331578625,0.031091572549074104,-0.30283067137553343,-0.2391765053533274,0.04791208869416186,0.05518579715688765,-0.7612618018952289,0.04601553792474178,-0.3905198143340449,0.03599032834226068,0.3273531370007976,0.9817689996340664,0.460451073722997,0.7070980125459569,0.1856653258777432,-0.7492183463703261
-0.02540985685593728,-0.01982978479275832,-0.010912583767867703,-0.3420866930631585,0.02726151658593818,-0.06473313696401134,0.09809190821951484,-0.030291542410321573,-0.6153006681820545,0.050607806980386943,0.5501359574889049,-0.48525800193034296,-0.8124003663090951,0.08453150050616509,0.7181082077989536,-0.23319407558630756,0.2186430925904248,-0.8210707063843354,0.4177854283295537,-0.02092206213662018
-0.08901369919993818,0.04110597915277278,-0.032772631646683516,-0.07537973272507759,-0.02479650504342375,0.63726768065427,-0.02644244062347325,0.3982957708453515,-0.4021728901209078,0.061604475862059166,0.23047841930904922,-0.23417549582955255,-0.20807974774109095,0.4551964526135279,0.28852574926314634,0.2339289312250874,0.8252232209476695,-0.19118704771251682,-0.1163768502535163,0.37504402954473437
-0.3899763380770952,-0.06821986091645771,-0.17712558361813904,0.03813414726629888,0.5715556770231952,0.04398191151430858,0.083496856231495,-0.02905362478364859,-0.015644688922090796,-0.26004666186424363,0.26485850593145077,0.06964018700742147,0.3901846024961746,0.7925692404509246,0.4874985152169642,0.9026954543875414,0.01865040757972536,-0.20397559902849483,0.12902654753782627,-0.7073676944169105
-0.22869410567456772,0.06535834222265455,0.11412458179368334,-0.454137697090315,0.09659042165888365,-0.007886865448132913,0.67671606034962,0.1176921334201097,-0.24433968333022127,0.034732256473259254,-0.3228593568127287,0.9101478968117911,-0.8232215904893114,-0.09456519569928457,0.5808622893859678,-0.42063770760333274,-0.1612736269323236,0.4162437302034898,0.49676065562087124,-0.64926208518775
-0.657943225089196,0.08758786983661959,0.4046060140245431,0.23554969436979045,0.026292670319772032,0.08047971813399668,-0.38604579505137904,-0.04868068369580829,-0.0030829236965976385,-0.004435049179501993,-0.9806522082428264,-0.7689702243353476,-0.7215682679537867,0.8141178181368238,-0.4975171047992326,0.49308414438849724,0.8673240289766435,-0.8276251476496221,0.06247981375114353,-0.19945866631169173
-0.31931557350539364,-0.24445185823532128,0.05728441496493386,0.205158370069283,-0.1793949898860765,0.1750981644803694,0.2672818012934376,0.38629728716281686,0.3452337557081716,0.37277892405444885,0.46033490919255193,0.6127402035942164,-0.2702341847880705,0.0861781206164216,-0.8488792798294045,-0.5827880540746462,0.8739952118975838,-0.3352796471914561,0.32609366607158474,-0.019871796924669338
-0.03617619803586883,0.15869265240049057,0.18590706237175048,0.0006497859410486799,0.35567126455551135,0.06320205260117887,0.041558710184820276,-0.6953862819883476,-0.22641333402335412,-0.2716761469521803,-0.903263128841308,0.3941353720731564,-0.978209328957844,-0.8801327411907796,-0.5562517278637118,-0.1424242074084383,0.5377371962494026,-0.4423137229888474,0.2419338994850011,0.14094532685913874
-0.03913899493539208,0.18594872554852648,0.42312800023978847,-0.006082828486918849,-0.05594268860390794,-0.02327200226016606,0.08666026685467204,0.10513579812276291,-0.0010160889733617047,-0.152246032613102,-0.3759682588383526,-0.04243364135407712,0.4827495433161968,0.7983325087364948,-0.37949528321118975,-0.23614788433254574,-0.35640242427622004,-0.0002963910207023357,-0.13707356146819172,-0.15282751839445763
-0.0038772649753893162,-0.028495438244030974,0.0867847393305598,0.017913165785138505,0.016920482742535464,-0.006480803240992317,-0.05609424699447377,0.7652540133988339,-0.42762393993506936,-0.08993225245447793,0.17494181350266302,-0.33240849903535175,-0.5925118835051013,0.38552450918121295,-0.05860606858672446,0.3858971830601041,0.18953210128466957,-0.11882897972918882,-0.7813258415852193,-0.2652505347203664
0.02735432144239064,-0.20488102396548766,-0.3700216975122738,0.19773596172473112,-0.5033895272411091,-0.06350954218822047,-0.1421022945337852,0.21192628924576157,-0.010011713431262032,0.11536484342551628,-0.7780192407770801,-0.15706382038770084,0.3683539333953312,0.6237669234413308,-0.8456516532208138,0.9763790856699328,0.30930754093754054,0.9470486643983498,-0.6340446754977644,-0.9843085361860295
0.2563194295770621,-0.19429830875402515,0.46999052433154587,0.0266701197413833,-0.15924494078034046,0.5668440236939573,-0.025419253284037345,-0.013560124574487877,0.0670285512703413,0.015076691413093965,0.5899540032286605,-0.5779386705191898,-0.10718863825387781,-0.8940038863945465,-0.13165868158136607,-0.6858646603104779,0.5322843823462338,0.7471514984612317,0.17400734170839027,0.9426395794025988
-0.045004532744749,0.0068883972016843265,-0.26351290966071034,0.05623166530769699,0.046082633453132245,-0.29658930476880785,0.5184110543733595,-0.23254843137310682,-0.2522201191950443,-0.13459156356596103,-0.25840494578283923,-0.6698209912223005,-0.6883327815468272,0.9850347814670506,0.7508426519610287,-0.0021819420229685083,-0.5292257638048938,-0.9419649378935904,0.4361092163684026,-0.5589308441764889
-0.2968141841386468,-0.10708232522207478,0.30696351128906696,0.27073051370848356,0.07240113277433886,-0.2586863411571856,0.034472483781937346,-0.2368018763526089,0.11418016303150368,0.023374395254236596,-0.20739139419390784,-0.0781534266476187,0.4253125326839251,-0.8467586212174585,0.17468720165068086,0.5130918119479428,0.05445786922625251,-0.6734921235816509,0.7893638175446547,0.798244176219568
0.12764797170742945,0.07649464653816634,0.12875080996530391,-0.11493399086347078,-0.06460741394754616,0.015923001458826525,-0.041251444816846394,0.3152821527373011,0.3444369178312544,-0.42381522552924733,-0.836064100495417,0.05691090405593413,0.16827098925588446,0.9735460000789014,-0.145130701239228,-0.20208207242985665,0.5227167542004714,0.45660944565557005,-0.8068303809621888,-0.7243494050850836
-0.0009595742347305869,0.06911382057968052,-0.6085818969226501,-0.17859577427808046,0.11778287361763845,0.20715724391991946,-0.1675073842875734,0.17515077067577733,-0.1173585635919108,-0.08585426609049518,0.12750773421613792,0.6033801204187927,0.8232832120023956,0.8697585437885362,0.7280245917432213,-0.13496172112833227,-0.6524049213335337,-0.9263705438894643,-0.9876227918513054,-0.22177627094844543
0.39826833005962003,-0.17261357915971579,-0.06665131434428351,-0.02405520707899192,0.728754546890005,0.1080943519395981,0.24844899283913013,-0.05143765455784847,-0.22011876997483354,-0.026422227517304935,-0.6148921188790306,-0.06269958427088418,0.36246579165027604,-0.4400717565889505,-0.992153684733472,0.4617665893652434,-0.9549217221355026,-0.3806601997029033,0.5894596252879893,-0.9892516823262842
0.10544248964918927,-0.1350966213837621,0.05674105015654948,-0.01892684482305369,-0.5453766925298241,0.030099597987055013,0.09438236884147959,0.04947781935440566,-0.623078801267076,-0.013412427553083944,-0.9868148382946,-0.18600309817532557,-0.28345601309001345,-0.9300626621122674,-0.5201805500604453,0.32941940712803097,0.7102009469826165,0.277345623810487,0.21701981401293113,0.1348987520739482
-0.008936575300507099,0.27880646618094684,0.07365764493733251,0.29169466723533033,0.1597691769259884,-0.08763845262883319,0.44694577270306446,0.2857369187814033,-0.22781392866269326,0.24551304871888996,-0.5793529642310371,-0.2175635005936034,0.7966861635309033,-0.5764134403060481,0.013624716229779343,-0.06496389742586506,-0.6930481601269365,-0.43933351787734853,-0.2876631068452544,0.5286638396393173
0.012391426533227522,0.09473490662938966,-0.4765463566160058,0.24550941106117474,0.16203244463835065,0.2339637027068267,-0.13190720158403002,0.4582218301397327,0.07443048547915465,-0.31044424181641345,-0.4199409316445406,-0.5351326825638012,-0.765964366709206,-0.27710277657615334,0.6244762066909915,-0.13640255259660905,0.5475564742427161,0.7234641975481484,-0.677521157287605,-0.48874941774600655
-0.15362364327339226,0.08798405146035751,-0.0435535946378674,0.08699045374603241,0.2841283218267452,0.17663173774427526,-0.04315600763354038,-0.019641481357381217,0.09349516414390702,0.7041166415143647,-0.10539832195230825,0.3670242178246834,-0.22853617135270032,0.2633052103352913,-0.5951869952919586,0.507178154554929,-0.891208710777101,-0.6430321358725706,0.18034510209809307,0.9496426666068469
-0.4519403987384774,-0.03720035720249498,0.04574818855611972,-0.020384407692556103,0.23807983212608697,0.07602705698766839,0.15437523250090748,-0.009870605568594787,0.018293126716051877,0.5768782765532241,-0.562024176420006,-0.14733598928378133,-0.8001512617465756,-0.12832508072220228,0.7572759427364351,-0.6001738620846788,0.1555529776171678,-0.8007343733191961,0.571506203010465,-0.492391846469012
-0.051563455939620154,-0.5169033227487597,0.012957309710508125,-0.030891063179181187,0.16968280531785462,0.30014473769617556,0.13283989582601313,-0.15302802390518927,0.5016110830357555,0.033581259252019414,-0.7592682688111903,0.107396442852989,0.5354939981503122,0.056853567054443666,-0.058521349247297794,0.968586573514691,0.8683307093048538,0.23175259122922798,-0.1572995047246739,-0.04143192088053094
0.027641024558197586,0.03753464391347075,0.1708693692561756,-0.03995495851733523,0.15828586747152887,-0.08291433082619358,-0.3763353952532541,0.650022638581398,0.05744680492973871,0.05316420677384154,0.6568280637379491,0.6592709857654324,-0.6771596125786163,-0.5844244627600086,0.7354160993517187,-0.12931441348635575,-0.33932064099030357,-0.782587838135109,0.33568933710454485,0.20460052805410567
0.08562778230075732,0.03592752327383081,-0.34465974960700174,-0.11010375859079227,0.198459879486384,0.0242006159614383,0.0059943481349632455,0.08360674692965389,0.6224986739631508,0.2952128305104169,-0.6520669857097585,-0.7809198455773165,0.6755118831494495,-0.05257092279389841,0.4578436680894131,-0.7364928027136981,0.4330428042693255,0.9559502831037519,0.6335306618838836,-0.4858070913741417
-0.12212264782176674,-0.10488983128137369,0.10490988474321639,-0.017242764236649707,0.027837844527208652,-0.025422964519563385,-0.09682336572626915,0.3176298130949093,0.11485223483993678,-0.5709894408880565,0.1629034935627809,0.3475171644426409,-0.6996246236839194,-0.16609061192204977,0.011558160884496349,-0.8385671147712359,0.22357333572044547,0.5419658115387547,-0.8050305981464729,0.6323142338562673
-0.042177513524267664,-0.21733172020840588,0.038089877164758715,0.5652886282570295,-0.003749778391321437,0.00027137754355121635,-0.0039043816608030973,0.18055687915412072,-0.2606854138669277,0.33123950538763,0.13599743708278988,0.5056050493853004,-0.5581710065879124,-0.22232687544460417,-0.8392572123267299,0.7407088629063749,-0.5178075532869444,0.21052557336996114,-0.17207820665112306,0.950407107304303
-0.18642550398551724,0.2572161625904258,0.47131269731519554,-0.001150988018197907,-0.2644370554974863,0.5579361678434867,0.001910132976434227,0.04893467151125391,-0.007151560141519367,-0.0005168551646454536,-0.32855715846898526,0.9594049826513444,-0.281999029199566,-0.4902777435569512,-0.6021811368493946,0.9431684070242541,-0.8409052520979934,0.9353422599298178,0.9251021187019124,-0.32605356115085793
-0.014726343848173451,-0.15843294371003652,0.2244474990255274,-0.048104520669868256,-0.32358289456479916,-0.4667878002383782,0.14657823686593807,-0.4770389539950033,0.06735367964471728,-0.005831367873880944,0.9697358431436545,-0.9534876076803986,-0.4248539340746613,0.5783374815786675,-0.0045116394003197335,0.5998287274404015,-0.6122180738339866,-0.7103570499186345,-0.9933208136808025,-0.08256307160956777
0.1261821964887589,-0.030286961154338377,0.191355172550415,-0.24397441779849033,-0.01412256175229118,-0.26307869003777223,-0.5825557912801846,0.053480585242788425,-0.11856401376305398,-0.26162107929989187,-0.9512953685189445,0.309709507474782,-0.8458158561265454,0.49267904828527387,-0.886320286397206,-0.2840670765671547,-0.840193032494702,0.6700242332341642,0.7650065359606231,0.6471739892788102
-0.6096391416308671,0.2595358903200917,0.009371568471733548,0.07500706699661455,0.045874685166178694,-0.055052677820730284,-0.057836787141934104,-0.043019423980324434,0.046553470271539665,0.2974949814077795,0.42235468319360026,0.8240944658601306,0.9337814248251215,0.4394104492693911,-0.16289549121854363,-0.46806588077817657,0.16514885173919014,-0.4769926588065254,-0.3783594207645158,0.7919048413983165
0.17957095050837646,0.00010288752618153874,-0.14923289522265332,-0.06845438149571882,-0.1497513571052802,-0.048953647607044126,0.2405882483285067,-0.45812285687756316,-0.05837265101499031,-0.1569640638054741,0.20003672645983905,-0.7755767805970057,0.8176412591087938,0.774922534502188,-0.40642243231242947,-0.530528431526819,0.7127741290385383,-0.6829154067609,0.8694384121620176,0.0036980364759253703
0.30394316892875173,-0.37075558767799144,0.04270915174860293,-0.4085755675179424,-0.35686121490041767,0.09237932637513484,0.0020757370092581162,0.0952708358240284,0.31083294064986206,-0.004344025829419604,-0.5795161253177974,0.9110327457667364,-0.46528767322467224,0.04691774013231065,0.11822520775807921,-0.7955102685324957,0.25013881674469096,0.839913078271227,-0.09015632092144199,0.7829693291564019
0.04916885871250465,-0.045648568596683606,-0.0548431118469908,0.21017408915239377,0.18877152552467535,0.10931399509736486,-0.609543667187975,-0.2571576592124958,-0.08297160978066587,0.05988689043717091,0.8699535266097986,0.9302690676348473,0.12427418797403744,-0.36969659946062694,0.38717202686521346,-0.8374939591199064,0.003328703502216035,-0.5036494290327289,0.9391551599927499,0.3043515048368721
0.05401005283013338,-0.2765235288640172,-0.06017715109402905,0.24074520870995675,-0.16075768977501,-0.054751074034156064,-0.32343591537968025,0.36876385763854636,0.16974396764749117,0.4669957463621428,0.9602380870673897,0.429589764319557,-0.18541919079170488,-0.36570022933624413,0.41414977098269845,-0.7946284718285677,-0.9479140778513424,-0.09788193250077404,-0.1322415822020686,0.9222225626542504
-0.09663406651771622,-0.11797584626353702,-0.1748644759844175,-0.4585840744027609,-0.0701554318663854,0.23855624773392298,-0.19258973681227665,0.22203350716336812,0.2207580180452927,-0.22306988495085733,-0.6407308321714928,0.09130713913502042,0.8810107424534053,0.04704400781801166,0.20246693202992194,0.5793244819567125,-0.421742200589843,0.4836155622086835,-0.007826223361640627,-0.504410629701612
0.028027908546371536,-0.018614209838163115,0.005642605892221542,-0.03850355048630981,-0.772618919834217,-0.1729800634563934,0.09732521082018647,0.10312927542566719,0.4803360991199611,0.18801920655352145,0.8616256565290865,-0.15476415653077957,0.7312087253638133,-0.9871430806618313,0.352089913302742,0.41974162432287354,-0.0855972956283908,0.29437689313479787,-0.42501246623628375,0.19999329716938963
-0.32702095305141177,-0.017952968195843744,-0.1346230460851959,0.08991362618437387,-0.3024706673198801,-0.039690230802110205,0.2899216073059803,-0.6403131487621412,-0.07775535587378657,0.0035074884658365946,0.9781196931234417,-0.7858796546604254,0.5011088555857237,-0.08336545782819904,0.5154115493786158,-0.4381335825117212,0.1228563096144728,-0.922345312850974,0.6801672415257354,-0.6416890095346555
0.16249103781414342,0.28725075043980974,-0.08755726531048824,0.2847405890268233,0.1666099286396594,-0.10757312497067689,-0.2297462416331464,-0.0653588467167493,0.4439752156113571,-0.02233777880512655,0.21178605503244552,-0.6756594890475394,0.5069464826029726,0.21160190653388766,-0.35422910736447966,0.2596943353587977,-0.28718969987543264,-0.7939480141676916,-0.8510899487438965,-0.20591035994666518
-0.2636460098117097,0.0422051700917479,0.10402260714943899,0.23790592213406092,0.19221675937130062,-0.14625877558088957,0.040796750504545565,-0.7374050482875438,0.11320338177627141,0.04055710275569174,-0.6155295704994308,-0.6113528294757817,0.6970484075835384,0.044033273864644285,-0.4785664355831034,-0.18613105642453842,0.04355953643063937,0.9533736048517256,0.5059055362356479,0.18344492672527513
0.1771704303842283,0.25197117345965314,-0.3942999875009128,-0.1007583482353875,-0.18289747581246593,-0.017443273516637027,0.4255725833177776,0.01276496096003521,0.3380936906910088,-0.10533243430441719,0.45073596699677565,-0.9805873880357674,-0.8882068613275522,-0.43819030451395946,0.46988202358634834,-0.8869348974847167,-0.5200804752240613,-0.8957303185244831,0.968633944211287,-0.38521526416638263
-0.12486396015839935,0.04321250316469971,0.000585655467673668,0.29498443114092554,-0.30846253438359894,-0.06927508327960202,-0.2999761752549448,-0.06934525482530449,-0.519154528745607,-0.05438242901723328,0.6726986112147004,-0.35833697835594425,0.8351452891661468,-0.8347680229769505,-0.6049424180286269,0.5495065698064867,-0.13092852690805,0.02285072805902022,0.9704509889360353,0.225366786826791
0.3007886529218533,0.07595772117872893,-0.05523404229190236,-0.02460018083138628,0.06475952613549787,0.5308635307156901,-0.011000829310143158,0.6512823590824905,-0.00422978933806132,-0.06092576008613487,0.3892242145095546,-0.5710835203117106,-0.2429622173498207,-0.273346261103216,0.8610227359103706,-0.7375020604251608,-0.29991628222760425,-0.3293412221198655,-0.5358598339088516,-0.780042947457503
0.04060407549659015,0.04492162041300697,-0.11979320499228907,-0.11005969407134764,0.5786448002709328,-0.2642591982713523,0.1699041209725504,0.16193027643386393,0.2887423020886186,-0.02233526662500089,-0.2234205802909448,-0.1454708212184186,0.8516120063393806,-0.4896665526944033,0.5229060732237247,0.7740523469911553,0.45652617753621083,-0.25308088131624906,-0.6646382199587069,-0.20776512596656604
0.07957675724944968,0.07646118332280322,0.3752056024807373,-0.1721866726853805,-0.046343385035263904,0.17483261109961332,-0.13690851950646718,0.2114213067417295,0.2644620973157987,-0.008041366862288235,0.6057635885627404,-0.9852880316304848,0.29253841821073645,0.7392135075309529,-0.4617893921098446,-0.5316479815634778,-0.37503249699732866,0.5357326190236922,0.04690654483951273,-0.7876079686997228
0.08121975668560477,0.2630188946818548,0.02804340942928238,-0.1105341621662286,0.11333789977929465,-0.13166197649796235,-0.0753953734244894,-0.1323602414252259,0.015384972074402193,-0.03725788527267666,0.1781017216228591,0.3307967190354215,0.07510770689844426,-0.41972954794152084,-0.002771845672484119,-0.689721657173956,-0.6826779181201548,0.9196037605076723,-0.11275283023435834,-0.8005267870249613
0.14358755417272856,0.0842915768961433,-0.3452376190742192,0.4663199756939612,0.4975412548094573,0.1970765787525205,0.058764870034722694,0.06772368288963003,-0.013557342776494723,0.011477522881454386,0.19045765179746432,-0.22276754041260127,0.6231700559830284,0.4581650882604478,-0.552077105397424,0.6390755290959116,-0.07787421879532852,0.9288912869403758,-0.449223799341278,0.005955834794265202
0.01893406022430883,-0.035028381918783214,0.18297570091525933,-0.0002571579567684362,-0.12254250916492927,-0.18615130889361417,0.10329562801738336,-0.02633662354805902,-0.10864838096394663,-0.541443340305405,0.9371594177773197,-0.4707967142734162,-0.4160303893161026,-0.3387196915512769,0.18784970131018186,-0.8776835962287874,-0.957792621223897,-0.6787414027588772,0.21701197103691938,-0.4561030954100287
-0.08559385268644513,0.02219698793114116,-0.011662346531801898,-0.7517788592074655,-0.11499852602500726,0.3129329571320303,-0.19469939975956016,-0.032427873534022635,-0.1685011201707885,-0.08249710659579595,-0.27108666742681664,0.1164505862686469,-0.49616049321496347,0.9923082578102587,0.6489415900706683,-0.5789135673027388,-0.18152058063629872,0.7352351864016673,0.452243144108432,-0.7470737278631052
0.17746670130942221,-0.18700137420618707,0.20288667442346098,-0.2929154616289309,-0.2188298793864865,-0.2670332504328048,0.028418009364329838,0.10731782301872483,-0.06749261775709925,-0.4724991459012039,0.9234602468386421,-0.7384347420105075,-0.9668522833847724,-0.8926740759385563,0.5983324447839613,0.23890043244402448,0.6433690533918024,0.1291682657535933,0.5537538222813392,-0.4476487295895848
0.27486525279304985,-0.07992895032215475,-0.26150428086829625,-0.03452906527604749,0.32433453743054713,0.4714168653987323,0.2817552671770823,-0.08631154622159004,0.3945644864748076,-0.010678554134661067,-0.1038603957119304,-0.5076598373116148,0.2684111572510106,-0.6373901354794769,0.65751539467483,0.7913915643141387,-0.7191695386877288,-0.4660095523951342,-0.5944050323907144,0.5952815363538893
0.13715092150538533,-0.0007032036845642103,-0.4958215488403915,0.0016407297563135435,-0.2427004869656137,-0.10606318418340102,0.036049754204588474,0.3224113371577526,0.004517505579259062,-0.03743772029028851,0.6566916883302663,-0.47285358932732424,-0.8744425564206573,-0.044536357499809,0.5545353316192889,0.2254463869225729,-0.7342461057486933,-0.6309579341764868,-0.739865131469678,0.2866142597427703
0.31267881616127824,0.005669551680221707,-0.2969898032354393,-0.26107796215952905,0.03050565254014742,0.06993411223643037,0.36860851582331755,-0.2972524309852763,0.4141772153643756,0.018447701172787934,-0.2759068149098072,0.8377216244084593,-0.4874578147793551,-0.23653670053719789,-0.8150390402438747,-0.736897198203486,0.6458575871533643,-0.18852405345353995,0.5448165280595689,-0.5540971689309544
0.000195973160412366,-0.04378581486540273,0.09617288462423379,-0.24234263827328267,-0.20213998326704813,0.4368969339844127,0.1301350207034796,0.2164552510396573,0.024807684747963854,-0.6230794467371139,0.6743703462638242,0.32727016823175914,-0.10502612255430499,-0.6975634545407308,-0.609641864694308,-0.6441267308816525,0.006518178598575952,-0.9906232506574288,0.1779228276539555,0.2241236884433715
-0.018660389946139777,0.5573722213014138,0.36833422028146656,0.2221162850576186,0.03807511655710283,-0.18699054365561807,-0.43822224941371135,-0.09493386534031929,0.31331514809123295,-0.1749758968653732,-0.47031998322298696,-0.9911174744154572,-0.05509191883382725,0.46886452897671904,-0.5692703062110367,-0.6272469851426405,-0.36807297445965736,-0.39751764720878735,0.4771593430554819,-0.8281531826821442
0.4944952845627052,0.0393735012096436,-0.26910872935485064,-0.043556491118003415,-0.15622524811087424,0.011415288461498627,0.004000907378120339,0.011997112017142701,0.03663497847460934,-0.5779335296342344,-0.7226736071035751,0.4204439808822129,-0.7205611422924494,-0.5974688767264218,-0.5041473124805318,-0.7659172556643428,0.961444856500443,-0.7999338764380506,-0.5751296679954272,0.48906058985470224
0.04030266877632538,-0.28964256037289343,-0.23152292042518796,-0.012977763221556415,-0.21060085649179747,0.5272298447108923,0.24047507768287119,0.26446792888613346,-0.03192916506553167,-0.12220118509236064,-0.17580483028287652,-0.25300401661030625,-0.9121984956988638,-0.5362062826402707,0.5653015835205883,-0.03538384824050378,0.9974851856996167,0.9573939518361083,0.16970273981238648,-0.983872923043849
-0.538550101868017,-0.18842514869625077,0.1902104337537761,-0.042778256561902844,-0.1570651194937942,0.14771408208664316,-0.06739905849166947,-0.3296709862492265,-0.29972904616659335,-0.1944284626515032,0.12913861679999905,-0.33869715213446394,0.5771286604266954,-0.48530828479001475,0.7635989975060768,-0.9068355313151151,-0.8187178001333033,-0.8664672977633066,-0.5741673221346923,0.8174522991959168
-0.11661352643926445,-0.17103398661407831,0.09766932103380363,0.2803229496211307,0.012898889302496303,0.18281518994074974,0.6093950234884462,-0.284569327465636,-0.01836400873716247,0.029970830557951134,-0.997025824009451,-0.23322356121913312,0.8547097188868689,-0.4129985414660644,0.3513784004492728,0.09253382000600063,0.1903976569717405,-0.13584359736282137,-0.20450958316392298,-0.8932785069905482
-0.08323059461832669,-0.057196293989987546,-0.22252706361085506,-0.6458728150755921,0.36043042100638434,-0.010495400247156604,0.1859553623524224,0.16724439916157652,-0.006074872785629678,-0.045402373188295764,-0.16616899662582973,0.2704890894553089,0.47129664946768224,0.7526124491047446,0.9697878130744042,0.28832989917264484,-0.08214295253636772,-0.6415305160355662,-0.5054654584388383,0.20565566273071956
-0.09364694042654695,-0.7176302535471458,-0.0010455147298333023,0.021981514011430177,-0.03726183948245395,0.05968388578252948,-0.3752553278452073,0.23068953586973442,0.3595778681682165,-0.00029594411941772855,-0.36496710604989513,0.5087601671962818,0.46490040439009594,0.08273551842429305,0.6113213331422909,0.5112691546580377,-0.11767088750930199,-0.9604677556687677,-0.2618094827555233,-0.9895924694756151
0.06059248735388957,0.13883589079627495,-0.024141701118834177,0.07858304642611524,0.22333204503139528,-0.31673267455014,-0.05255743779087589,-0.5568791532809112,0.012449321045107894,0.026831999016532795,-0.07164674064054721,0.8430605590231606,-0.716141880779642,-0.33752261494894253,-0.06477255576946273,-0.6742646231413425,0.32088395546832515,0.9799391594449838,-0.14061953846597253,-0.47056186804773636
-0.11668132040584298,0.0209413410901787,0.07104294927568772,-0.5016614345397153,0.025598545901923037,0.44110387590128364,0.15203887548045325,0.10113737373202211,0.03788077211965202,0.03383394113279259,0.854226488650669,-0.7424273596683717,-0.5053886831432768,0.33686916396341626,-0.44187105548208816,-0.818720325514134,0.9272209095978068,-0.9695232948272774,-0.8600460395405889,0.5179946973501155
0.4548425506964946,0.04423911699815378,-0.5038232782335712,-0.18053679829894986,0.37931399999400656,-0.10120814750961679,0.038812818640333036,-0.0973264469947888,0.12303553218178506,0.19336827579010507,0.6765069967538648,0.375467243084441,0.21058402933168718,-0.046174753200938445,-0.9677474928724448,-0.15144133824437422,0.5643445430028795,-0.45471188652792827,-0.3087739893485373,0.5453239458741448
0.011904463096655628,-0.01876345775699606,-0.11667794845572707,-0.17612910536821894,-0.08836643756546947,-0.007338590890554109,0.3459593107761454,-0.3123932077458107,0.2824047375211498,-0.2763316090655629,0.7644214074674922,-0.8407044882663071,0.7422023522553987,-0.8497212005926036,0.8676139211483791,0.9678963115732406,0.2986387455981028,0.7154479151554727,0.6314726146082026,0.8070853633521657
0.10294801211089594,0.002407918186845326,0.4529497349285112,-0.43448950038027145,0.2090896810371719,-0.32290357301252004,-0.04166534421642651,0.1742202883272166,0.05334413414679151,0.13470989709966907,0.0570036533234497,-0.9142557518625218,-0.12702095211974918,0.35571148961125276,-0.6627495758118227,-0.8047371495940454,0.5090408651536493,-0.8245151265417321,0.2602684283219783,-0.34879740791403724
-0.14417549779419692,0.3595645769835827,-0.20210714855369583,-0.006119681765847762,0.05633164172036753,-0.07765852820468871,-0.281412344500922,-0.04355571945283321,-0.4645926180954712,0.0762592473869636,-0.9235369572149756,-0.08566446128573535,0.02967699643443611,-0.8245859164403546,-0.7996174899629418,-0.6840912000452615,0.3976765014490842,0.5054983737667602,-0.2763560376963261,0.02337012689260387
0.250202866071903,0.28057294218603507,-0.12980689014321573,-0.11351721584726665,0.14390227120559296,-0.0947063917670776,0.016796899180691584,0.6578092312281467,0.037178655240248104,-0.22531544507183837,0.8653106632385532,-0.6714765811233501,0.3255353675201502,-0.7575200574096748,0.05531970507374573,0.8758474776781315,-0.533948780619244,-0.09391489048633428,0.37805432618999,-0.9245038206010328
-0.011404511008970677,0.1325609128707766,-0.4306761373444914,-0.052008803844580564,0.018523347621570065,-0.49045966953293213,-0.22182455796486528,0.4386196304249945,-0.018758716856373238,-0.21521985499774504,0.36551406858732816,0.8555672334623614,0.745755554856911,0.8863743536182069,-0.0919127030246234,0.6321843271402179,-0.9754188112622761,-0.10506813871887233,0.9739137756948597,-0.0814512890174599
-0.0008126023944256405,0.014279741366233695,0.2507232800108957,-0.248435962933247,-0.19647732354680486,0.6864756232992449,-0.000780220182798351,-0.15335679102344207,0.02161061672338386,0.12937718934889897,-0.363316204438094,0.4566036343966797,-0.6962118039319631,0.34153244453720366,0.28466128785713707,0.8760785194344178,0.6863462780699503,0.8994142346602623,-0.8408706668535142,-0.8224159239962356
0.06027935309087894,0.06006807452410002,0.0024526281429969442,-0.08556883917012947,-0.7776080012806713,0.1770566192916195,-0.09767322596476322,-0.04307368192300752,-0.03221869187855794,-0.11234880198252947,0.9638300688152392,-0.528856384745604,0.34269266623632766,-0.43301372421967343,-0.3990222688445335,-0.5632257242749037,0.5706229521008062,-0.07341473154452083,0.8242705127787358,-0.5451802760455688
0.2865800041896941,0.4296166934612963,0.3085003806290296,0.053912476775811125,-0.30333212547600547,-0.08095388422206218,-0.033632983587313287,-0.329489394316559,0.32250175619676447,-0.18294784025033356,0.5286717643378946,-0.7813252790794329,-0.6481601375702633,0.47556097060749547,-0.20539841301240802,-0.48941855854137417,0.22754821520443924,-0.3881892557715274,0.2490089042184045,-0.48905052034570407
0.21455433168234656,-0.11015540899850618,-0.3696060963168609,-0.025561919810616895,0.19003201909881273,0.28354179072799524,0.16869752495401227,0.6197221059626367,-0.004103645481410456,-0.014094405264300253,0.38804223090444645,-0.07904359361534574,-0.806714038891754,-0.9902772963705302,-0.5387793268490881,-0.6332080961893858,0.9826145008069722,0.1949150207642525,-0.9171744578818191,-0.1997735563542069
0.7360733862713614,-0.24277669749150033,-0.029747429719514884,0.09156476898656629,0.19769327268238746,-0.08856673864066084,-0.09956609190727145,-0.09688812175086442,-0.2927163168136554,-0.047646650830449416,0.5466740811966362,0.5080865421331628,-0.4187188558361883,0.9303124728818475,-0.9097505721297792,0.8295198479679697,-0.7391400698231132,-0.22318556807288426,0.529926830144837,0.3123968566960069
0.16180079460095365,-0.11043199537645719,0.10256505558024409,0.0023482554028658245,-0.1056953652468946,0.7381986888485899,-0.01586326117092447,-0.15226251239204075,-0.2870628852656759,-0.391032007972881,0.6225801231252657,0.9673128188918796,0.33298416051476964,0.5487045017772672,0.4220638643981607,-0.4157386258951561,0.7406499143832046,-0.08077465785055526,0.3915684161397244,0.7509458393227557
-0.03984650384079608,-0.26086920375851674,-0.2660003678198629,0.17294584258579787,0.13172609919821787,-0.11033318341177062,0.649254454047745,0.12140184796527342,-0.08545109800362033,0.35366120003787205,-0.48366773388350515,0.5579009993724555,-0.10943145285666045,0.9594294572768656,0.30302842975983446,0.6329853061698778,-0.7214707823682978,0.8753250305571556,0.6479877772814853,-0.011048224183695332
-0.11805232726507314,0.5106154430413078,0.15393354825074446,-0.28946336143097673,-0.006492477214504966,0.09815040491305949,-0.3129504321755012,-0.4019187159788839,-0.3594261418418735,-0.03222186098973351,0.4516884468481086,0.9521841500058739,0.044047209719894065,0.20741203403983555,-0.3965386959390722,-0.8593176273033283,0.012853106725472907,0.8181716722716801,-0.6926101025350357,0.7246566643171004
-0.23408953399567856,-0.525708434522192,-0.019053941087250323,-0.09444086179340133,0.2297052687816599,0.04843089788621134,0.13407555293444545,-0.30113662668315483,0.3031786302522834,-0.02598503819956185,-0.8642780132970198,0.8885593518633914,-0.0012830666551624237,0.6140477824509907,-0.7808721787343029,0.1540567719554391,-0.3470595497170572,0.2641297312919888,0.6719463811768189,0.1896708841563126
-0.018561557424788044,0.021993713615211297,-0.1807494868973572,-0.13232896645585843,0.48830530388592963,0.07102865859275581,0.03273298219688525,-0.5305675745143859,-0.047376235894379504,-0.08928150912361665,-0.6792878786663707,-0.3308850765552036,-0.6051168619159057,-0.8668244279097408,0.5200697834153758,0.14087705760451907,-0.9182333667024429,0.8371730412281397,-0.8886925108512889,0.8324903548632696
-0.563858890830373,-0.0009289903552617274,-0.13031731199949095,0.1467363858394608,0.20583292390328267,0.08248714825005077,0.39333906951484654,-0.29570296393602513,-0.020540691099919243,0.003968165839217212,0.6079770625454026,-0.7826359373301224,-0.4514890095087871,-0.9668154401195113,-0.22335047248148432,-0.3571918865051167,-0.6068847142838174,0.5342853163493773,-0.004698876466996849,-0.002369285346024652
0.30562291966677757,-0.4672932204522858,0.09914748424543296,0.1674194672938183,0.022671508455002487,0.11052512114216848,0.5769265087063233,-0.028189268158726584,0.1429521226503608,0.020425478157461423,-0.09092602214939238,-0.4474023695497815,-0.8620983672381815,-0.09788264758328724,-0.5983402022836228,0.5741557807646378,0.7829588837866157,0.5426420194378219,0.08503516293673874,-0.6545524388507629
-0.4050314004186484,-0.11519461004299114,-0.20810154185330532,-0.38093629942394597,-0.35670028486149,0.14537413680953304,0.08290759049815555,-0.11447906191577834,-0.12334659123225786,-0.12302498736443696,0.7954757115607567,0.6300973152027796,0.4626336079249962,-0.7733810646525601,-0.4913741010012307,-0.6814593358599825,-0.38450043503681,0.4147480319567256,-0.8766820493003697,-0.08014595037518335
0.5975114611162929,-0.28561795434282367,0.10635528757603943,-0.11992098560625292,-0.08100679219103163,-0.07377962151209361,0.0594173895145525,0.16954978707766957,-0.050377765068987945,0.006143172418829779,0.49794859215406184,0.6390563115760348,-0.9312413429511397,-0.9275564947817321,0.4083748133881844,-0.27865980044494765,-0.5324909971044642,0.328105510312354,-0.33333265575260884,-0.6418478758396846
-0.13795170738147708,0.38619299304468235,0.10463419635990362,0.45824584578559246,-0.10069444399022964,0.13957321911857762,-0.34922610230392964,-0.07698042469629862,0.15669462495845804,-0.16631618808167764,-0.4095910167581245,-0.30760728344829835,0.04585874675025803,0.4365330839609325,-0.5394533342935377,0.8718458342560451,-0.3489069915383638,-0.5899984776198353,-0.6711022902049888,-0.9201606250039842
-0.5684220954862084,-0.013874940837083266,0.17813914138791648,0.40251543285860775,0.16952420095143672,-0.036493504049266434,-0.005443117014013697,0.06183899187061528,0.18253879153307295,-0.015814553209101044,-0.26758507024687606,-0.7241354138788412,-0.15916987354216028,0.5904964997882749,-0.6612892105563031,0.33579944339602164,0.851568827556084,0.6977372685988037,-0.5981095000354473,-0.9033610216605863
0.05231338525210594,0.02400988039537516,0.16621807776054975,-0.002531068426799399,-0.234094382424599,-0.5448874055713389,0.035497206320721786,0.07343616076236113,-0.07051332236290715,0.017192740984582025,0.09641411287482038,0.09828156040008751,-0.15914220584718763,-0.07564842485968071,-0.5085387261845531,0.24271604366654365,-0.050643057060872465,-0.1209962436878742,0.7076236629955446,-0.20240491577197184
-0.11162981377019492,0.12230472437747807,-0.07341294394033757,-0.001623536541227169,-0.39007998747736766,0.012575794729089183,-0.13302225651335214,-0.004303053821811752,-0.6841615956447683,0.23328502922198147,-0.6964488010331622,-0.019132344734554163,0.9965215324845997,-0.9048351056975892,-0.6632302397378809,-0.340002242300381,0.9835580340595629,-0.5403816017457401,-0.3815422353739779,-0.82236992618985
0.2032114799740808,-0.02462604835869331,-0.3014912608831388,-0.07191566073612665,0.11764469871833313,-0.07493272583617508,0.20731762815301946,0.36492810172574675,0.5379529642065128,-0.11832618352490709,-0.8477278853248198,0.8905069309798388,-0.263011859403927,-0.8047266594117268,-0.6335187159301252,0.9882112066818274,-0.4629453255811218,-0.2541932676076244,0.7414127331500282,-0.13386416381748423
0.16282625506407492,-0.000991655374732281,-0.010201796679904979,-0.1582512708188376,0.17015311534887395,0.16160915241229362,0.13140659226479762,0.5849601475499845,0.348349091524244,0.061543628998425776,-0.14255657631486773,0.7226590171135816,0.41101347189091,0.8719172121271017,-0.5473300694122658,0.24828484587316746,-0.7913841284375738,-0.07142194960183135,-0.5252613661004033,0.7802422440027688
0.043368191339127796,-0.06876859997617074,-0.003957575342267525,0.2139245505389582,0.11113433945539544,0.683296611533758,0.011699290638064713,0.013170348331726527,-0.17619081970541584,0.31402685926250473,0.8574181298613504,-0.607012725471143,0.18869385587580956,0.4735176797274492,-0.5568460713832257,0.1421947272203421,-0.16287891133649302,0.3924930465731691,0.30133487939345893,0.07214027263008083
0.06757414211692804,-0.043898534498195405,0.1697662867242007,0.004463802689151931,0.10000609654972406,0.013618886826359916,0.11862525642356261,-0.39312151574710497,-0.04659176419383765,-0.019945000844479754,0.4123865385153911,-0.12261127360498225,0.08877802295913018,0.4879871466870731,-0.5203074909954908,-0.41429034242668483,-0.5333050563958339,-0.07911397904845119,-0.5061274963207405,-0.28580736552512653
-0.12191141304303316,-0.06907278269952709,-0.08892052301308975,0.044935251915769636,0.453380226453059,0.052710577228227085,-0.17218438385280999,-0.24567267331388093,-0.5342059768632892,-0.15169441267877187,-0.9641319013187386,0.7174123338889953,-0.4476840336142278,-0.1357699327577806,-0.24821027546762608,-0.9787191567120765,0.7625496253983441,0.22213352375000595,-0.7008010016601016,0.15529348179340818
0.35170056058518834,0.15782874805713767,-0.24983782490356066,-0.02222649838194357,-0.5637874344525804,-0.005766985943826047,-0.1331411965239203,0.05932817331290807,0.016167601976144613,0.05864556374753804,0.9427445946463433,-0.33975577817149616,-0.7781708815232073,-0.03916047882476015,-0.5988147120198075,-0.28412588889978796,-0.4718444767538381,0.4182016819613035,0.5269293258244292,-0.6401661229900022
-0.374509972690835,0.28461030901471457,-0.10526707767856879,0.053088436936394645,0.1271077865420676,0.01262458405661046,0.09958915954901629,0.4382483067630172,0.2687376126592381,-0.06798992739614884,0.1673728471091085,0.4689695121273296,-0.8773602210250349,0.45737416719974133,-0.8549782743231151,0.8038971834430388,-0.6280512924863912,0.0588716953392705,0.7638662306339425,0.5193847533840774
-0.07571872485713056,0.03206893612857329,0.047463581614896146,-0.28856671522105487,-0.637551523372371,-0.23505385964411388,-0.10473995921188785,-0.0018646816328159645,0.23433352304982175,-0.3147776777837475,-0.24217502044809192,-0.317694522077812,0.41863879369612844,0.6847872768788339,0.5783924799572835,-0.24153743719449428,-0.6696071673016231,0.5507943991898026,0.527847220316928,-0.6318580893761092
0.08460855767919118,-0.3279675239696096,0.007772199021259675,0.015047185581827247,-0.1431742957276832,-0.17297286291222974,-0.015209365849528308,-0.0027288834352239676,0.012465659052768613,-0.7421846763950389,0.8678303160739522,-0.42786794265415695,0.6823366340978179,-0.12728495414511865,0.18915326096593366,-0.9767826789547558,0.7719850621339468,-0.6451971310501818,-0.6878336469343993,0.7676436184053459
0.018075065989328544,-0.02202973313056802,0.038656051869345176,-0.3650604753005162,0.03704924636133711,0.008290403868777396,0.16138853723625896,-0.2205320223766219,-0.0051218749704503574,-0.29835698387465026,-0.3211869651884347,-0.4732005061630973,-0.11775875717408724,0.18472484083242402,0.2701972159297714,-0.9163528505126091,-0.7615836128464843,-0.004012871725747047,-0.7606009881459737,0.5173441835385493
0.09577567217944682,-0.5124706587537452,0.1748845966137801,0.021606339776139488,-0.0040612914340289324,0.11536612626968626,0.2868231455694277,-0.03987751752015707,0.22496404201264286,-0.03657235248589269,-0.3934114666187294,0.930376491865955,-0.1048514811417196,0.14129787528387072,0.10193528851716915,-0.35985636302519053,-0.654948181894073,-0.3392915437522832,0.597544591392283,-0.6351952492818129
0.07178491488844857,-0.0943212636609321,-0.15568182569705638,0.16102595791019,0.0008783761151010608,-0.12082759387118273,-0.611871883266623,0.00581471847670724,0.002861282573737564,0.002718684883461858,0.3447526503560918,-0.5748860326321585,-0.8598121314988338,-0.10311442895676981,0.46630434104626883,-0.7745008976072365,-0.5420494506301003,-7.35940741181107e-05,0.38818066515150984,-0.9960039682571622
0.01776173051340455,-0.28243920493917485,-0.11514600238331334,-0.21192590283046508,-0.39826504623068054,0.12523366202469993,-0.029497312516298054,-0.13743961187396847,0.2924187957736788,0.4338776379630316,-0.6862713092876944,-0.3885450039771696,0.08817543244145254,0.2952010595917163,0.8378333067737815,-0.7561055306843605,0.5506523846116114,0.10856092830844766,0.3569987013505995,0.4871375010140926
0.25677837482935517,-0.0007921259920403218,-0.004719370914513917,0.0007065527118855508,0.7073423426370274,0.10677325781366191,-0.14556425489767463,0.0011994040294917494,-0.023495557617872247,-0.012918676259085781,0.6617560565315264,-0.8968319424938769,0.5759493829426527,0.02700085628777349,0.13111804346957556,-0.22142452389630085,-0.8580190744602343,-0.069060018437197,0.5645580555847789,-0.9956219792125165
0.35315183311703213,-0.40969702883364806,0.27430979653934506,-0.21487029230088137,0.25617199249725064,0.10450877390540592,-0.09241610510890153,0.3772563853245593,0.050691843435060724,-0.17778645273781538,-0.7859836969961904,-0.9348056638217046,-0.06946388696217753,0.7059343369902198,-0.5501731624517983,-0.783945767349338,0.6379846737352397,-0.006400743048611712,0.2740314788269895,-0.782580100388969
-0.07828858839744535,-0.05699281981392626,0.28184900160414494,0.011336578141699983,0.019004018773220943,-0.013484901702710328,0.09429846463684223,-0.4220530579958653,-0.3186669479382468,-0.010715671024733801,0.43997447048457317,0.2104989102729189,-0.8010575195056482,0.2964149065665833,0.719542000205869,0.8670654328409357,0.30345476502636903,0.005496144534878233,-0.03203802869580308,-0.5658500788798422
-0.1355005293323817,0.27651193813152003,0.35988514737867355,-0.22162757193308708,0.11279512279981374,0.2578802475635853,-0.059910083766954,-0.18340484083827208,0.6045553989859587,0.14476024407119947,0.2016647160387608,0.031016877576021784,0.5301080778749192,0.5978650662145855,0.6283712795494392,0.3862918680568026,0.7095789163344886,-0.7554474229024677,0.9319821736379676,0.9115503926985644
0.015593582807854972,-0.2537128847152281,0.014613507423303071,-0.11553880311598244,-0.0038553530273008896,-0.4185879925320746,-0.026607173772337126,0.21151052941745174,0.019125167033774315,0.6136899454160982,-0.8617753202076559,-0.8593227791602989,0.7227711387707083,0.5011033880545828,0.05238766456724209,-0.844989350870524,0.18955901832211275,0.8674767245428039,0.05257724785023221,0.6901885484102117
-0.22497782113505949,-0.23566702284654667,0.01891115944852484,0.21590943965340492,-0.07702643120342112,0.34963086549570954,0.23966181172530834,0.4843153132825557,-0.38430118787257733,-0.10262676794543768,-0.952706408851157,0.8058555694706666,0.16932311958463142,0.8623920018657152,0.6210231333210365,-0.5826545461387955,-0.3233363463329586,0.9845920778571688,0.34106014881348523,-0.5541451760114857
-0.02291007689752196,0.3415206840437242,0.3444172944267373,-0.053438511693942675,-0.03107211926731173,-0.03879994135636146,0.12252428784381852,0.7847076772468875,0.006084009799195891,0.05404530235618003,-0.35585767447060945,-0.8416232513732194,-0.6299765570085953,-0.4496086700054014,-0.5656662608311074,-0.3570349795365122,0.7792977196878612,0.05750561164390833,0.36684926314379784,0.2598599756419453
0.13551516521170856,0.1387715912727003,0.02620447879095078,0.1666726496661151,0.12497264767836169,0.11894756728004408,-0.04093166746571142,-0.6924802517611208,0.07019349258128738,-0.12439835180205651,0.9540799027757785,0.16181561203322992,0.6403372816221851,0.9584952914381022,0.26727465317131527,-0.06025694836673412,-0.6112654722841016,0.05172635078416499,0.8206701993681205,-0.9885854324199397
0.0292756120729549,0.28538730366312,-0.16981107522866154,0.29334116839414653,0.12187676680178947,-0.08199372277366668,-0.48046624219186773,-0.6002526061578636,-0.06757172379653925,-0.0651945191781502,-0.8687031322489547,-0.6695093011527444,0.3940613164396052,0.09863610213077467,0.07326134317015431,0.2839095161632814,-0.6846048067528463,0.12056509423615114,-0.9395292265645854,-0.7385344594611478
0.33057636063177676,-0.0880280909182968,-0.2322328736774272,-0.2928358962506956,-0.3836672467509855,-0.09433911602450451,0.17385661767045385,0.48816168003211446,0.1274844885006379,-0.22988277994748096,-0.14960126179299826,0.5119142166970241,0.8136412155794144,-0.41744674002563653,-0.6256354785776455,0.6081281072724167,0.2773426298971622,-0.04384711339420644,-0.5550812607108435,-0.21503494313452576
0.0891918093319653,-0.17742251722685404,-0.07123433554004804,-0.047429060342837844,0.13135960535156743,0.18709788087393858,-0.0894968491529616,-0.6689673089814616,-0.1604808485602278,-0.2433101947203258,-0.8242324533132115,0.8307813934084955,-0.09071904420402932,0.8165493330027169,-0.17157738425779967,-0.5277728815029525,-0.9233309841162622,-0.3969976135592641,0.6278701775671451,-0.3354574843312208
-0.05806421009271888,-0.3181179805721584,0.4987421235648708,0.17750675938594063,0.4351590213805818,0.21864371503019409,0.07953910397327904,0.039067610544601894,-0.040287937865043144,0.0033371378745240543,0.6655758579420934,-0.4963564521837669,-0.7560141632723556,-0.8461813413798493,-0.4000179416370795,0.011703110286375162,0.4418783459940663,0.4067014630365393,-0.7534887705552904,-0.4299998761403321
0.2301876427217524,-0.6985819428904344,-0.21059449441877987,0.042175189142281105,-0.08249468545830105,0.015547388081560956,0.05240103417695963,0.0717461433516047,0.019592262598518137,0.005389910817934273,-0.18075885650047652,0.21025421528663601,0.5259852429442577,0.017411488379116102,-0.49880448121312604,0.538216370892,0.7889740105477154,-0.20913078889874748,-0.7483948720270441,-0.8690953879515653
0.11405566886219554,0.21069084311494213,0.27556252756309896,0.55813106620217,0.004965404390855743,0.1721954465722042,0.07523797243973766,0.2352810384282431,-0.4060895279526529,0.20227730752643924,0.44122867390830645,-0.12771160936686687,0.25950232362535197,0.5093910486689381,-0.8166900039373739,0.3622585157511997,-0.4670430190130195,-0.7948790933486138,0.8551658814849776,-0.9579521153993047
-0.08153760349841077,0.18964972422641585,0.11253106269900387,-0.24264406061219135,0.5723496789075941,-0.34288549765970994,0.10946267316284947,-0.042912000285983465,-0.09476288301733352,-0.04452913236158505,0.8316126534720163,-0.09480990815782042,0.06485427785449027,0.1300196833152678,0.8843028140319131,0.044486934496580144,0.37144231305812014,0.6065424762763234,-0.7385059573305743,-0.6061107127348486
0.07788975928814623,0.2910580078436673,-0.08562552784787081,0.01484568266804899,0.3702105569009328,0.5860515692550539,-0.12664141888406866,-0.09028440519999384,0.31476353753454434,-0.01992603420055908,0.35068085573209085,-0.5144768760600531,-0.6033652558463947,-0.7181050693649598,0.19296440297826778,0.8272246761842774,0.011060171139567032,-0.45361627106615465,-0.8707045163436427,-0.057625342133069246
-0.000570668597158895,0.0028508382661760084,-0.22352447409076498,0.4230680477808404,0.09232380216819325,-0.029800507364911133,0.5295192120156738,0.32046291811006955,-0.0009469338817846723,-0.009534260528936281,-0.4322789103492397,-0.16085197100977244,0.05928395955281851,0.13491206295798497,0.4850360240475222,0.9939177478619956,0.5760327931100424,-0.6842918475282,0.4589202938758534,-0.06118442289145154
0.07696256753539671,-0.08668319420239863,-0.33986326155799895,0.0015580256514373565,0.554949836842924,-0.4153222964751671,-0.22463892318916973,0.05192597979888905,0.0007877414186846922,0.03921976246853346,-0.6815867650791219,-0.8756172267867748,0.11267256814335536,-0.1163817404652685,-0.4383812303234116,-0.9111102811910248,0.048852749700532216,0.2832274723789261,0.6735938252276652,-0.3204253619963864
-0.056305277898518205,-0.2884202394418162,0.01782014127128695,0.009932891502608635,-0.19259638767008205,-0.02213517364480619,0.09456019109125226,-0.5480686961049142,-0.18365145538487307,-0.35121564207028827,0.7180004608284762,0.6672356739599474,0.3851884714591425,0.06450595238419465,-0.12358109364302416,0.8592263505501849,0.0016972926230931495,-0.3616260219545857,-0.3351932355733578,0.28553528841643816
-0.08098116141924847,-0.017184977244330282,-0.6757441399128363,-0.1728454198380015,0.06479708343219548,0.11843262350531021,0.06316450790169856,0.20026123117234354,-0.022254253096228596,0.4221706430909472,-0.9593159573933379,0.19862122750701228,-0.3442854240946558,0.09939850762012425,-0.4646779028057533,0.3627348067995393,0.9793141982765388,0.05195324383048838,0.34153270992321727,0.5082751793511677
-0.652822395992359,-0.1415789488131745,0.05954981469870688,0.005285050833179132,-0.009212051400476122,-0.045430587294867916,0.11512979193492551,0.006495912681761473,0.30086137414570663,-0.01337991532972671,0.3354550761722266,0.8830580895942264,0.7678150848071237,0.5251406489630561,0.4981720064641133,0.06765722532742546,-0.18394481411907604,0.5812807686011363,0.15302969098528618,0.6582684254810323
-0.5010001779872657,-0.28690792042222824,0.15200181221678688,0.15309512460705768,0.009750353854061367,-0.1662361970668169,-0.09104118162606417,0.2231445821242216,0.12231106861889016,0.09032208481860082,-0.32115513168162835,0.5170507471235655,-0.1264008328612618,0.8077887910160899,-0.04484398249943311,-0.6824534861255158,-0.6089703095992898,-0.5965902017353166,0.2938959156135492,-0.9921733055958422
-0.00552631005649884,0.19693948117223092,-0.045712952316440875,-0.17483536162924534,0.011225708312988365,0.04909278504532827,0.16578020345978753,0.3542837873837955,0.001866428045163876,-0.45599533166007156,0.575766846129613,-0.47472290302378095,-0.7601884679807387,0.7695544525979732,0.8939996013878095,-0.9479002088330037,-0.46608652605831735,-0.9464598504981288,-0.6682098312766338,-0.7999119759269901
0.09490673967145574,-0.2858367943981679,0.5353091818307334,-0.26777266171093655,-0.47391405102861955,-0.09111939307365238,-0.02692419080214073,0.042400058441157684,-0.10108236015323241,-0.05306304808173298,0.6865495620107327,-0.5243604653034835,-0.43966421138474265,-0.571398537275909,0.046304896960935205,-0.4470831882852193,0.07693210898149716,0.20363588782226416,-0.9895177581209911,0.8941676194605745
0.31487654343454763,-0.18294426118954107,0.037402535209511284,-0.04453794978114527,-0.0823387330359571,-0.2285028787820613,0.2630188806928894,-0.2325813031828527,-0.014132641278020552,0.4790219376307746,-0.36642170801907636,0.354001038963512,0.17314776397114362,-0.7146232477860193,-0.6551213193902878,-0.11667030951036872,-0.948029544971076,-0.20748137506014053,-0.709507894642788,-0.6861654415908631
-0.03749410554947599,0.09355061620500679,-0.7542988065372723,0.03886008497050733,-0.1123193930031885,0.008891022457176517,-0.20153952437019756,0.02466231645357464,0.028565762515325804,-0.12183211885891312,0.21568078584247208,-0.15339217637581593,-0.8162365033988639,0.2570942432213188,-0.2593682349578963,0.34586768507732546,-0.49725898574819305,0.4741752721045478,-0.4095885687889207,0.5634983978337271
-0.47057863027752694,-0.046478630402131973,0.17955339116706812,0.02537553073447435,0.09489395385597149,0.3958413562203654,0.4211082569975866,-0.10086105216020387,0.01253722143179728,-0.04322899494144419,0.5784158852970334,0.010079404041344997,0.47553088322065973,-0.5583507907183642,0.582573802854697,0.3262142106891808,0.058360452953779784,-0.5478439975604721,-0.5037732713573748,-0.12257500802708865
0.20980847034433797,0.09625027787447532,0.00848041998606519,-0.6537096849202371,0.2788202986254934,0.23661690748286676,-0.012870878413935555,0.27861792704897365,0.18832326147992018,0.02870753886859534,0.5999549160016535,-0.678683008537327,-0.7278591977684574,0.48301797722310424,-0.6234508301684503,-0.9125098769517159,0.9729245713738619,0.7696085803999848,0.41031230898013216,0.5268347438536265
0.028695122859388245,-0.06649041203285298,0.12468673069479119,-0.31407475744167557,0.020370599383046528,0.442739686342313,-0.41269616520225755,-0.4179588536791062,0.0747222306705726,-0.18403897256245433,-0.553350074341934,0.03118792826772232,0.034146902838553705,0.9411455744608443,-0.1536725402942991,-0.06666488735270848,-0.4305169066470482,0.30623876839660547,-0.7532436490399816,0.13637764929085927
-0.29532490662767336,-0.30318226011099747,0.18591512331849544,-0.4182828047282756,-0.4106006338115935,0.16804139099330453,0.060053096563325525,0.21560542703570096,-0.0520507312813876,-0.03985244904958738,-0.6314611954785456,-0.8280385609482743,0.12898875692018485,-0.7375762715980287,-0.6464116155156354,-0.14637285157497515,0.805594683591643,-0.2907713657556614,0.41032363111709613,-0.011667043495192653
-0.1471872052300634,0.08641234314308552,0.013256981417713698,0.6954754340932845,0.1548448812665557,-0.00416074771001565,0.11883147122394982,0.286739109295639,0.027468310082188148,0.016853963979785586,0.4976314352785489,-0.9962881478299896,-0.9976826132914915,0.6612110616795701,0.0842471315331399,-0.22662157349866607,-0.5114499682817792,0.3954163388297649,-0.32750930613663587,0.3540654651711006
-0.05615362268440055,0.3316359362462328,0.22343463045068268,0.09073336147989847,0.15000278685809892,-0.047706819609110496,0.060118944656082966,-0.41379423077715216,-0.5831775744422543,-0.06958227525937571,0.7969289937350899,0.7396883416706612,-0.6215120896553252,0.33603391431536145,0.3552960216143899,0.3588507641450518,-0.062404437326399,0.39538715506463373,0.28328481720673593,0.04761273726667459
-0.16175496916447654,-0.48440634908049157,-0.09445821826608858,-0.05916760313633834,-0.24992972945984104,-0.45326608397394474,0.16095636169783423,-0.03639530561655038,-0.011130492669787155,0.3072886533315743,-0.5933371289407481,0.23772920233030903,0.2466034092947771,0.6732542785426381,0.6694896256929392,0.7813670932343155,0.25615172577528966,0.7709913864166045,0.8999628196183904,0.407873898374991
0.05408245451516,0.08568541271371691,-0.3295754780671592,0.05161995293434838,0.657931825344048,0.17631884623430513,-0.0002328518166944682,0.02233447158074936,0.22650024081017944,-0.2724370292898724,0.5542176193943353,0.7670172630001,-0.03670808281551863,-0.5325329233657732,0.4530996422272351,0.6212977586523738,0.3588794619961462,0.8127207920548392,0.4489850735184324,-0.33441175618924124
-0.18651478935869215,-0.35401795326830543,0.0686659412670577,-0.04835574120846381,0.15973534195295785,-0.2095473892082235,0.07127015260265772,-0.3173678904686431,-0.42072360612160214,0.02891327865034954,-0.9881968171554341,-0.11927846737739056,0.1727821084379615,-0.13664773380518036,0.6534784832048068,-0.33435862646248116,-0.5817550981641988,0.6206474921301923,0.3572057799483266,0.7743588145407512
0.09496263879119704,-0.15721406468813465,0.21944786496230928,-0.18918981193637013,-0.3487482611895236,-0.1817425383064718,-0.3669963085542406,-0.04836927868617952,-0.02547684988845822,0.21877425801478628,-0.5757134143066192,0.815078403098759,0.18974746710077883,0.319121375140095,0.9296870205041468,-0.9810248309981955,0.8557567795716605,0.37304825905942307,-0.8286156020352498,-0.019240393590165716
0.1481624024010586,0.12944394204108856,-0.022858882499412453,-0.6615875982646174,0.10303817744411438,0.1348992064451026,-0.029636559833064485,0.10027198691250967,0.0759274406593374,0.07700805658463346,0.5180982843101984,0.0539662290677525,-0.9283834580489136,0.7526642890108619,-0.2652649214116878,0.3534713741848541,-0.5374603967686693,-0.32305868659077297,-0.4798768360269887,0.4462706861158965
0.14018694103102936,0.23232113222423895,-0.08593109018163185,-0.09274345963381464,0.1532702529095625,-0.07242585165582294,-0.039789355738752835,0.21912647125317175,0.03129840153023378,-0.14786042721604628,0.4757271472704203,-0.07712752901965225,0.850726945684398,0.8774290391600985,-0.4493642722053468,0.9731096665964596,-0.3409319143544163,0.9143785026389055,-0.698569903964583,-0.09516763768644476
-0.016132547210533227,0.04708513503941093,-0.11848481960689658,-0.4544806716647326,0.3648945822346777,0.029478418067606482,0.4418205054644635,0.08397047157489113,0.5364586128057499,0.0795086251997946,0.6548720419977683,0.3797623906877299,-0.06934250969887956,-0.21818451622445423,0.12030840517396602,0.2107259719189567,-0.5995295769017372,-0.2252030662103679,-0.37768719547476026,-0.17740524742840624
0.08377557979286351,0.1318841648236183,-0.23276822378423737,0.013986425242900058,0.09354510138266336,0.1494227930502633,0.6726462971718091,0.021350085916240713,0.023770734550698225,0.04095527710947717,0.9985423533001678,-0.11514140027666331,-0.6834552093340172,0.009171914585546004,0.5529200397556278,-0.5613674594071829,-0.7368940779364683,0.31598123379902443,0.3612756644105257,0.8648562148783054
0.06178625868751986,0.11519625864640512,0.10743266164786736,-0.06805044144541676,0.1919622726834243,-0.5634632344573658,-0.18439546036795285,-0.001529485112934964,-0.04997098223872674,-0.007850744793710014,0.8476008886923714,-0.21303908642598923,-0.2823549257682043,0.6419691277033044,0.712697038452413,0.9671855704156289,0.22411351756451592,-0.8899495824510704,-0.15988216856179505,-0.6973713364215706
0.07088818149189147,0.22903150965210978,-0.11174179402127282,-0.17553113144556182,0.12175782633367949,-0.38779865380501877,-0.18072584871989827,0.24046268460508322,0.46712559065171333,-0.002519392915366671,-0.448407528542744,-0.6501492051945692,-0.707916966474047,0.5980249306341427,-0.101622315636817,0.49595025063860065,0.503398907876214,0.7806893580818803,-0.4712925197489706,-0.4296300738338461
0.07138800442970644,-0.22031576998913033,0.001125459254233574,0.046513447445017536,-0.07070630956570945,-0.49472234709621343,-0.015358531916869284,0.048323297848216845,0.6456918417054285,-0.014072546198614685,0.7097991738482039,-0.7552438717760248,-0.226425771311765,-0.4824861112998091,-0.23837626794086253,-0.4691373956889977,0.06641451970644563,0.9709905275873503,-0.41769772525853344,0.5681082789608705
0.23008967991227636,0.16824272005836946,0.5968946355843989,0.06795659951181526,-0.08492244152113594,0.4727648609345849,0.06828200587355693,0.02030097507539065,-0.3663781254478909,-0.021564937190485228,0.9362908010460149,-0.2945093545106263,-0.9074886765080381,0.7906542792045759,-0.016131339644023246,0.5706841122987025,-0.5924477755015334,-0.40540401619585986,0.9869790000536911,-0.08281382583674546
0.14165776298614113,-0.003586536091168331,-0.08900979822958968,-0.3106799453950285,0.09887613691404395,0.08010770956117524,-0.46972626718512095,-0.01528451062555454,-0.021654214957150024,0.5353914376662894,-0.2391095352475856,-0.43791626058131095,-0.10255214217844033,-0.43420955125306704,-0.9554558439590337,-0.7630669012072022,-0.8849445441472472,0.17061243121070158,-0.6117083460067048,0.7808163064155718
0.18448489544161062,0.10447070738968156,-0.13937790683824924,0.12884110562606033,0.19739893182558754,-0.024562547651596323,-0.14788139938115194,0.3478157105341615,-0.5977343593874904,0.13097337579970794,0.36324369766024556,-0.9992507119268756,-0.06576776991654731,-0.26410216778592566,-0.931636205487369,-0.24136970044192418,0.11408246606719263,-0.9911224732489312,0.7045496095782893,0.6679425977357556
0.04141508633841347,-0.15558989435741466,-0.0019319143016627502,0.031141339206986314,-0.07369002150795669,0.09859123242668778,0.013429054966702263,0.7969704568986917,-0.021027160373079057,-0.0184669019583418,0.7679218984601948,0.19220263486521016,0.8213434042511998,-0.8400149203752802,0.3473673810474158,-0.3213199089374197,-0.3209035072452935,-0.8723136245936081,0.542366885846089,0.9044097234280213
0.33538868962405477,0.03627383529412975,0.008622480694720353,-0.16400657828122367,-0.08883130473029799,-0.22988333602592392,0.13386516843191404,0.5544344837455848,0.10284551336788268,-0.1668661836171961,-0.6945470256343258,-0.6062566625449597,-0.9955729384473195,0.293493342419052,0.9193263562212073,-0.6014513302339299,-0.3342688992619689,-0.5109609884505415,-0.7185922696745413,-0.39933111137128785
0.5131437721195414,-0.14518085175794224,-0.1396635902313288,-0.0402490410639426,-0.02807830361153618,-0.18803614165640364,0.04462575016065631,0.058589389654300245,0.07046194762706581,-0.37612656616005735,-0.2536253518941778,0.04409946614264215,-0.0957281242984016,-0.13960332803612996,0.1567292927620707,-0.47120446910140235,-0.43781343804095796,-0.746835134743129,-0.5538245224943625,-0.7582510167661001
0.21895674024347422,-0.14025062954914203,0.047101163579649,0.29455509915210243,0.06552634345116813,-0.4459606804470837,0.016788274150961402,0.01846654014209853,-0.33634790301473594,-0.16839983228823782,0.5185779876281751,-0.9926097652050234,-0.6835044979997034,0.9606397271786629,0.20594723544844085,-0.8687559835893706,0.07336423819320137,0.8853236585639879,0.5020381491571737,-0.018837123852329496
-0.24461223747679456,0.11614877442098726,-0.00917643753415047,-0.6942251166273621,0.2220324770708565,0.033618902542875945,0.1387229862281984,0.14220496379363576,0.004001146699554002,0.0299664165358918,-0.020720243438906882,0.8114686323573654,0.8688677428417648,-0.46598102471397107,-0.3146580876816001,-0.7151822286972114,0.08950222736527902,0.8551659999452972,0.45793782322340704,-0.8737420569196439
-0.14883727323674614,0.011259168829315214,0.0017062087431163886,0.5609508700602444,0.12312587601266428,0.2523930949224901,-0.09329868771863076,-0.009395529915807027,0.29108189602342405,-0.5236546380136072,0.7942657294481734,0.07196596084089202,0.045397755076285407,0.0042331474497936394,-0.23409582039014332,0.66132517935493,-0.9339792899109733,0.8671156806210647,-0.9176040003990531,-0.49422360824600364
-0.08211860807359053,-0.04188782959911804,-0.21107464477167348,-0.06785169318166442,-0.24249790226749976,-0.07764524645572343,0.15876794211206935,0.028044194252353133,-0.14058007540888695,-0.6570174729414341,0.6695885054497748,0.5200856271501104,0.24203844324308998,0.13724447928632166,0.9219806651228948,0.09155763175165288,0.22579188466735212,0.38282178085089935,-0.11498257193368988,-0.13484739543467628
0.01548514649110061,-0.009396495245794174,-0.040247886749523516,0.07349121164808436,0.35024562289843186,0.2873906781309219,0.2637267989795893,-0.022631806778835473,-0.6049390272145198,-0.22509301287898809,-0.8134360375277996,-0.047349178565055494,-0.5992921087931493,0.6806584475841795,-0.03328265146625564,-0.019763557830915435,-0.44337495423644246,0.8377768416600462,-0.2891533225720302,-0.8957240695427491
0.06517880178473867,-0.3241012398974994,0.28939159838742434,-0.3341647251268871,-0.29409388090685756,0.258130665518436,-0.304226586393484,0.029356305642304126,0.2084563707371586,-0.03351966837148915,0.6458697768482562,-0.9333682689868781,0.32997363429882753,0.9390058504975829,0.24695011014306423,-0.9777575201321738,-0.08041664514042757,0.4531239154453961,-0.7454098954586381,0.857721206576989
-0.061593931589814827,0.5986775719890536,0.041940079197625824,0.1460746274885798,-0.5346258488619118,0.019058170298031717,-0.19861380631316244,-0.317935784586386,-0.015469866631283177,-0.16139079224609681,0.45651717583262585,-0.45634661486066763,-0.07199693609833346,0.05496143929836039,0.3595112976726642,0.6262482427486744,-0.7783572187808618,0.5175779176205892,-0.09587670726161335,0.06182638809149177
0.1442023384185559,-0.1631286552289281,0.1458002372304571,0.12032006622550812,-0.09079508835801961,0.14623212426411464,-0.3380164766117376,0.6958943693355832,0.1618832245036827,0.01021739030945537,0.3918363280475825,0.12090017641514361,0.16370500019336975,-0.14178255629799708,-0.42211040471313965,-0.035301957528008465,-0.45068438294701463,0.9110599147161544,-0.5983481384360456,0.17928333972541655
0.5625111793437119,0.020035322606813573,-0.23703429092575418,0.02846898767840541,-0.01569763763458415,-0.2298868224292158,-0.38282770487434836,-0.006606665641325022,0.01873115241552345,0.03656108750111675,0.6809661067203727,0.05376036735325096,0.42325324758311855,-0.8662556425090098,-0.24180004756532125,-0.12408122569910596,-0.4647856240974333,-0.8752998392297526,0.22197678674653032,0.8681342233965825
-0.08977759544742582,-0.29456630538321904,-0.18451198409295433,-0.168168602661741,-0.459019952913964,0.006227197699331,0.339017809395925,0.3089493108308457,-0.1760000120071058,-0.02238316292127318,0.06864134996822635,-0.3521139448804753,-0.6616585472620526,0.9188612268835368,0.019247971140373465,0.4640033563645243,-0.664958985114668,0.33783408811972016,-0.5098500330021132,-0.16806560440063478
0.48586153441235014,-0.13999540966822346,0.5237894782834056,-0.1609791186680699,0.10100746677067637,0.07236011375754581,0.2712424220345456,0.1262395830671849,-0.08449023766779887,0.0014489652234840333,0.446332989659598,0.705155986074057,0.6756440860535666,0.9298970671432596,0.9474812981324487,0.25326126026577356,0.8487814352362824,0.44679121232073493,-0.05284894919496397,0.34307965646409233
-0.18149858409979536,0.043039947636737574,-0.14640228052420307,0.6164608979099278,0.2991274772164295,0.036523687035837665,0.0026708243937615672,0.2294245192001125,-0.10693725061790017,0.029214293640861033,0.4185522704474891,0.4277145264918838,-0.2606549910507825,0.0067603945084167005,0.9922646055240467,-0.5435615197854289,0.10954626422889535,-0.8996033095546976,0.5432278491936728,-0.6508889774161044
0.06380729957730788,-0.28657532473219405,-0.30274479951143474,-0.08101723904712943,0.7190955997755774,-0.0001491554215120594,0.04528497432723033,0.07999915768031332,0.16391520606906984,0.03280271792012489,0.1972898909054852,-0.18797413081098902,-0.2768374051678213,0.6431090226821867,-0.07238635589725773,0.3629364332145244,0.27124132774156684,0.0038287782220793876,0.0799252904160519,0.4057458043216089
-0.2292962183024646,0.4656302222903016,-0.04470808619377442,-0.06376720583883934,-0.2704955282386714,-0.07208978295694532,0.14751062655927305,0.007969017881206443,-0.25851499128342414,0.49731951700974153,-0.28075778467033485,0.3783281304732138,0.8609048488913027,-0.5987574330025753,-0.9358521885573396,-0.35732211843801753,-0.04905401333863968,0.09471344397335524,-0.0486099165204994,-0.9326029082972587
-0.40512005680451657,-0.028590365677301173,0.2035890479632001,-0.02330732115978413,0.04123511288107615,0.0005608160775915777,-0.29878730269516207,-0.21162259294046176,-0.028268015267708127,0.04943684482213914,0.9707919555851328,-0.8443925782677824,0.9125986295505173,0.11879769626947412,-0.7312563577659785,0.10424539845714276,0.28521347732983027,-0.20280325918413022,-0.2901863174932473,-0.849739907031696
-0.2175489582365201,0.10260339968280424,0.4964227770693704,-0.012523049879912929,-0.4268903711341925,0.3353407789541549,-0.09850647822538534,0.05843956113535459,-0.08357311576379389,0.34024900167340033,-0.8185381921574202,0.11787448900708375,-0.8890832663109485,-0.11695045758529488,0.8505291993521968,0.5433700018117718,-0.7920683621599744,-0.7538032375704007,-0.5062088821540649,0.20317799605679077
-0.3926110383408774,0.05601505922400894,0.6530032802826986,0.02020335582633731,0.13762639786735886,-0.0017205356157761337,-0.0006400576975008065,0.07268642903770212,0.16953609498827232,-0.25795734118041114,0.3047256590804466,-0.2592782937546134,-0.8682004177296097,-0.3571964658953015,0.6201526275814031,0.5058674231544296,-0.9622224434408952,-0.2192480562564627,-0.21207509338422148,0.3915338344812893
-0.027369234442355395,-0.6588360444917027,0.08802534809132825,-0.060016356966045806,-0.5054710464318863,0.029698374433075075,-0.20938159387902344,-0.11173706975253421,-0.06552757781315652,-0.01521594397450493,0.9014891106009733,-0.8955271575998212,0.23026898390169936,-0.2480361797812538,0.5692670368359924,0.6276383142898696,0.1772301136010228,-0.2020098798081873,-0.48420234609036905,0.6051210880358158
-0.05502924852792937,-0.6927967005510846,0.20709743165708933,0.21019373656748208,0.26949957148490433,0.1327796405356435,0.25662081150645644,0.020314702997818734,-0.012683205259177405,-0.08599940182598233,0.6040461205922596,-0.27218612906025097,-0.8781640575764722,-0.8116936992824015,0.2900515547759115,-0.6137958280230671,-0.7959126789293791,0.6216980891579504,-0.7803826415811961,0.1935888518523372
-0.021648069788014167,0.12773383641836242,0.5644475406506062,-0.33284085726619506,0.17650292495293257,-0.0508903843433776,-0.06755669780733184,0.41377074284318227,0.28371726370984807,-0.019558358787073037,0.7641170458619317,0.5254011695636014,0.042649678432885585,0.9579156382918415,0.18095894881921826,0.5656234881033153,0.27684131888119845,-0.13058565143065337,0.1293910925813846,0.9559307585896153
0.26902858823925846,-0.1014398314052487,0.5923065157248109,-0.06941865561456578,-0.24737770527026298,0.026963907237752993,0.18158915156947755,-0.009283997489826196,-0.08650455571898691,-0.19646973082479555,-0.6720748338948925,0.021483796989203663,-0.3922542441787953,0.8713417883506724,-0.3966626485065745,-0.23428300444359396,0.7999597062589041,0.9534034462894936,0.8252618346691649,-0.6727479329207102
-0.45405957201620173,0.03990414006624299,-0.050778530464196656,0.1550473293347706,-0.02028628991085927,0.4188935404743701,0.00039163625187285667,0.04932608076714973,0.2816667409424874,0.1422007833189025,-0.24207301033095074,0.40704283086214055,-0.2813505025028975,-0.4881860313540687,0.20810165577413642,0.20760835026003632,-0.6985338756063613,0.5481390625211426,-0.3791978637456437,-0.38245627987457964
-0.21622725417884447,0.21271955883690918,0.012551341446054576,0.3440134686281119,0.5847791604467901,-0.02730140560619801,0.016575908872905873,0.140027897029129,-0.19862173307506892,-0.10427537196154218,0.3184513952679944,-0.40026809065032487,-0.9137853507068012,0.5969629995476677,0.7471477145997882,0.3451167742947714,-0.5073412487549964,0.6847070420570409,0.7907335716173096,-0.362482938519455
-0.19713626992408934,-0.4952258481806025,-0.2618778917221377,0.1085248727536855,-0.20381274119516102,-0.10351068514568702,0.2129390977107425,0.2928598556166338,0.275348418845145,-0.06257384072350894,0.6114678276152952,0.7140589695532233,-0.8539522752705349,0.9155266468338328,0.6895105623306212,0.8639431180337007,-0.5625709872819649,-0.421425155407809,0.6112764262295725,0.5508606226012671
-0.05847358892318967,0.025310505586390714,-0.4250232245543368,-0.06921991373659009,0.1582965148427424,-0.01436305909000251,0.06909237995350051,-0.20656109413794763,-0.20971023079421214,0.22374132653891243,-0.1337211596597896,0.474188142049049,-0.5441651397793545,-0.3876644508658942,-0.2010195868774507,-0.027561027121435933,0.3637233145122518,-0.02326127822016444,-0.20991043330702164,-0.438108075253115
0.13082533679057812,0.21157469254125566,-0.2635683594472341,0.015122712819425926,-0.13683205171740886,0.18354419157953825,0.019530158949669807,-0.7129191073743489,-0.058217457950071716,-0.18914525741217897,-0.8943108158421946,0.6462041451112059,-0.12212305368062526,-0.743403424337103,0.7591075307706927,0.4238493545035653,-0.3674485477813605,-0.5251434917903424,-0.8096717763073238,0.20305887642490195
-0.07708401664591358,-0.10754880115055217,0.019141658371165063,0.06603666120304871,0.06741675625060642,0.05622553389763793,-0.2134504529793229,0.05410945673920314,0.4929690111484051,0.3588045591919701,-0.5360212138679807,0.6372652238144545,-0.19244098256363862,-0.3585736113180833,-0.9883118733884546,-0.6011412094507527,-0.22950962876213676,-0.7937320592526804,-0.6955112290990835,0.40797914610051134
0.05803925387547104,-0.5780574979244367,0.22714905453354303,0.3794450085131752,0.26010708517629494,-0.09792221941512283,-0.11838679760485493,-0.1763083833413209,-0.12925625332328344,-0.08556032887603265,0.015509831686478348,-0.959669932969174,-0.8168931918852287,-0.7019698666888685,0.27672723009422384,0.658924804349635,0.2838823827811978,0.6571031162178465,-0.17647081998825676,0.9688455241923737
-0.03796140092764301,-0.2570046448148199,-0.019855702331336544,0.14362782850328695,-0.6164373154213599,0.0630776549793034,0.05128896885704129,0.04046644030307631,0.3087812584756012,-0.08410280375240653,-0.42423475002403177,0.8595690956886328,-0.33873490492884284,0.3977820790314952,-0.26113747573218027,-0.7519591015737264,-0.7759454057330217,-0.9119402895748698,0.2842147477428185,-0.9489941299858793
0.09958721451864594,0.0007789941479258711,-0.15687745706814082,0.08298063206260431,-0.14602561266790975,-0.0457730660222761,-0.22013265470434096,0.03501241511819653,0.39676454243891035,0.05103380037634375,0.08468283796642107,-0.34573503695312335,0.2361226172117561,0.38442489806498914,0.0679441197425581,0.45126259766813015,0.4832807911732655,-0.4308709895495604,0.24552785146180534,0.020534457636381953
0.1720220562731496,0.11995870335759484,-0.1009528983288464,-0.17880725869946462,-0.4286063039938153,0.5748462215469774,0.0031694766209838764,-0.06660396245992828,0.4863618841996631,-0.027438491116640137,0.9857087011311472,-0.14485869082502867,0.8808563053191156,0.4682306604765847,0.6414958523219647,-0.5851866053847679,0.6198052243629861,0.06718027871846077,0.29674052690602193,0.6599509498492457
0.3881189074743532,-0.014785095128343497,-0.592820332919675,-0.03961577470713248,-0.06241375444177655,0.06850455419975598,0.11348920549162071,0.09279481104481417,0.004800737213969394,-0.4004665020422716,-0.5336586871859514,-0.4974509003262255,-0.9663728066274113,0.4567787326989379,-0.9274323986815343,0.40545517582480883,-0.26393950603437233,0.8167206476961975,-0.9468281171909478,-0.7631596591517942
0.14483117154869912,0.4705896392996268,0.08464936377057462,-0.0597340094397405,0.1647097876421717,0.16888809640491886,0.05790156080879846,-0.2699239916991628,0.02092342008697068,-0.2235215322966051,0.2050103554222742,0.46395331058028777,0.6794648891864437,-0.8996787318648487,0.2809666233882364,0.7690685825125299,-0.900269652810447,-0.7060067345392924,-0.553942086953432,0.10387482652542257
-0.021609748038384058,-0.22530373519514169,0.11762426293184458,-0.40302051598983446,0.40140847882391495,-0.11805746524854738,0.15052909885754773,0.14126555545034805,0.13368145587314906,0.05871529868432648,0.6716595146987776,-0.7974678873693091,0.3632297163626206,-0.41447400831549785,0.7027830085435227,0.12204267152430681,0.31005667747270826,0.6198660123370316,-0.21215132959740646,-0.3350318352640058
0.03362730236818706,-0.2830178193253455,0.31080732578965975,-0.01583390397176393,-0.11461724589642339,0.14597175131571696,-0.05163722450974817,0.11406836130760017,0.3517971984266446,-0.547261954365009,0.8171872602376877,0.831262200912696,-0.25001823531544276,-0.535645079477534,-0.672655841778915,-0.6351251259180208,0.18975472538643468,0.9619702183207834,-0.533702220332513,-0.0647877373407848
-0.43778991255114535,-0.4542654887363017,0.004932589928042498,0.01897002420302956,-0.4457842521456864,-0.05418209232775671,-0.11457365881507,-0.023989229609072786,0.03902383803768006,-0.2051260201225551,0.8568116837305779,0.8884179129729626,0.25073164335652454,0.8989362430577088,-0.34234015951760544,-0.5531775459520114,0.3156154007707004,0.4910209218111401,-0.42645392411981353,0.1885321214534219
0.03253166094566093,0.12512838487172973,0.14183660280703675,-0.1813112524544724,0.06000334069550466,0.34236060055679957,-0.16782185576530284,-0.01590449153465412,0.23495664717725012,-0.40483306720534684,-0.11553381914150718,0.5072326749648801,0.5410389713622787,-0.4440925656084449,-0.6481292720963823,0.5851422971731253,-0.43275743120912136,-0.7285008777162785,-0.11335375326112995,-0.2931766547596095
-0.16936272323140264,0.7011372030442093,0.02820322562697597,-0.0334419120822306,0.10777674165809623,0.1277948991035654,-0.03416968834939904,-0.08137018857467629,0.0631793247182354,-0.034943208616870725,0.7321291879737206,0.5977887293922177,0.9440437209936661,0.49991039305964136,-0.12298698078398385,0.9728232763500282,-0.2478292737024419,-0.3335474787271848,0.20469792394626474,-0.9712877970568139
-0.15988503938071347,-0.01981763083449127,0.09659456139345517,-0.07395892250583327,-0.025244396535018684,0.052483619553864214,-0.005572664911301095,-0.10319636119410264,0.7357133320175756,0.009362995319062664,0.8615032260412623,0.3810214872096722,0.8184909880252995,-0.07889100549734662,0.47807690862290264,-0.8523493506135416,0.3112898251878806,-0.7299640777181531,-0.891121451862062,-0.11773662992343636
-0.3792662900509347,0.4982398916038806,-0.3029334232766247,-0.07411792027680328,0.19501256592181176,0.3319019621841839,0.22526734894597755,0.20017294441506173,0.046180744228477955,0.04727337097482348,-0.5667993762171111,0.6397967982515138,-0.42451590462406386,-0.4208163634781732,0.5440995318820308,-0.9643238009972952,0.10286926141010633,-0.7664958427788244,0.9901722978831811,-0.4516010969164248
0.04222481767622632,-0.06387307805209919,-0.1274431862388432,-0.007936192439899514,-0.5122450999000753,0.03809984276709119,0.020014088412923507,0.2167262010140449,0.029846122333703193,0.12540147916342237,-0.5129493160764198,0.08547735632639153,-0.06114750280353132,-0.7914448066268569,0.5644068722712858,-0.8862150996983098,0.034026651439756916,0.5022135259445759,-0.6506522485766979,-0.7348753571209479
-0.06543898661797079,-0.43865186935903877,-0.04210964819290766,-0.05325843727915769,0.20122179611952684,0.3179222479392446,-0.1905231911770626,-0.009015479487647193,0.023056521447250455,0.367008777721756,0.31306856897002056,0.1372772550084802,-0.1112681973120031,-0.13264039932560134,-0.789829208484726,-0.3519345039999675,0.3997934124901328,0.33539228046747915,0.2628463002760111,-0.9223607236406108
0.22417744408901602,0.06569962295354259,-0.26221910277075716,0.24935856096206066,-0.031120282637205565,0.05476951902097038,-0.05020626147179738,0.5824636739313501,-0.07211048835350267,-0.058761019274162773,-0.44528606289951567,-0.3371861866217314,0.966742607087155,-0.6655202582310833,-0.3205709386973421,-0.6101674668526818,-0.03477174738261124,-0.4643604283930529,0.4081659143766656,0.1593746555494555
-0.037307309806323616,-0.44421813234466967,0.15745071423089352,0.04176286280402408,-0.21085747052016504,-0.10609722751991729,0.16352256282451821,0.6351214194507895,0.03606904117993648,-0.05632343118629386,0.6369421579098151,-0.3919379350561827,-0.9776646664582362,0.42817158021567003,0.398622108944398,-0.47449069497649354,-0.006091533587911924,-0.0026942343408067337,-0.06259673939436428,-0.4643929830032605
-0.3179031275185986,0.3064004693755028,0.16256601241723112,0.07501025798938865,0.09751953982136713,0.21334512286628493,-0.567980811875794,0.06782644676105845,-0.018467444908211728,0.14830561773526196,-0.07974574734159767,0.9128639832350398,-0.2105307149436737,0.9814219388578145,0.25607355768298623,0.5092492934174764,0.47813487883022465,0.17734357414724222,0.9454056154006065,0.4164535351329024
-0.0018106891907780087,0.18149135491948565,0.14771518994310606,-0.07930016453607239,0.339274530460729,-0.17105036309377275,0.17987915498377005,-0.009782591245406317,0.07373330031904292,-0.6361304044951103,-0.5702187495822826,-0.24769468596664845,0.272553086756832,-0.14010299402269322,-0.343617800698065,-0.8455018850152689,0.44332009166028286,-0.05086871474007726,-0.5427992504506389,-0.9541436797430201
-0.4574837755015103,-0.32640534323439796,0.24958484721990853,-0.02845361648006425,0.020718832774368104,-0.21610978399386005,0.08684804414738151,-0.2187711193584679,-0.02280009716756476,-0.08409877489101632,-0.23211573487364423,0.5722004053625553,-0.26890160187980006,-0.17623826623511984,-0.6780327521476972,0.6878678361389068,-0.8341407622185804,0.569192939556544,-0.09560746296957179,0.9715454731583912
-0.23467830053384117,0.5130429298056888,0.19652340877133212,-0.030236237022689884,-0.0371345785294999,-0.21014300704838418,0.056735719662944065,0.5178855151597723,0.17983032011724076,0.24515153050410066,0.9083999446879685,0.3045995579767893,0.5423764783009946,-0.5296711137701138,-0.9656702297118436,-0.3365587227646758,0.0812906044152506,-0.7991936864717906,0.008173215664868172,-0.21767317994617685
-0.2229360005616818,0.16589696590804873,-0.14940132948476284,0.22651966467670537,0.0958870068719372,0.6833930329798461,-0.2584374454927836,-0.24208245122828764,-0.0016824761676125267,0.1725859285286473,-0.0919396583707488,0.7370766244644344,0.2372090487971139,0.5405794597269349,-0.9595634318427126,0.024240309889112632,-0.37137527448330143,-0.06583899151824113,0.6883789448770639,0.8297333542352812
-0.12940118950061352,0.05915343779405419,-0.24636291804103772,-0.2373558554874464,-0.6050148995548729,0.026524834396074476,-0.3747121618234844,0.06309539940683567,-0.16970500309060663,-0.18997985889954988,0.23078368583843223,-0.3055339471206173,-0.8163372586588797,0.9324248827297468,-0.05402304393400459,0.12812604225946145,-0.12047940053972095,0.11751104410025981,0.28709482491204663,-0.9164777033577511
-0.01763101554008068,0.024614758327454453,0.013341085098360492,-0.016874974998010956,-0.0453515220003754,0.0959350337623785,0.20326739701526075,-0.5880079087861823,-0.46711029928633185,-0.0041095866248390955,-0.35293994614930724,0.9882002274474728,-0.1405824282603798,-0.15872337247864943,0.97368333744448,-0.8243377186265661,-0.1253449214224993,-0.038959556315932176,-0.3530699691131578,0.8912631563830906
0.44862865978527255,-0.3475800893331599,-0.10383917771865203,-0.1493052135240956,-0.08754764438654687,0.18542645291051366,-0.005601000865728574,0.38911782551932994,0.31908880015824337,0.027023312907938926,-0.4473979172803202,0.5192468751803334,0.6020929308469334,-0.9281661632199627,0.616752110605987,0.6410355284515015,0.1552416355199926,-0.4113044546960485,0.7147486240652183,-0.04118416642297085
0.24027638139006807,-0.1103869731501933,-0.4627337476519705,-0.23542447505595934,0.20467849583074482,0.27319253936796084,0.29546817802290404,-0.13387566969079848,-0.13430019445099206,-0.1137469649496401,-0.9750013683663783,-0.27428048579194453,0.7067999237643032,0.4719122161925575,-0.5099957351729307,0.9355557237714092,0.3701386402402711,0.9741249327564221,0.6388431439179449,-0.20224175917703868
0.07930215564634158,-0.4637662866754464,0.054565300685794904,-0.33746482747008644,-0.06924960958849204,0.10383529626777963,-0.02730339056166399,0.2041145433866556,0.10656754039860548,-0.06289121318672608,-0.051852464999311954,0.1527631416938342,0.4886685544825726,-0.6447709149100076,-0.7702144455042228,-0.5475902074029955,0.8640267009336708,-0.21500031329450087,-0.9309348199044287,0.3963853760451541
0.24211685911281688,0.21153192652538533,0.0659320302607053,-0.15083244701622484,0.3139927563542837,-0.4170500598481074,0.22808461888371798,0.037353068801395106,0.0917497223817203,0.33819675531917687,0.04123389964932933,0.802810992484245,0.5979951150930782,-0.9256140697129587,-0.134980459257386,-0.00031558285447186307,0.1463213782690067,-0.613318673754869,0.5148544466858003,-0.9593468794801965
-0.049749250008156,0.22384191115711166,0.20340780576766493,-0.5097170589771328,0.20854079989184604,0.26162459499790425,0.12412673813865671,-0.2530939569304845,0.0409157634045092,0.29202849749789106,0.8479415527321625,0.12568727811256575,0.7306597384031237,0.2042223299267314,0.5997815640300006,-0.3275919705515882,-0.2206191893582632,0.5218421993460336,0.9725188293173554,0.9520685200918204
-0.0925787255600185,-0.45393115631177594,0.13093152354352708,0.08229823226091673,0.6091814960019132,0.2282300849883988,-0.1686315426733142,0.00717614292552049,0.0775633275192025,-0.02782444000588249,-0.09523357275033861,0.6888653107844473,-0.24907728416370056,0.7216055791786413,-0.7994720579189838,0.6975090386202398,0.6666738995316881,-0.6408859844983823,0.39314612397595927,-0.7154259302007724
-0.4965564500416336,-0.2618874745418427,0.028470367538123313,0.002154930636792559,0.011970242174644041,0.3836305594434721,-0.11965594160905153,0.3932389921266277,-0.07754899736904809,-0.06239349690881035,-0.05797624145791613,0.5549125206402203,-0.8176208894776535,-0.749664589820848,-0.7754148919359443,-0.6014045870848301,-0.25179977680949106,-0.48539893044368787,0.46093647413494887,0.3179893366553208
-0.01792818251119349,0.1150909025302956,-0.11230734352033866,0.05073982816602718,-0.437789526496785,-0.02845110492385113,-0.09795546905829981,0.1614328569179311,0.2724779145371401,0.01789848362976646,-0.5917264743495925,0.4450852205857121,-0.9799992124033932,0.33985276012567334,0.9105118256239486,-0.014119876602841863,-0.037487914536038947,0.5454673439447071,-0.6165823542158988,0.8471300564567399
0.34578696850397517,0.23317797964574505,0.633455954327562,-0.042497445744550486,-0.23236419443890094,0.12565442908269375,0.11659491184371618,0.041417106409986415,0.1832694385559565,0.05002989022503396,0.026219192677481074,-0.6838364131018082,0.8523070203534759,0.7245903881241376,0.7154507234819925,0.05583007015087005,0.17017405764857085,0.0013648828120014223,0.3787836819006971,-0.17802215268731691
-0.5987416033529935,-0.10223342719011308,-0.30324768679993735,-0.17703577372871881,0.2795323503384103,0.259208269767926,-0.03491683604706923,0.046615366972900474,-0.08407183224619483,-0.13002666308372512,-0.11726065814667774,0.8573042614679167,-0.9715441146858463,0.9960985010196648,-0.525041062257509,0.045688089254626085,0.13916195870850312,0.08531990161665326,-0.9151193160811055,-0.02383637289054552
0.031400990382622423,-0.39811872010577376,-0.29099977383942244,0.0862835036704907,0.10494232524388847,0.19019537247233229,-0.14453948372908845,0.24823350868250127,0.31838535965553416,-0.07261501175930785,0.9406736661720463,-0.03256067250347394,0.7087175760842217,-0.8533586200465166,-0.36491400563621146,-0.7232849949786795,-0.04371613920883899,-0.0893149172241614,-0.2517646975017207,-0.7810512810691852
-0.02401935195555066,-0.2101168046512879,-0.5504884894736067,-0.26913715980065256,0.021219257464188845,-0.2909964639419206,-0.14374047330479486,-0.038520822706108515,-0.022940805397004826,-0.09164810044247296,-0.504714384510712,0.33852753240197986,-0.4250888675985176,0.3821853887679616,0.9746131705545167,-0.6172219791178919,0.3511761088402172,-0.3074122865493518,-0.25822352374358326,0.9777883724221741
-0.0031380574750612678,-0.659362875799215,-0.4233586861069868,0.20971905082583553,-0.007961729575214897,-0.0688565765083603,0.11372377414949408,0.13816096686125312,-0.0006836393093936979,-0.2487203759471112,0.6635656243247758,-0.07214530429475396,-0.583399642891862,-0.06532322977026195,-0.7393153472779745,0.05916783691781591,0.8262344603965972,0.26854804085210526,0.9192554389574406,0.8753587558363889
-0.08792256172731028,-0.036998813014452014,-0.33553641000144563,0.37907162263496996,0.22559332389468084,-0.07492791458226675,-0.10838255381972761,-0.2828436437250422,0.3550032228987454,-0.24552754981020525,0.8353218837039975,-0.8225591596035713,-0.057898796713584666,-0.48568070134442265,-0.8752607175880274,0.24014154727642634,0.41442268800359616,0.2669361740623082,-0.3494015595728108,-0.8587914650058313
0.06422343476024275,-0.040942207710235407,0.3879550050215359,0.05436066788712601,0.410126773698241,0.1703617374112183,-0.03207131092556223,0.33026273792464833,0.49305822219632733,-0.020572332130717852,0.909992069431244,0.5158693269529284,0.8024884583474516,0.2508448971038062,-0.6210580797044816,0.30137883944132926,-0.907919283131329,-0.5387570701903581,-0.18613813590957484,0.21384444553612836
-0.09125811082360893,-0.35974404386113024,0.2000527417505088,-0.13516345382570277,-0.07072514374107114,-0.28947600432379944,0.044123141956712186,-0.3341915214259356,0.21811620190340675,0.0984165862343398,-0.10165936820312704,-0.9727631235564469,-0.5405573900451435,0.8498983618520186,0.256947609519518,0.2727199478508242,-0.8448033804146469,0.918475348720583,0.9248875124438958,0.10564876861365624
-0.22364535290124118,0.2015174409526217,-0.3703929265211979,-0.0013575606409369709,0.05552311748493716,-0.1239576753835798,-0.1233371909931818,0.081111198684097,0.2458264435079442,0.282438796657436,0.7185270083475344,-0.2961468533147762,0.10120081699445627,0.267643297352558,0.48237232906747307,0.5018652552387146,-0.24412039099259242,-0.2460202809582983,-0.11643378295812834,-0.8945303783986875
0.40170475493910385,-0.20539617431840496,0.1648010503994243,0.37995184824520306,0.13259449525350198,0.18375927681641713,0.040975014182561234,0.13856078596131402,-0.17412520918619387,-0.06717142965849242,0.904660802381974,-0.853451897468402,0.12512025259378756,-0.4577078781900259,-0.06502011034170163,0.5928956219454016,-0.017117613044983493,0.43844704333214235,-0.16812824814945793,-0.4163872358529086
0.171992811236155,0.4248988809298876,-0.2958268680008111,-0.1556729900258435,0.18796700048623038,0.26293802365748287,-0.2768806766648876,-0.4525679607269913,-0.07963204635550036,0.007127483995410633,0.5340178969032219,0.384169156046291,-0.2667499024522624,-0.5291809839865975,0.07087637469353081,0.12761231778802973,0.6508915013950642,-0.41959193471463374,-0.9428563024180245,-0.4667224171884219
0.05250945660033102,0.33170693555595304,-0.3404194472709521,-0.03217649044585527,-0.17440093861413344,0.05780389877257014,-0.04060408620817915,0.18090426139611687,-0.5782819869601709,0.16801363032207461,-0.4304868667960722,0.5004830923122607,0.27863904054682176,0.13045614560773622,-0.10838843548002619,-0.9672588328669953,-0.5403362018883229,0.6608424389340917,0.7993196271049372,0.9255231488622218
-0.3902499640393597,0.0004499405395060885,0.025154464928728387,0.02895466669664873,0.0069173485498196415,-0.0012115083531005558,0.08383420620429594,0.13708295210654373,0.6072193444039159,-0.011685873386719553,-0.5453186041439277,-0.7757836003585699,-0.4376367863486901,-0.7650114551004039,-0.310637971528662,0.4815870240899922,0.8450924712073213,0.17948436450256078,-0.0375409061067129,-0.5512140820788696
-0.4577240497523062,0.0028857202532483472,-0.05949218075038638,-0.08288105922679517,-0.07480701272972295,-0.08606578904020801,-0.7183563333131853,0.13081102177125417,0.07853083821529525,-0.20637180316396553,0.07181424060117525,0.808779363216251,0.04104544639032204,-0.3122438185524101,-0.9976257391773267,-0.35831742714883386,0.4886515887872107,-0.982417785490022,-0.6737795156189135,-0.8554951464682068
0.09190924595582771,0.16732780339968756,-0.009120004453695374,0.0620864741784337,0.280017152012501,0.6486147757575291,-0.1380757759498473,0.3122743608992513,0.39525235772665224,-0.12665220356626725,0.7315292164787506,-0.5085826909916233,0.018441237566296564,-0.32516135252271994,-0.7225753657232672,0.22015573484496875,-0.30277190660709286,-0.3389312676028666,-0.4191034476236788,-0.8679522028693529
0.2833709489222669,0.11242978381923197,0.1865653985181155,-0.34290153090163505,-0.36073337620611395,-0.27355278003295047,-0.1190047286518704,0.00664223405068376,-0.1367384610478471,-0.417351267779094,0.7235957664279848,0.5084223111824546,0.6733218659287807,0.24675116603609215,-0.0770302085231711,-0.33477142786424285,-0.8836760130332801,-0.023470554647506026,-0.599592700422459,0.23826309060888362
-0.09009534826927693,0.004243965054670479,-0.3563519390952541,-0.1744075588948979,0.1674942964281065,0.028407962237528964,0.023897578524003024,0.23054189167453987,-0.22175872737234578,-0.09384658472275242,-0.13214745913193227,-0.8877693743145705,0.0830995147251481,0.4084335926767977,-0.36341168990895234,-0.6324042024074357,-0.6637570062931697,-0.4316960730247854,0.11749104906233065,0.8322204563299835
0.1247988602416179,-0.13060687208381494,-0.21373926626621115,0.5490072932424029,0.15968434715756652,0.33516250633436834,0.009910574802749181,0.21491258550008266,0.14459267598873135,-0.007145139549909446,-0.4778320311174338,-0.16819128240101788,-0.735105242120834,-0.16813848313221058,0.9878637251198037,-0.40272684560640015,-0.9672306052706352,-0.28572458564637304,0.9384227461738286,0.39273088559888336
0.04823452794486943,-0.020525257055546402,0.007680679800272053,0.056239021351655406,-0.42230008510207206,-0.03860540325124285,0.1238995631251224,-0.2830402701436203,-0.24054440165597035,-0.1670546651176036,0.401034176139208,-0.8167059202009146,-0.4898866265424311,0.4792833511933283,-0.3004418168781964,0.29617277053352264,-0.393083604985371,0.4419568161441576,0.7690100416570751,-0.48628281127624984
0.010365471453849806,0.18010825196399427,0.08896983652615076,-0.14771803836496167,-0.21676613341183898,-0.5239708541992154,-0.24284130357944317,-0.2546710501061293,-0.3239617311664162,-0.12549092935976303,0.15684278186882428,-0.18933963322857883,0.5272801479294862,0.4077962370840176,0.32260040315904637,0.3868496191880766,0.3501760215879963,0.8489393164916912,-0.9190303549583139,0.20535619681175366
-0.19849030407829,-0.22329645819223576,-0.253676443458827,-0.5303572500614876,0.14212435744612412,0.26733792216770946,0.018673096904435887,0.039370830691921266,0.08609742308492885,0.02032732551108302,-0.8199870378682299,0.5754962352554305,-0.018008673615394377,-0.932093293006818,-0.4944995727885988,0.8257383406860643,0.14724571788823382,0.5315804596515357,0.06848018737780182,-0.2559415041853683
-0.2778816895728989,0.2410755670772127,0.027076096162698182,0.008542561227192755,0.08842015144664499,0.1981185997234854,-0.033302479860829085,-0.6185989190022267,0.030572889345023682,0.01624424502976951,-0.6750451657538825,0.9511581868109362,-0.11432386646935266,0.6096162246921579,-0.7014899782780417,-0.5186132502187102,-0.8493657760127662,-0.22336983609366157,-0.021612177673219657,-0.21564086454852527
-0.020917130120013963,-0.6132244321363811,0.2024137691828497,0.030312193083728345,-0.37511404219645983,0.10125124021454332,-0.15944783041989255,0.3519441257326658,0.0037164961294929855,0.15918999768042574,0.2603883650985004,0.9279065794335597,-0.8636089525789887,-0.7339357760279921,-0.8602369373597829,-0.7332000253029607,-0.6339319238545889,0.5347161119530186,0.7829714988781804,-0.6919104350374887
0.01902995126337277,-0.27132493024749493,-0.00815912720062257,0.056075469672639655,0.15760938046172812,0.1475784411165193,-0.04231409568888726,0.002859710493938789,-0.059079759491464476,0.6100141386449478,0.45427320160137996,-0.424000407869884,-0.45408114136987465,-0.5388554062718147,0.4397653846877456,0.1476183821221173,-0.5714772813502935,0.8477736718355138,-0.365111096628691,-0.11485593452348364
0.20407212556324428,-0.052680627510005906,-0.11643830106703765,0.1059937097688522,-0.08616005550884365,0.018900745465294633,0.7247584575844167,0.00317212666742199,0.0884341734727534,-0.20289207447373114,0.43089340965501344,0.5039756503166437,-0.06924738294363153,0.7541455299724433,-0.4208368509425533,0.9972603921010086,0.29629546106220106,0.07331317554035066,0.11560488794314105,0.21825196747525744
0.38038264425106116,0.08338133495966546,-0.15498456258018606,-0.22797937232794424,0.20795044000834928,0.1334788446608063,0.09073939363313602,-0.039990510776618304,0.013864329802569852,0.21535337728798987,-0.37627534844414345,0.18824054607832008,-0.3870433976792502,0.2305292738043525,-0.6650756021993283,0.7472861185733912,0.601895032225382,-0.9396271671538337,0.4523906473350128,0.5922065274339494
0.04240633663462492,-0.1770228394490472,0.08340053012402404,-0.005827729160432619,-0.20231286593148173,0.04611000237240673,0.7152659630425805,0.06430526112042509,-0.07415187664235504,0.01955948740605934,0.4002783713020184,0.7670036023633959,0.7674356171076004,-0.7816247866216681,0.17565335971241836,0.4862386385335842,-0.14630162586640272,-0.8160841045152687,0.7387698189060499,-0.47972258452171834
-0.10133455041939399,-0.030362958123292375,0.4698634102074569,0.3028170144247091,-0.3756246883756365,-0.01701515405673793,0.5175064517634297,0.33693168186982336,0.15266466517926316,-0.014148808556709913,-0.9922174909766672,-0.6623869757276166,-0.0709938556483618,-0.9188153869919866,-0.42866442351638123,-0.2872355930978623,-0.4826671504449933,-0.9482675213183898,-0.18923868143455413,0.1722046821255654
-0.015692676267234626,-0.24520616674289247,-0.3584921794522936,-0.3621988963731302,0.2036349451214899,-0.08117096320252445,0.03713924382414546,-0.3628189313126684,-0.21917834616290405,-0.023506206007753272,-0.300366731549768,0.0026166901258961595,-0.9272907482176156,0.7008499361767835,-0.326029965206339,-0.6277065499670536,-0.04448142912279107,-0.5261147047198922,-0.019371731551395044,-0.2328158678082235
-0.09588625612736995,0.058244634758490677,-0.19030236378269383,0.22527255747100705,-0.012950954923709134,-0.2505320037738832,0.2815214954552223,0.031825496349088434,-0.1398536273341264,-0.004515760637585374,-0.45431355389576855,-0.8772580773102914,0.5940887507469395,0.3065666983088844,-0.8510500163500454,0.5771618806887522,-0.9540241780854768,0.12194015903089572,0.6870407158957916,0.3829118168369774
-0.016210175566187018,-0.12750782570081903,0.08020439266236098,-0.05477918300963139,0.08424059362370462,0.5198611959939765,0.16937106504167898,-0.08282226969409191,0.47712958538503103,0.3781314410836393,0.05868892108637436,0.7933392799582919,-0.08943108375955067,-0.6887004378304395,0.2978480893465978,-0.03699417721268561,0.9499713046154379,0.2204239408218831,-0.2198978152521922,0.7057460865436234
-0.015286704139255203,0.33666024770165637,0.07877310818686911,0.025104489875812763,0.2865918173698514,-0.09256997484901933,0.08492542757042787,-0.34686820500185744,0.1175841560663835,-0.2745015401345571,0.07741588529320542,0.08391172384851542,0.17839046684787974,-0.9852302461964368,0.1893304292660929,0.20177891393682934,0.5828092762047985,0.055841501695607754,0.3103916549490864,0.5272296621460684
0.01171801527297564,-0.06626881475183638,-0.011327682128936312,0.005564230552746727,0.024678425676080806,0.048495231563910626,0.14056803184819266,-0.486488058221337,0.5425405495676605,-0.10373245567169237,-0.6702030964042716,0.5543320528743496,-0.4513038026887337,0.8523871622444352,-0.655947109492292,0.4070437946116148,-0.43853840043116965,-0.2147145990209507,-0.06999954022469357,0.19774666188714396
-0.20823797642721362,-0.03937585282393857,-0.14105274510226543,-0.12294186289415189,0.24450178120022836,0.06313023513641708,0.03929288388800449,0.05145090372000388,0.452852704615858,-0.527495952309089,0.9503639020317676,-0.5053456319922573,0.046723017362964026,-0.4189139247744942,-0.3708561536235666,0.4788727060482525,0.5177298822984822,-0.7013185039140328,0.16792554812579885,0.08009199620976748
-0.010064388761706199,0.21985422278130806,-0.2968276660039385,0.018045541245501326,0.30461382261342795,-0.358549767053601,0.011107550907892394,0.2632228245271775,0.1697366075290902,-0.07082971316126369,-0.16470940249950194,-0.26347770345460964,0.3100845794570035,0.7093415264968923,0.6245252761843436,0.12832881413359098,-0.7571846953720511,-0.8572241350481722,0.588882545361165,0.7665407701870983
-0.016737786690882175,-0.01903790110766089,-0.1471928153357562,0.004061737559761667,-0.01426013013728332,-0.5814645560390062,0.27312264979465756,0.3777633309285442,0.08477201808348017,0.10016959711623502,-0.1436625479633422,0.3726230345817523,-0.8405456381420588,0.9496770225249829,-0.7771505635383931,0.8977025926590512,0.40434539740746733,0.883631231594546,0.7089955743382843,-0.6322211710576868
-0.05007705067790465,0.03235953232051847,0.6410033514836577,0.018614752583277175,-0.037502237890398304,0.057159632523092446,-0.3355540125935203,0.08995693524269532,-0.003958092769261776,0.31309158825402966,-0.3449592441530014,-0.48498248117005294,0.13406649355327427,0.1417504453385121,0.9729342794616285,-0.7748565291892024,-0.7718476127675467,-0.9830046493916513,-0.10544652582317249,-0.029120574443533
0.27575947356766806,-0.04627477750818957,-0.019716381535806814,0.055958719619506936,0.15318973554094964,-0.01979011954256285,-0.22257579282766823,-0.20151225331007522,-0.21529737153469447,0.20922370975360982,0.877475651271866,0.5814001337681183,0.9197210441249339,0.4864236450768116,0.596277494485792,-0.13863227925008292,-0.3232399122735219,0.7409579649430207,0.5069267045088879,-0.1929514249608113
-0.12752577221462918,-0.13480849136979847,0.36376206213475837,0.05196526895495934,-0.04411324595849691,0.2936299902741202,0.1213386242223779,-0.07335223083079026,-0.2025298906776323,0.015392500277610854,0.136632741234886,0.21196909217630422,0.6633024264233058,0.09930887915823883,0.6071411863180329,-0.10201682880050922,0.37109849678556883,-0.4656743469487632,0.6296539779229546,0.5673566608420704
-0.4843082793316283,0.18000669257907428,0.028613950155345666,0.40069979269346734,0.4413610493193665,-0.0062279252622900495,0.1901139432808111,0.023795936980408938,-0.051497329486968356,-0.0029166167568221435,0.8180261046587356,0.7470107439555305,-0.16328487952980075,-0.19577746930009132,0.9088637864734788,-0.36816082837568986,0.20535901208043783,-0.5344312268715059,0.6058888319143458,0.1375202680141152
0.4500994940365656,-0.1261341408979954,-6.838790982172105e-05,0.4126499648440517,-0.08164332330171203,-0.08351062633013277,-0.06657094404443895,-0.18202608069835302,0.2558361204597068,0.13511809491594579,0.8559471025356673,0.17545446823627664,0.466039360627557,0.4659682816553019,-0.7735696563939984,-0.15199386838162643,-0.3793554748864967,0.7291310363674883,-0.2648610245269136,-0.38841558510710006
-0.6166756452854703,-0.06399590617079567,0.15120000747424955,0.35801070591814177,-0.04220110890647032,0.10212972274295373,-0.4536707105762902,-0.08043894937649687,0.037769164742159085,0.008901968887377681,-0.043044908413019556,-0.016930065743580913,-0.5683451679838611,0.12504233859231473,0.7932826658455909,0.5581973233554058,-0.2461594761694803,-0.034669655099359487,-0.05844083964591973,0.6701904925340794
0.008259416580377987,0.06428946249905165,-0.19920873127592525,0.006184448085260554,0.13567040669301664,-0.44322615660803366,0.5283660700503607,0.31545380162473147,-0.14627830285550492,-0.045267804909039616,-0.4504001308717138,0.20005852197684315,-0.9163534449606503,0.8993960081490515,-0.2969038136993942,-0.5736325269793192,0.34480195599365837,0.4412496866496871,-0.6696829494724517,0.7491844592351462
0.30736599521535646,-0.28654758564520066,0.014197534885463403,-0.323274147688696,-0.004608690867679337,0.052589181759510065,0.3060955277777102,-0.35552053785432663,0.3119427778264067,0.0003031586861502482,-0.03472338492983984,0.7014896599688765,-0.7697684812868923,-0.852867622960096,0.4903291525299389,-0.8790419559106011,-0.05833615046465046,-0.8646464660722784,-0.5233913734320663,-0.3625507025964241
0.08658792039071227,0.05718413562895913,-0.0008488807516964791,0.1772902163806972,0.07380772343616812,0.3705624711837775,-0.18919090955875884,0.13298133185079097,0.005508102663558556,0.6891207579263166,-0.675669204032838,-0.6518499728354312,-0.782252153154358,0.5538252303224336,-0.418282935334255,-0.5685394154505452,-0.9103272387638173,0.5143237921082353,-0.8707316064243982,0.3728108645511998
-0.002574060480693516,0.314175188158474,0.02114529305801828,-0.12684063816283556,0.4617953817823932,0.04356757351325823,-0.12099515788031512,0.3431022171476191,0.027905662100249903,0.5434853525284548,-0.6358828890732455,-0.8978981625756406,-0.14572082262916486,0.5603087287807278,0.33872305516991763,0.7982462258057388,-0.0002676503656622309,0.7475212682179206,-0.43578103447153804,-0.601182595459425
0.1605675003142949,-0.6337708468998718,-0.09855245237988966,0.004573138719333569,0.41328602436829964,0.018377355245010704,-0.02998350323454968,-0.22521012376621635,-0.1050848654857769,-0.030781004135385398,0.6455184344583464,0.8723634165111744,0.5562003943478429,0.5501940966753898,0.7324275985441557,0.9606592491569259,0.16719984252745967,-0.7442858013239935,-0.1715858371004666,0.6075436555555582
0.054095019293359636,0.5803997642102414,0.06666243943347637,-0.09718905507070455,0.30989762363253054,0.005561673151138584,-0.04387497240501152,0.20196135482006317,-0.4283033306722564,-0.009367592700622651,0.5999058188403776,0.16325758356304743,0.5896726393349812,-0.331693281133858,0.021110015655973147,0.7438188939905681,-0.9075548845885251,0.01342697694617856,-0.3032113499189124,-0.17052079204381543
-0.021991845152623757,0.3860844344177269,-0.013724690381758498,-0.3969315620121681,-0.4093345492547331,0.31508719633771487,0.36577770981730495,-0.02821010832699339,0.012593155869806139,0.17244423701637523,0.7080413273915673,0.47610353471588374,-0.7401197366489425,0.02008999218375518,0.21977008974376822,-0.39438059020419636,0.5526349983003227,-0.9838438909012359,-0.9596387926917216,0.769148471732324
0.0034409348287018637,-0.11046842749553346,-0.8496817702272221,-0.11432623563605228,-0.1665736864768441,0.12836431624603356,0.11129973402263278,0.010334910894465067,0.22274207681845076,-0.21904234948652754,-0.5474129192545631,0.08550005255198001,0.4053061887647551,-0.588208689829782,0.7090385639015,0.38750979729800084,-0.019382624461589115,0.4647994407471765,-0.09071949420475689,0.8595592666251031
0.03155944888392234,-0.06304653567145908,0.035987025846308765,-0.027142574998686345,-0.021011286985539182,0.7941419457378207,-0.13422836740938449,-0.32648564671191965,0.2482038778559324,-0.1783708979702746,-0.664685638375025,-0.46508940885984495,0.5868817826794432,0.2720619928997505,-0.5120361785934286,-0.8610366886702063,-0.6369449271751073,-0.4330218337355587,0.49229170663307076,0.6077552556366899
-0.23550580561722056,-0.17126466545961438,-0.016540024626121752,-0.05793446627316884,0.3878163190477727,0.24123423081839168,-0.27960876659778094,-0.13834319267678064,-0.09891071391112302,-0.36714134911785545,-0.2861987049350059,0.2376711296213807,0.13986975942289637,0.3871788642171017,-0.6818843402812749,0.40392340206358224,0.2427121491908173,0.6285927275943575,-0.10692467609255063,-0.843338629911009
0.04215035040166252,-0.44508253657259195,0.11169704360156713,0.023839499116404567,-0.09966282644155701,0.09874478389726848,-0.31702441241752644,0.07715433991954321,-0.01754690025362966,-0.5936148158874042,-0.16350173616582686,0.024593769572759383,-0.5600731375022132,-0.9735325018928638,0.9800872954374327,0.7184968491963519,0.45328811263246327,-0.031924987022592166,-0.24486003775800036,0.7347574674216892
0.23446690190526642,0.0968685157566595,-0.061652943040024645,0.6784387241661738,-0.32250893972481093,0.10911494738701127,-0.01859223968980611,0.03260976541150487,0.02242569281894645,0.03101501308552229,-0.5807980646204125,-0.313645583017101,0.2895636681091249,-0.6410704920779151,0.5081733362824177,-0.07023893205803877,0.902737993081995,0.32210949051243953,0.9416932192518672,-0.4712894029671759
0.47998246639701336,-0.2617398181014607,-0.04780853609775142,0.0403948099094321,0.18055446817517104,0.001358136751010916,0.06094430479364791,-0.19074340541224893,-0.20572079259195647,-0.14409452193711647,-0.34821866053574246,-0.3680147942848653,-0.10808107051936244,-0.020779833956618976,-0.5901238937245363,-0.03011144761388418,0.13353853577572417,0.5026154127500218,0.13119730616670866,-0.9185275165520645
0.06006528755795672,0.506118252123268,0.28057808643767135,0.04539252822523475,0.053653773095186236,0.15394231854930904,0.39502659775461213,0.22175368300451534,-0.23612650733891072,-0.10879236808409129,-0.8335455011827599,0.1554894597288532,0.8108400003964271,-0.7069958805043706,0.9480988723987316,-0.5752295245304826,-0.278628395006302,0.3240991366912169,0.0021931876092091684,0.16518363755154608
0.002470678954069097,0.02318385424044981,0.28096709757572336,-0.09173240060472984,0.045674792821282645,0.5539246059902561,-0.07675433784378245,-0.14134005722693632,0.4614115676375863,0.050053475198351516,0.3511772292448121,0.8104844671748581,-0.3826285166896959,0.18460218973974118,0.6365044021328286,-0.5176629428086981,-0.5414610294458482,0.31276767031247,0.4724021805292653,0.8283086928019099
-0.17857443722681307,0.11923395041453962,-0.023817468281882238,-0.498673481110817,0.10488315277668159,-0.45427410821810177,0.16563995115384106,0.18671010462753698,0.08653804357076683,-0.311425915267594,-0.36710569186634734,-0.08326775692082933,-0.3294865336519526,0.33030380989237473,0.989579077647984,0.6067540729710061,-0.5813861537847942,0.10298417464993026,0.07429197725541092,-0.4450659045487142
0.12814715810994276,0.18902961204496127,0.07012490311965186,-0.0096568101797354,0.1997251725233805,0.04391865442387376,0.07743182733363353,-0.11685023708976183,-0.04809984627421028,0.2027053645101095,0.7280011435544795,-0.725272728859718,-0.3346099366889639,-0.14641979671217498,-0.7727543358598017,-0.33826570180503013,-0.3964366383247919,0.0985566963843354,0.13858762989444928,-0.9465479182782821
-0.036966689393870045,0.054934790136855115,0.006663480636357966,-0.16713663007658236,-0.052255645167544204,0.006413459190539223,-0.05980029317600569,-0.6981495596776102,0.2618323111994906,-0.343993144147279,0.14914386661696533,0.20973485213197973,-0.34607710756368504,0.4096892823934428,0.3088171796058692,-0.39944008618574034,-0.4085046168716191,-0.4960507818842057,-0.179548356534442,-0.6591486278530427
-0.10720043085176267,-0.7466207721287423,0.020401928020341742,-0.0031073222358133715,-0.2728324425629013,0.28482060515280827,0.0675947843213025,0.039542945880901445,-0.19721028569494695,-0.06709037093216241,-0.5413339186898674,-0.3284926582083658,-0.4502885749043959,-0.3200886331255657,0.33788178200622765,-0.6592057364276851,-0.1209506465034933,-0.8176609710172305,-0.37010335915391224,-0.036971524780071485
0.3028704002988549,0.7003663711449744,-0.03590099489063697,0.26643976375334966,0.08266876622454271,-0.023825080427386625,0.1938922422680992,0.041485757927653674,-0.021130989860461302,-0.08880440854873498,-0.9450861440963694,-0.7118949489213602,-0.6968599707329697,0.8206748747017818,0.6060593073403411,0.5690406847547,-0.31458026967264474,-0.9111865964352199,0.755468173511449,-0.36216672917754456
0.038609106948002826,-0.06419015384885252,0.26827403033233244,-0.023016985298326006,-0.02386730113211388,0.2878948602916237,-0.47359650315163637,0.38693132961117405,0.1952522498140471,0.23581549772629584,0.4353576969002195,0.8770794159612416,-0.03377084119886864,-0.8590738273464615,0.7155118897944455,-0.3779959894850846,-0.7052311673647615,0.01461073876051322,-0.5853970971672717,0.9805647354641038
-0.23834038246913253,-0.12611305831819936,-0.2872284668168608,-0.530139842506959,0.2561274564983049,0.010581469019058251,-0.054879309568344185,-0.049858187504234625,-0.010152000266607425,0.16274321446765647,-0.624068523619042,-0.016459783737681866,0.5354018089265913,0.7699037893660592,0.6212124611923633,0.12207676370719489,0.7816314090588807,0.6452162368978798,-0.5206736919280404,0.5013379124890236
0.14109007263053458,-0.4324166955473681,0.039851919575615846,0.4015975224140603,-0.2772490569140984,-0.11168421512690335,0.15680502037635335,0.5011266512872468,-0.0028969427229146305,0.02518882322205951,-0.49752731375789105,0.07047120333159773,-0.8696108081040013,-0.732115855506269,-0.8555675475918292,0.561968475387495,0.04983588192967181,0.07300349254629035,0.33613326592023496,0.42067889129862235
-0.02213894334001216,0.02098793942379766,-0.005893795157627148,-0.7840900545731979,-0.20437026233025168,-0.22962284455062848,-0.009777801483489348,-0.03274696907620126,0.00773726689745656,0.03879962513925081,-0.3157604889252301,-0.17073968052447142,0.13113728110059486,0.07303862340950706,-0.21847428652215872,-0.880517820704477,0.5472921795016152,0.7342298178505211,0.9062208206810367,0.16362077140641107
0.059272019916546154,-0.04606515534990753,-0.02522932412931815,-0.05178037202364533,0.26546336754867506,0.05546572244546438,-0.14482587100543132,0.1435245246909524,-0.0072442097622039126,-0.7169843348227563,0.19264602451570045,-0.9470329975410332,-0.6278281614442807,-0.14698785823686267,-0.7772508879866067,0.6642401641326676,0.5868372001013955,0.35448536350472337,-0.865606450739413,0.6642376837702251
-0.043101801464917155,0.0670112577270604,0.07532079797879893,-0.2898991411998525,0.04996306151552181,0.051081039824028826,0.1285155270660766,-0.161274399374021,-0.6571734829367497,-0.11929200637146281,0.5507909939622637,-0.9316590787980055,0.40225722219804894,-0.4199616797351031,0.8115712653595841,-0.6392389041651787,-0.04318735118340844,0.9105287896387366,-0.9868292757879875,0.8847877212010737
0.6247204792124219,-0.010265363702707683,0.05876391863633623,0.05417858424841704,0.06522478331282035,-0.352028514908562,0.04373811935414451,-0.10500670859719534,0.2677080050108274,0.12499974153517751,0.7504644742363125,-0.4516498540728353,-0.5300282378363921,-0.845231693677355,-0.3167332873294122,-0.774794762480123,-0.02043249563191729,0.10061571199161223,-0.8864431279498348,-0.7569545527190948
0.13795689145316548,-0.2617655520522065,-0.06322097378812323,-0.04580199216189323,-0.29458720039806313,0.03176254864313208,0.6388270809881277,0.04101897013444857,-0.07243312202455816,0.253246737520767,0.165634932553542,-0.5326976159872674,-0.9041454770367341,-0.05846130429567031,-0.5150335394399541,0.33441484872501936,0.5704111235733318,0.14590657503103932,0.48720381844186034,0.46953135369621024
-0.08550879069040589,0.30650724010024927,-0.08055828636995019,-0.14981802767442481,0.08386743114213968,-0.035821617380584425,-0.058740006800475725,0.2508486065679356,-0.10544127644468737,-0.2511110854971935,-0.27643012714303583,-0.28176204664724724,-0.5597922798869708,0.5834666642681499,0.31252863585861634,-0.6900994754330743,0.35989032182381275,0.6094181585707759,-0.9049470269012252,0.7729075261787499
0.07044721029426686,0.052752643991669054,0.26695609856271507,-0.1781018310758939,0.1066693035637446,0.033016853555928205,0.3890824939409476,0.10422503957184394,0.1821677536491129,0.38168649046498226,0.0380811221432511,-0.5024526286322626,-0.031040337626204506,0.8251309587037008,-0.11358900006301842,0.5430066393074262,-0.5066546176453228,0.30622071249438476,-0.46004217277934956,-0.6308788453474445
0.15200246074930596,-0.055376287353934406,0.041364515225096654,0.1791916714175712,0.28118548000697774,0.03800356375795573,0.3227509112845658,-0.03253620622299622,-0.09283677431148339,-0.19676603229562625,0.42852941230032027,0.7708608247427036,-0.10790128776072128,0.7723607862918991,0.8563660949978236,-0.6848199783977613,-0.33174256734897356,0.853532688851619,0.579020697455241,-0.4583612371560901
-0.58194630804578,0.05412575111421403,0.49935792965625614,0.03431234172789632,0.013845401321398873,-0.034844297928529194,-0.02693221499991394,0.18812139176680173,0.1839563275198034,-0.15420743903905698,0.048907409196370155,-0.7074991689188705,0.013336350821016252,0.34822331536547857,-0.3516357489210544,0.5445716504583036,0.5032306975855039,0.5817610414452028,-0.5277047612641921,-0.5321084112656922
0.6449238632083438,0.17556209758537383,0.059540940947320264,0.042689907649591574,0.0006281115559009509,-0.2462252064239957,0.19964992767630585,0.2923901786229845,-0.25547483062659254,0.05511170344658303,0.8546659599441653,-0.4648191677682567,0.23943075857161888,0.2605078056474326,0.4665405187765279,-0.5274408250771809,-0.43572082665266887,-0.2637442792262321,-0.09909246691088658,0.5927659656392712
0.13222725734214513,-0.5607971930374099,-0.21700895993632474,0.028766288932645864,-0.5138642916988696,0.2318075898580297,0.33637146783079624,0.08989064290588569,0.03715470619144301,0.0795783744322691,0.7660553079977659,-0.5045844309110514,-0.029802436385921727,0.2879030424951159,-0.6101667598252931,0.33682885896393167,-0.5492624569307267,0.8775426297989373,-0.7969858780497767,-0.7320108787976025
-0.0348107239131384,-0.010352437443745616,0.05954923719649284,0.7804483743268551,-0.170048429423718,-0.15431645941422317,-0.02290118058940388,-0.12352742336985145,0.04725457624211951,-0.09005067514714582,-0.8606560978560762,0.02936921253178415,-0.5675545014311323,0.5564571738124882,0.21128911989824095,0.5603349789834215,-0.332267034747761,-0.6694452751171662,-0.41896153414184756,-0.8574009071699906
0.10308758540130701,-0.10013652649031879,-0.4991066540710839,-0.028140034031331283,-0.09846628505336014,0.1056248600145627,0.23232427305719922,0.4043094484468923,0.3163256960072445,0.2706162212470098,0.9795230230303498,-0.39903704076496993,0.7089201757499948,0.9247744857219473,-0.8918408417140307,0.033267529707248666,-0.7490131964086904,0.13902799912471053,-0.8853168047073257,-0.9226420384752925
0.05121383207037791,0.46782023631963165,-0.49842809069495475,-0.18563200571742958,0.025248795317488942,0.3147162625786174,0.10793081574428165,0.04044499945155555,-0.16042406094511188,0.06689729492122587,0.45196726021484857,0.8180017725864939,-0.04185710723319036,0.626797152759272,0.7482737130442481,-0.5085258726144095,0.171797234786919,-0.03168552301327132,0.09025227616549025,-0.4791927694261917
0.13309068517915978,-0.1937988024626931,-0.010546280125280236,-0.01198616251004822,-0.16894534684120627,-0.026500738228025136,-0.42120331984352644,0.24598232504662976,0.28969691046086543,0.3961729187463839,0.31889971992832655,-0.9112682088188386,-0.1704071701437031,0.4297027274027334,0.6315992643155932,-0.6938335669543272,0.5667806785855873,-0.11730365355432015,-0.6600358668044153,-0.9677587695451613
-0.018130025029527555,-0.320630962232596,0.11328780718092474,0.02771789782796205,0.10441115120350147,0.15242737412353316,-0.5611887412848109,-0.013938027671429404,0.5042002126734189,0.19165857057381175,-0.21219946326195438,-0.5533665735616793,-0.7779541090433151,0.09725097150662321,0.48595140154384797,0.8593462292499419,0.8656670569089195,-0.5174486354607559,0.5712497549613269,0.23186119738273736
-0.11942641997197306,0.003553397902058039,0.06824009892144406,0.5968334231848909,-0.09235022665081137,0.4018466117340488,-0.11202524591714365,0.1873430798156948,0.043394749074215824,-0.043426780496511164,-0.7137641438480316,0.26444094625558456,0.37644501827157106,0.8900876040767434,0.9502705266792126,-0.7766496270885663,-0.17713525486647463,0.8936371000039345,0.1814488472754867,-0.7983015794634496
-0.11134644930952733,-0.20780293172861197,-0.17155719891616047,0.4015477214101173,0.5553203079969244,-0.37462277415289313,-0.08850561760016959,0.0482043403128459,0.024295687487140137,-0.020807250193949786,-0.12712989407410547,-0.18434721637640616,-0.9084239075966343,0.37652817738626143,-0.05765181085340143,0.2160087234545287,-0.11985624033944275,-0.8836290094571315,-0.8231377869476053,0.2431988768866611
0.10160905815355395,-0.14135531960294984,0.49060647521818534,0.028208392801655414,0.08888549320339456,-0.14083877339608833,-0.03536936316318308,0.11124349631516825,0.625120885216121,0.22444142758736846,-0.7168504165564615,-0.373299297774617,-0.9115183279002674,0.2506756315004077,-0.6929378989410646,0.08019170731680947,-0.7961232462899059,0.7502788652239321,-0.32053252447256764,-0.9449069459117658
0.006071098305668932,0.08112373399462558,-0.3564848075119936,0.19202626694555064,-0.02691126934208643,0.43304500266617985,0.20498125789367894,0.05841260055077779,0.03125386908714034,-0.44115272565160957,-0.3476050421262178,-0.24322346152363505,-0.34439825876629837,-0.8774499314569693,-0.35566221794535124,0.49164766385991543,-0.36463312892781996,-0.8455592818152142,0.9595222132346635,0.295509180372286
-0.09910106952664934,-0.09102022438353324,-0.34823270387811533,-0.6003116855731148,0.06588758140900408,0.20146083396651315,0.12611732262369468,0.226915718355942,0.25972119021845225,0.29707043851730636,-0.5846790972494365,0.0700534730465705,-0.10239799038871178,-0.6607227948857992,0.9611184224260183,-0.6541525601184484,-0.20687197814104064,-0.6979808965939371,0.4849395283385054,0.8636196422070823
0.030805681111704324,-0.027594027075476892,-0.6149895028537178,-0.20737528989079568,0.03610599342359605,0.10286532145499452,0.062385725463213276,-0.051780667130818324,0.2724315613645787,0.11422265010093613,-0.7800818900940354,-0.34591230120641225,0.8836075460116937,-0.9688550332743777,0.39793162861868003,0.4676032801377794,-0.47560139729164863,-0.3701947852640872,0.16326734762447548,0.5611236308792853
-0.24265325431729073,-0.5061316880247382,0.26049890470567616,0.3238867806763707,0.020961639596158765,0.4287025488263979,-0.09049328320974759,-0.09026057171160279,-0.09247378836672743,-0.03976611152720953,-0.4776567931911764,0.29302168212288904,0.28166957380620405,0.28916447278460145,0.13601598928089476,0.49345169078313633,0.4133485020375429,0.3022260776299608,0.7712641137985714,0.12477133827539277
-0.07603179448183496,0.018967893849371007,-0.13702477468560467,-0.24774688502584027,0.011869981907560861,0.01677811349053245,0.021692933848340885,0.7139827390147726,0.02039701385657535,-0.4734051501390958,0.2868303371524723,0.8851332147592739,-0.4009659619784578,-0.14329993299455923,-0.5008431234955828,-0.13876417117760953,-0.05247734046339869,0.23005474393820036,0.3524461118202944,-0.31798304659545606
0.6061761472179377,-0.10954316455779946,0.00845673782956613,0.026814853362176885,-0.009683643626417493,-0.14164251460819285,-0.36988944832035786,0.21574484626529272,0.03053873408445288,-0.24177120208548974,0.6182806514964991,-0.6664149202765806,-0.5363970203029169,0.8998989696372894,0.5999271239134345,-0.8792745594235831,0.686399953697546,-0.9781045900279033,0.7261319969677669,0.9504152319449086
-0.16047771869621452,-0.03356647780154922,0.019312233110962564,0.5026400626789523,0.32636246066544294,0.007802443618161847,-0.23260870672661987,-0.19518915670091216,0.0563615555217206,0.01348436815776817,0.4568764700708181,0.5161287086529984,0.7974633891130014,0.6366229891814541,-0.43969283320072017,-0.9463177321541734,0.6823762515754122,-0.7150332886820534,0.8349352934575436,0.41587532248415715
0.11213186128909654,-0.2371149821354122,0.57020009858443,-0.02492841825843059,-0.24005638403459634,-0.11344152947951965,-0.441210085669575,0.015404008596509144,0.038000382734692306,-0.040880573496510766,0.9152723293544045,-0.9030571817389796,-0.6506291595089886,0.03288640521046782,-0.24022554348349234,-0.9209935474359681,-0.10509426066248939,-0.05751882313287182,0.9692791398912481,-0.4611976963733857
0.46559824950988904,0.03880174286192248,0.03558646727390019,0.09885979750066384,0.607921869670605,0.07708377549537321,0.19473775462693513,-0.2895015627109475,-0.25201920136310596,0.03166933619240287,-0.958100527951087,-0.8759356805662937,0.06059432416511079,-0.4060826301492386,0.4369254769550661,-0.859555151999333,-0.7708436883314156,0.023003577064661718,-0.6781478712298352,-0.4391805799188513
0.09132776613305658,0.14628688805402765,0.22090731598316588,0.07012016954682376,-0.11732389480539876,0.02784625288807155,0.5400924650949074,0.22149413415123975,0.006614365586230037,0.28601140406666564,-0.442908038990214,-0.6788082911963091,0.7411422147981361,-0.8998436453519507,-0.870196713672865,-0.7975525218100925,0.7856876246681601,-0.23729192453269787,0.2796500599779601,0.8317730985944922
-0.037782844394269474,0.028490664361040204,0.13368417771759455,0.0042438285605870835,-0.027741793905492113,0.11630420938150007,-0.12753260167092395,-0.4599052158317086,0.029541978203347447,0.6814906940082623,-0.7275064673219855,-0.3640700128661738,0.06692494126123183,-0.4041617604795176,-0.7335957996875386,-0.026018521057147304,0.0621092640124381,-0.17002593829159451,-0.8248081529535929,0.5263312685760053
0.2056176489738627,0.11434497950468325,0.3912863234823003,-0.1635822083050774,0.004556038082978935,0.044454809095857306,-0.24677063410988162,0.4417479955288802,0.19414544852436916,0.023655538868220784,-0.9032913368912179,0.8051139821081339,-0.03274324104119963,-0.8480677969587911,0.3466650177387256,0.5879911292120883,0.5618683278221777,0.9227532560141216,-0.6945013333947829,-0.19024589111444845
-0.06794218258375932,0.20759139419452272,-0.08056189107489853,-0.63826641034977,0.09699061160925093,-0.12387238621569045,0.08914749397517707,0.24513271880659465,0.5197741716318388,-0.013680443709511325,0.810379777981598,0.25031774422287234,-0.0740888607293726,-0.8283015869097885,-0.21234643040058887,0.24469891345346562,0.4323590094533085,0.02052547804841831,-0.018827002471631715,-0.34794816659752903
-0.002302403165675454,0.02161642774754277,-0.5965355831791619,0.08164740251959868,0.1404760973581584,-0.2962940196839599,0.1887164838278817,0.16109837662082105,0.12351192673703779,0.09131280298213226,-0.7109130429050794,-0.11178965489759318,0.3861522228816119,0.6872663968747446,0.9951318424203537,0.37683555994485074,0.21860039674042397,0.5725422441024524,-0.667021291810656,-0.03835384004651532
0.3118865907628081,0.021823662645737568,-0.11492613389966008,0.09334442475683835,0.07302409546521171,0.07932764502815141,-0.061153893440821894,-0.6234323269453591,-0.2999949017628454,-0.31654164948406804,0.2788230360977664,-0.7963809224782441,0.011551475691661484,0.9108233496060436,-0.8119528486676202,-0.003309439487912069,0.23357558421725533,0.07137852193301342,0.6524024155606201,0.5563222452702707
-0.04212033297107701,0.009484358970168305,-0.7134316126378986,0.5235044827393761,0.08424658653147848,0.08177009612209707,0.1580293217584044,-0.04362914785929367,-0.09045914693622818,-0.02818368028091009,-0.43328498180375674,0.07194323022862625,-0.37997814284643194,-0.8934391000290942,-0.9086716081809787,-0.5530453991981754,-0.8808798915511082,-0.2515330064347694,-0.9974157173128089,-0.052766899149808255
0.16484617981449556,-0.3138674375313257,-0.3658402242087775,-0.28153438609137804,0.1265048999891103,0.07557845670272043,0.1103586316257652,0.14587621908842702,-0.10813457755870516,-0.08727170706661924,-0.34472417392838617,-0.3906289730024126,0.08745773059978479,0.47844517661881425,-0.12425065725309659,-0.1303186990255112,0.9052158632032197,-0.6350547639759745,0.9283578944424364,-0.14138903832657546
0.06059603917112821,0.2127645670386844,-0.18146387418940996,0.02410740997735536,0.003246069372831062,0.07290063224893793,0.01796450074557418,-0.16745000328484197,0.3121215027958476,-0.491193389384611,0.6876949416290321,-0.2086179070556866,-0.6240647260959922,-0.09305566558030076,-0.4289142231302152,0.7754026119523705,-0.527822693501848,-0.7649859614336181,0.19813259879696843,0.30358762453093036
-0.6722723719689578,0.151882133827214,-0.004739279851163736,0.08448763303941789,-0.10356685693739921,0.26471435434015156,-0.0024499023411269083,-0.06652064767445741,-0.14182594795065057,0.09858401183648502,0.40215094142538477,0.05101871413547254,-0.4193344325673358,0.3304392037607988,-0.7850157138567171,0.11303473513770301,0.202598366163798,0.24706729664260685,-0.27941137961626406,0.8894257721569905
-0.2249669027373336,-0.12790156154937252,0.25762087344796203,0.02037591112481782,0.0039116284539845725,-0.3733128719843397,-0.09826936843427647,-0.4659652469643387,-0.4520958628312791,0.09801738787250275,0.40426496213113805,-0.07909070139113772,0.4107786075556963,-0.7624697979909076,-0.2586239670733701,-0.33672125571684064,-0.9846380154145578,-0.3170702542952535,0.277458921082121,0.5900129166659291
0.10456736620876939,0.020779742624817688,0.06169535481174929,0.20862494522141706,0.7167706082111053,-0.28615416961080514,0.07814637059281943,0.008139358253597129,0.04689862891326685,0.0582298339903177,0.0009699957748894317,0.12055909364135853,-0.2957709102113759,0.7179606489607584,-0.5000518303378816,0.3715560440428902,-0.4307805260229527,-0.32030440067153876,-0.2052666327974333,0.20110641652039507
-0.005733663742487405,-0.7208917566667907,0.019323129581477916,0.05780846059754041,-0.10970086879023315,0.020088321283063287,0.08664869640482593,0.09203394807845594,0.08707064312977247,0.02014892330334552,0.7198510067618789,0.35180181000314303,0.7919523617127382,-0.0178893829299831,0.6217138102519524,-0.857112190715315,-0.5979875538836743,0.2196035583696503,-0.14684047110006127,-0.16208487403414717
-0.029802220557413994,0.009533464397766513,0.0966447069952012,0.008930410143572994,0.13331638873694984,-0.11604628527950522,-0.5348605727293196,0.3635208793646828,-0.008409908990018845,0.2886992410056382,-0.40992746999959473,0.9747152720831052,0.28615226347117306,0.0706655558810807,-0.12740130481530842,0.6293817590426303,-0.5816199957301798,-0.22610950220061254,-0.04658488096506486,0.1982428660621136
-0.12365334593601862,0.004108317507337466,0.0018886741229419916,0.11439546862026082,-0.07287596722322437,0.08811578280667372,0.01009280612634839,-0.0006166239288344878,-0.02554755731664824,-0.7813200367740571,-0.44815828740317976,0.7992030478071286,-0.4071707288338313,-0.9680115668030851,0.6404924157249616,-0.822266288402437,0.5112613006711553,0.41364882750913345,-0.9138206416594055,-0.3818176477940529
0.1090441923144534,-0.1199371338342411,-0.07727544151569019,0.13177941338032625,0.71918357476202,0.07931704276239912,-0.11804239204711463,0.02280257563477195,-0.27187271209379904,-0.044094843598211295,0.9599445280085308,0.533771979455953,0.5025054809539478,0.3583905058799719,-0.45603348971380964,0.8914928452036421,-0.10803708304117188,-0.6482062652673308,-0.25895473562805504,0.9754121969859797
0.13540116906874305,0.02939886461017685,0.11564007021826832,-0.013926734098390757,0.07885396958395449,0.07539058084753061,-0.011615338624690968,-0.8511301627028112,-9.171042485472958e-05,-0.12252264043404924,0.9629101955045039,0.6884015584683234,0.07106460019350291,0.004104551335466278,0.1449233834000283,0.9191350964357601,0.5324118527256165,-0.89026826986466,-0.3860374061189371,0.36882293376450725
0.3994419269417818,0.25640690165656777,0.1731366955941549,-0.37954073202666977,-0.503392757981153,0.2733562656194439,-0.028140980736528792,0.1666595679863106,-0.09506009174728561,0.28133121653062965,-0.5751741786516589,0.6674966517631766,0.19096171343137636,-0.9836417917335718,0.3919968784408836,0.2823511658467075,-0.6594247290475412,0.009745526065787935,0.6621886528792491,0.04432438826338392
-0.33550243193458223,0.545127663107971,-0.14908427948738828,-0.1488076073005818,-0.057629561655257094,0.199251573856713,-0.11993670657457989,0.1147639795686059,-0.14861210707114775,0.1483990326051119,-0.6372008478406428,-0.5243341354688871,0.11956946084278575,-0.45475976956541,0.9250085939883252,0.7573498543692525,0.7833850590565348,-0.48395008450234944,0.38231139452603546,-0.97018214322582
-0.45930945612131224,0.005918371211376727,0.27797674771125586,-0.05218827955814641,0.5926476768938426,-0.020885853636948167,0.1436681796426904,-0.07081749874955756,0.025003202855206852,0.15659779640901345,0.5918169859714957,-0.5719551344698997,-0.4061981890629227,0.4339219033729733,-0.6390996969730678,-0.4206611688534565,0.4791122463174309,-0.8850086523168377,-0.5104735161677738,0.9578835729820829
-0.051867534179502094,-0.07051441535124661,0.014863236603125107,0.00803656025181037,-0.18752760741748775,-0.01130234360919221,0.43635691360773254,-0.1760864410408559,0.11467635209757598,-0.16700854798524598,0.3988710640465485,-0.9874441495869162,0.6726892464403771,-0.676103260078714,-0.8368513882202104,0.2096464090607133,0.4206031398228933,0.9483414947065463,-0.10765494593646752,0.5057662328078509
0.1439170753259928,-0.18665671501282527,0.07599131377188198,0.21939018643880126,0.0897255926507804,-0.06373309764354837,0.09461277686010763,0.1296504726709642,-0.5023024484002083,-0.3218986067423398,0.9195179967985179,0.8477703123000493,-0.024956028136973396,0.9474393767316867,0.6649070972346931,-0.53401180387735,0.08847584133581332,-0.5520998091547231,0.04242397504234652,-0.6856239346420769
0.5032248324172504,-0.01564229727554181,-0.5314232280033521,0.005975058868935314,-0.03865423819455162,0.06515830497511231,0.07394846875738192,0.004402472903843368,-0.0697332555015205,0.4711311275376613,-0.6815019027935414,-0.207133703504764,-0.2135202048125331,0.4706788525399037,-0.7846167430591673,-0.759560836132203,0.280945013473912,-0.29913773471121874,0.38711526119049244,0.5924495439735447
0.07104935886165614,-0.10883782166612624,-0.25980260495696067,-0.21294861355247408,0.10923669581015469,-0.3015386013495358,-0.028606239019839552,0.27929717700994205,0.48383907524079306,-0.20471393162905627,0.11043957883488353,-0.5485388617181564,0.7378762481725107,0.19293789576589804,-0.09725866716123721,0.049158469077753786,-0.5379856811603161,0.8902844975090336,0.3564647248616941,0.7597405373129571
0.12510585833366558,-0.19926088565529135,0.10444263266629289,0.06490443018825878,-0.22106245559890145,0.014932263610154926,-0.010692353256908559,0.10721596984241247,-0.024754535385947962,-0.6390993732183264,0.12987867346105197,-0.14629385185421695,-0.5593358452993098,0.09044320778778858,0.9100683342209099,0.2978206298167081,0.4944292700967756,0.7994667602620715,0.10137778791135754,0.2977027215281225
0.23691365686405252,0.48759843486937626,0.21056852322091935,-0.10081913441645027,0.1411031558598877,0.05921625637489292,-0.07672593169886616,-0.14234686265255603,0.4423133800835297,0.08442486928853027,0.48333366787019894,-0.6284400564455868,0.7983178348572126,-0.9114657255607446,0.2810574472528862,-0.441682764888073,-0.33719919175569113,0.7027648464226406,0.902321156493906,-0.8136055527182207
-0.0011145186383958727,-0.011220205052773102,0.17459989342562754,0.6781710863664906,-0.3807592956746885,0.12136380271435332,0.08439464775842592,0.3027091978842344,0.13203288585753725,0.03571913417451583,-0.2906601924507348,0.4799569582614287,-0.8880309438251914,-0.599619027839823,0.089586075122976,-0.5000176170983581,-0.31581082659740467,-0.4538921602058068,-0.523547309694895,-0.3322968763359728
0.02336475869899125,0.13212568201677505,0.48182300456230653,-0.16686030062847343,0.10347045421785336,0.18434866920627252,0.21344710604203987,-0.38413819660686516,-0.055294454456289444,-0.0017772412541622387,0.825720108517656,-0.07801971723638434,-0.12500356567733828,-0.8136763957187745,0.2581899045771432,0.23375932669478283,-0.05291056860035659,0.44261593442434477,0.23675430046794577,0.9794955639701706
0.03917547811039043,-0.24171946226848867,0.0649703296118562,-0.08625697063216883,0.06798720606459062,0.07376946875443745,-0.007886928140785909,-0.012413581599922549,0.2753750803784197,0.6543018030885401,-0.25592563154425263,0.8851710666918111,-0.47146580282753114,0.0007675021790130021,-0.8686989329903185,-0.24645850968905147,-0.9994423451037784,0.25526568640428393,-0.46781452387712297,-0.36078073453140913
0.011342670101819156,-0.024800460773427364,0.09767038814765142,-0.3701377010823028,0.1760280342156503,-0.324220033018366,0.12736903805046512,0.4534291744159499,0.007561370827849915,0.03549493450906578,0.8214500078491398,0.8958377780641165,0.7505390595550361,-0.9570823927863983,0.6813140379843787,-0.9601828827971524,0.8168892508653496,0.9669493517441323,0.22304556957598765,0.7952705120531764
-0.5584337927760625,-0.30155234037973455,-0.014215308829475748,-0.09266597127508974,-0.009467730733671062,-0.058869063425099726,-0.07045328143291975,0.5618069455741164,-0.184421481396636,0.026449867445579547,-0.2938032897301819,-0.5611890766560403,0.34672088094202347,0.21613323286557118,-0.10035463516669729,-0.3622330612838598,0.04443807451167192,0.8361583450637362,-0.7930597343922301,0.1801542568844685
0.12800095487326452,0.0013304493430261258,0.011486228583335173,0.7889584089155844,-0.05227550918856594,0.2932749864124513,0.050545949823896125,0.05620609644267539,-0.032616506658476145,-0.018763941584738472,0.8852801963848511,-0.14130419207565592,0.19813033983014416,-0.27811548579561896,0.22616805678594276,0.7134648276111253,-0.010046924281939207,0.6248137347192206,-0.836825554106249,-0.4759086449935046
-0.37592967796109056,-0.21628941378320765,-0.49160475226346323,-0.039443219570528876,0.036827378641394626,-0.24152162729898707,-0.1645763203337111,0.3423501841010723,-0.2318190457770906,-0.10414986074478044,-0.05129963345902189,-0.749439372273933,0.1034675392934199,0.33354034392669196,-0.714346867726549,0.8475838752889748,0.49695736588844786,0.6290016188114449,0.5976514763595948,0.8359777441636933
-0.03769986521777486,0.008259223590077785,0.002240785289782471,0.0568366164527639,-0.038391388145591634,-0.011315376315973165,0.141088996713301,0.9179120380420285,-0.020868419972585973,0.022763751912820075,-0.7220111444138939,0.1269305438551691,-0.9052850324931978,-0.3394647547522418,-0.8850160860402252,0.5703250942249414,0.5803674449912073,0.23893801866269726,0.73378344626211,0.5905492075056671
0.09357006530249934,-0.4646032001687829,-0.15677380223493997,-0.4779443435269257,0.1606828954726806,-0.01498759696032681,-0.10675543140156818,0.16716396716517223,0.09861230665723975,0.015475274413277895,-0.9753442381035358,-0.9397433761565863,0.5529498801624022,0.3590893408426783,0.6036029291403464,-0.9034649626648981,-0.258189091407071,0.5447425439543043,0.7079244408114846,-0.934673528777864
0.881133555197493,0.05213716797151373,-0.025809234680251404,0.15381619437793903,-0.07180796691987301,0.0904429986787162,0.13081201180446986,0.08958038556201306,-0.044859500248064024,0.19051932679281064,-0.9503688771411691,-0.4680210925525152,-0.5181794465733354,-0.1526486348790983,-0.10158354063265351,0.3458778118913113,-0.9863743788295125,0.757956636405055,0.1695940555458455,-0.16975031096753068
-0.13715796622103427,0.06317034815806574,0.0017625085332584082,0.586425421838885,0.002802392555968612,-0.45972840807227877,-0.05929914789539624,-0.021524996325533414,0.018427845203299507,0.03348855354159874,0.41968943205951525,-0.19936134405135553,0.8299139066081458,-0.2610916302351416,-0.7241505730860278,0.2634651866675337,-0.6843082849483788,-0.0833500092912467,0.9956258914732592,0.08724088175360478
0.16880086206643208,0.32043067990139174,-0.23922295162066415,0.0046211181845838365,0.07106419236030881,0.10909254292357545,0.16863455394288773,-0.05682224141796978,-0.3660170305404006,-0.4554508768778265,0.8718339493166056,0.9393085199343401,-0.508920298164163,-0.4476079475291799,-0.8112797268124559,0.9345587488719398,-0.10929118869963927,-0.5810973877915537,0.6685402457098908,0.11220539470120117
-0.06556963037677822,0.03745656604000862,0.595354679177242,0.013743342482579558,0.1699251289515803,0.03174637623304681,0.05725046544897317,-0.23519385985939062,-0.22178050392231288,-0.15196039463668554,0.30963488353655944,-0.6973188758269213,0.8956201743730399,-0.2884199854987821,0.3418275880753707,-0.01054335639908599,0.8323668648466143,0.7793320507625197,-0.010561532710872568,0.3758075486827419
-0.09500573517835315,-0.21432899799753996,0.6384810416506141,-0.26468891093019326,0.03711741954439168,0.16634860820276015,-0.5049911925804058,-0.17237145526458958,0.023922199358000718,-0.25271770767914775,0.9476284544028746,0.018880281237211083,0.1174633285440374,-0.85181187787954,0.974899509571753,-0.6167920705916605,-0.6217993261970078,0.7691264727877325,0.765192558126889,0.9013861021685892
-0.32317739131596435,0.022317256380851247,0.01674142233336029,-0.11653086708839713,0.09326593763360985,0.23737486987602585,0.4934969869758483,0.1268204012832621,-0.42407307960733176,0.02855197588022995,-0.9033967091033317,0.006046848249666503,-0.5859928548295406,0.0974863791863474,0.3166157177979929,-0.3279965459586607,0.483637920128011,0.01113060320064907,-0.6123069469380815,0.10087116035036758
-0.02332933815689925,0.3575446996373932,0.41126175368686835,-0.07744514521481241,0.20948331816256388,0.10878904928060137,0.22146390926640086,0.05891621493942126,0.01395070088844545,0.4989448067107799,-0.4764252682095682,-0.3828065163963581,0.43167599693452563,0.7631147353955434,-0.49836538152814125,-0.4082688799519252,-0.3415244193964162,0.5930302446239142,-0.15443945094106293,0.05221905611006106
0.5137220753968315,-0.20440311219202523,-0.1701878475044432,-0.12071617071402194,0.401498842352635,-0.10491681207875173,0.23054317781541278,-0.07534317436822285,0.08625626269715914,0.028475354161567767,0.3192400943880773,0.07661752699769431,-0.541978576474734,-0.5583785639852747,0.2851152091743643,-0.04927473992584308,-0.2925080403796936,-0.4964616529709276,-0.47542310447281677,0.07146424895249459
0.09412132120239025,-0.10968636174967344,0.5139649410022699,-0.17437808301106228,-0.0567317227830923,0.017028692503462867,0.05334587970988343,-0.17137625690905828,0.6437509988927421,0.015495766511203282,0.3935034146227594,-0.3453372200563314,-0.3947543873430601,-0.9965283069463755,0.49615338736758163,0.8024226607182912,-0.7066889992639498,0.44453813647478135,0.5816247319678933,0.6288141208095519
0.0006731355940502171,-0.5731532556533655,0.027984217674799056,-0.06312223981975036,-0.08512704907656747,-0.0167104104229175,-0.18381237020452662,0.05081674083024998,0.41667791352693717,-0.08156035471722735,0.9824656393576185,0.25674033940087315,0.7092954581093169,-0.32520902987973144,0.5171670968626061,-0.06491706391159457,0.1569189091909875,0.7800293587209184,-0.7492907050654807,0.1038589701148187
-0.186745963771485,-0.16283516221558975,-0.0766046400357428,-0.18471144441285242,-0.298357601657417,0.10698161959530358,-0.007772773894752505,-0.5806230613145186,0.11058092074651049,-0.33298450634007776,0.13081652266847765,0.20325872526579336,-0.6669196921108818,-0.7206813090020769,-0.7051675127411319,0.7758519855110184,0.6260900290594278,0.22475294041754035,-0.03160582234621079,-0.5677936969223916
0.0797784385464938,-0.336227221541727,0.3616433338181576,-0.1362868628744572,0.3169656607792232,-0.5102456660135326,-0.09559600360820926,-0.2799356129785951,-0.10864900241264092,-0.054648783888832764,-0.6194333946531554,0.11322147858999054,0.888294936680313,-0.10555071360983126,0.329130583622953,-0.03851500668816987,-0.5560500223003195,-0.7423624308012189,-0.9642899894736412,-0.2616471742598869
0.03183153351829255,-0.07469504016092376,0.0023805006717592947,-0.08605598453576846,-0.000804959336874328,-0.23064673460859436,-0.04137502978258741,0.1859259819139983,0.28280265593741694,-0.5702378849099767,0.11047786981166818,-0.17436884249401152,-0.3301567601318782,0.14135550225580262,0.20753736326723748,-0.8726815188130563,-0.8363082830738544,-0.9621009436371575,-0.8848370273678143,0.7199072568784934
-0.01317565346603225,-0.13681386777695287,-0.26410928878209405,-0.34227633852466716,0.3184673228149719,-0.024804893108943904,-0.3741200289177592,0.10525130216533432,0.17284340129293002,-0.2791728883717003,-0.47116470063908467,0.7568907404912073,0.5222987734943945,-0.059787929770862336,-0.9250534272562301,-0.6974510984164446,0.9357975980110742,0.5514504562762153,0.06445155696859772,0.07231375606572832
-0.17647846840251774,0.09533261846759031,0.09368891566832807,-0.029791507147662974,0.1301074096680557,-0.010774417433490918,0.05174056586459017,-0.15507471480875312,-0.21189791841790007,-0.7655753753009619,-0.8778117889308021,-0.16247671754453985,-0.7388074339761665,-0.15007328836928924,-0.4257702740943361,0.36702712510617297,-0.00971431061105843,-0.9284861419470152,-0.21596479884755948,-0.7167556416819847
0.20255316158115066,0.25129691325293796,0.26110990412274143,0.30287646191646156,0.05623071392877815,0.24308557459430352,-0.1766705294160083,0.4841597542946062,0.09225702491747756,-0.2601662768984201,0.49478274759813634,0.1372544933927793,-0.37933409652083894,-0.9103901950812279,0.2019311875396419,0.7385976844547963,0.24606139621277823,0.7605052286014871,-0.7459265654379992,0.9804944332754093
0.06505568777857929,-0.2660687359762046,0.005740425252524606,-0.5765424235285117,-0.38436200044129754,0.08704565840990819,0.11897817309540995,-0.08599377083226789,0.06383886064600858,0.03944173068193629,0.2646260854627691,-0.46832936492743116,0.30872460611450814,-0.7330131395917481,0.7746606097412303,0.7347892973608336,0.04550117498448292,-0.017226022559315712,-0.042313959832648074,0.13155876699668112
-0.0924012313003737,0.0871180092815953,-0.02233800674931111,-0.5342354114760678,0.014091169786854846,0.14326995640367346,0.07374999701790891,0.6071558778687776,0.014894825339120912,-0.08072151783988978,-0.24054453252020513,-0.36855526580253284,0.027018772670642566,-0.4172486778350033,0.29755318553198773,0.9197758087636012,0.7277596693312474,-0.4901322239810033,0.9631590198575108,-0.26710888250979403
-0.02329128281103308,-0.6122031404904504,-0.0021379671845228113,-0.0937454011068507,-0.06297650442841163,0.622304039959767,0.14408676223177402,0.16828851981517945,0.019657590422386004,0.01386099967427577,-0.44316416445160267,-0.5765053795193897,0.31471954809735037,0.044335157507751966,-0.06757502898835388,0.8460163011367243,-0.8641224997111123,0.879372440343301,0.4081515932546993,-0.8200768038292918
-0.15216537222893223,-0.08589953993348304,0.23966262220839768,0.0338879964315012,-0.058399451845473016,0.0169144407728522,0.5577540946646784,0.30420121296005076,0.38775422997753184,-0.1368881018587785,-0.7212236149912774,0.7916198065865889,-0.9399957421686569,0.12099635158583921,-0.39219778220551116,-0.07731590594437932,-0.5386565195037436,-0.38140309941585104,0.19504011140408006,0.21799824552038904
-0.015390865949335253,-0.34192131301112527,0.4597185125005848,0.13906979917799595,-0.23101507480956415,-0.06464333761482552,-0.20386751597858488,-0.18576357523457504,0.15693465490103986,-0.06786534135363642,0.7069410172747295,-0.312682633827462,0.1969927454008853,-0.04735654186935201,0.22772538255031893,-0.4145584757115288,0.7490244839368998,-0.8263771682618115,0.18121251604483035,-0.9738379504821271
-0.12212419213664884,-0.07484348057014059,-0.849896145378347,0.08033064310767324,0.10408880548558969,-0.3060206616603754,0.0901029000060975,-0.19500788727962054,0.029052079948867937,0.11223788503921872,0.6830564204299232,0.3507399596669334,-0.3547391924143204,-0.8791878793672712,0.3874873742491538,-0.36048016657756876,-0.5546652945433699,-0.06271341703085476,0.7788069241901154,0.04617748238080943
0.21271532124267412,0.08820765693912469,0.13966733003333098,0.2566539273778328,-0.314116845155651,-0.29848444671634383,0.004434961601349929,-0.0943366892241203,0.034425565171930406,0.22784621049315568,0.641547972261189,0.4349473288640666,-0.6149734372378282,-0.7209310833664619,0.5358038643954626,-0.7428884455179778,-0.7236771456143423,0.6271991021226864,-0.04840592858853032,0.4898862889689839
-0.017493991753093515,0.26900047622127765,-0.14395440688099342,0.004412892735314852,0.2292141953837105,0.13809675040361702,0.0256242087861819,0.05771776394729761,0.6895494326525328,-0.008188274684837016,-0.973960788884779,0.23766249159195696,-0.959090443673142,-0.9262393831970854,0.520792610878553,-0.06734357999127716,-0.36671302434640074,0.8737723133514168,0.8238683331957606,0.06663245514560256
0.09668070981858398,-0.09149049742403023,0.2968234792285804,0.4170710208230709,0.14481848783096796,0.09436575860550289,-0.1698716431320484,0.5404034470828222,-0.04661215064475993,-0.07593187961447855,-0.1499753120338687,-0.46928550113790557,-0.23079441341267293,-0.28079812885621025,0.5880743101623984,0.3637240229687857,-0.7294320623776773,0.9244613723906843,-0.7905789271843289,0.19139201822168128
0.5407825597439732,0.12683009511937193,-0.29475263695865955,0.28533487781391265,0.030701530991593895,0.5384138410165826,0.07507497989918278,0.26604095438326636,-0.11598540217298672,0.10639129773223344,0.6035171642614898,-0.32917030960343263,-0.34998650761255656,-0.5643211657186726,0.3124114706424308,0.18628972614787886,0.6116275307864703,-0.653090873359603,0.9267362220346624,-0.4646196424934521
0.032240146019409104,0.20609036425080235,-0.04007739773817095,0.16872100853986405,0.07900268328444128,0.16671827435165,-0.12447771487165549,0.011712809968540322,-0.7276645450169997,0.020064281725935565,-0.4730271999350977,-0.11676970850276569,-0.31640821835512334,0.6619484308003527,0.18011955002842206,0.5150807224436655,-0.6750143546103273,-0.7771673510894028,0.13465973274501764,0.6441138628813536
-0.2675120365748436,0.21273660939706374,-0.23853830435207304,0.04072303537667088,0.09843849818523073,-0.10765872697209641,0.3424586880850008,0.28060636068552325,0.05067157831241956,-0.23127348985618545,-0.7718579904364611,0.8465751410503315,0.49743302690469093,0.028300896895268712,-0.2590867253011031,-0.26302245919306255,0.5983116985187082,-0.8452251573075615,0.26776885048604826,0.8592929097897217
-0.018211589336578283,0.4461805843432546,0.03052150714850624,0.4725649515949345,-0.1291315534949613,0.4087200490269346,-0.14308609856876586,0.09505812890501657,0.08467096597591273,-0.01648471845822693,0.725108114523165,0.6148883681287194,-0.9079813035319424,0.4273630206415082,0.1498874521375808,0.5936757485180724,0.21581789894376424,-0.12686217333593053,-0.8648613801949576,-0.24663826132874211
0.18210239704847492,0.1368551957888577,0.3226580647758832,-0.49253343945584394,0.10908136209862451,-0.007714237171483895,-0.16821140396361167,-0.0699644170379285,-0.16667605327686108,0.0015963260675856822,0.46223853377736823,0.5971035261631719,0.05488284005808919,0.6223666834055703,0.6365589527341808,-0.29719801238277177,-0.0011131442879763753,-0.414976682399014,-0.6014697897716446,0.3544932478232732
-0.43519973700019254,0.020586163326130287,0.13671673603421775,-0.0027128280797076776,0.2971166029123547,0.14010805261056455,-0.09598489324866318,0.11178284603914684,0.16982011158020138,-0.5783093685655519,-0.5980932836738917,0.8263950469186676,-0.7528299644171674,-0.1709980191493523,0.8165281590801423,0.29162944918373257,0.11148727071925846,0.11869261633493822,-0.13084490396239556,-0.07741878801562918
0.1541267652247496,0.18271878286118898,0.06305447729135828,-0.14262931627866404,0.17055068835810916,-0.04143089750674727,-0.36467171605437065,0.23703383609018758,-0.3038158473667123,-0.6361521594273867,-0.056490780874951074,0.32627116967004666,-0.1900922817421007,-0.3291337071157594,0.0682784884923735,0.3192066638379285,-0.07636297665720959,0.3732192011730229,0.40553899029884555,0.07914065871023035
0.2985747750278348,0.14438205469862497,-0.34395147692425,-0.11485626555617622,-0.13415876045623087,0.11423916187863231,0.29261738159545236,0.45297772682338444,0.03979791899123608,-0.007642917927102255,-0.05633505762022506,0.8252481293209546,0.816989755900454,0.42111192137081677,-0.7551712691894186,0.9903339559232258,0.9419308944300728,-0.7341740079123502,0.38899291581741524,-0.09071814016385038
0.0814646278527605,0.5380167521496803,-0.11521227984275295,0.16634369459578136,0.07070525376830672,-0.04154657088244518,-0.4548682300382241,0.24105196766537618,-0.06928263169344753,-0.31911096228001157,0.29928830732894696,-0.5706783870499501,-0.5061458476365339,-0.9859606217886916,-0.6494994733130297,0.6228310291185328,-0.6582082278546852,-0.2801261734590774,0.3970089733433875,-0.3546230821235177
0.1199262509125946,0.7594310401851471,0.17337701045600767,-0.06422961747830905,0.06713360670965424,0.08726631745851532,0.16252688662942416,-0.3534520929820845,-0.06132476409880312,0.0005843026287983832,-0.9075828760185494,-0.6546616285560067,-0.344868272401857,-0.8619376430936141,0.15352966552876457,-0.7642986159819136,-0.95369122151267,0.13864925209945178,0.22176379522672285,0.6240468286750276
-0.11827445703677941,-0.17534695814401116,0.009505856313778926,0.0993134978180544,0.1343455287640285,0.2070231719748376,0.06297514291171802,-0.12625422485178509,0.8917976895665265,-0.011942468030111453,0.20847668684391985,-0.18603847681531827,-0.15797094178720084,0.43723223264707434,0.39423454163331395,-0.7438898563647929,-0.8283758668528629,-0.6865516745877975,0.9987438558733579,-0.922536147010377
-0.08574479173668759,-0.018762141407035388,-0.6799096334302133,0.018981831482479172,0.16554402415348035,-0.18261889140719237,-0.1089339217414355,-0.0031018437297732626,-0.11032650578584326,0.05205736880664502,0.8281498045499969,-0.12936535226415535,0.5415234272165523,-0.12643954670211377,0.7187081784483187,0.9872588402130205,0.16221926843370138,0.9630220156732769,0.7597957952566381,-0.45084952647152576
0.04536608479463799,0.2929759013670432,0.012636950391295157,0.023564534499857084,-0.06038290511676579,-0.49116328176883867,-0.060229895270862394,-0.005756393419354643,0.355052106379117,0.038910605097507635,0.14167562252595745,0.20918932140357893,-0.13739507030066855,0.5183463145208593,0.9557434421492623,-0.383163861521874,-0.8380209159116943,0.22310908680953356,-0.8750878765850489,-0.19784789978279727
0.030527886098632218,0.05982041100323482,-0.032434673434917405,-0.034616560899227294,0.43637712563383313,0.0403013153128528,0.158377863912989,-0.5097980635839302,0.2502933311214106,-0.06736842764292428,-0.7446112898364234,0.38194897740436895,0.38009762070093855,-0.3071631860061308,-0.061601131467729164,0.5234489270057341,-0.10666903569022224,0.8375965900410705,-0.40403216856383795,-0.15421691683266125
-0.540351556662385,0.003214564460980951,-0.04183400534135798,0.21480009946099418,0.16496115709351025,0.12203282657091633,0.04833763753448991,0.14228595831022578,0.46011580297069965,-0.028769341845003432,-0.6706872725371495,-0.6107734664413693,-0.12563213472631451,0.6018667338217194,-0.932041574195855,0.5542611373507764,0.8653567615574962,-0.6676765252335193,-0.41618321212934495,0.1542041737187958
-0.03804487886138086,-0.02461733103649709,0.4799443505938159,-0.021010570038413334,0.08029735629315186,-0.4394892247604121,0.15442516492147162,0.3553673177181946,-0.029831166428699013,-0.1404130471782632,0.42129732962236255,0.4349842354976312,-0.9437580106727523,-0.7467340359631611,-0.7968772431512574,0.749883633870061,0.12155823171887015,-0.1059796496693961,-0.6030365075902484,-0.031032337272963062
-0.013069838601958109,-0.012317281035408183,0.008876290110133508,0.009596402000984182,-0.22270125019709447,-0.18482894527686214,-0.19431801430659015,0.47641287487269,0.5268474213996842,0.02863499807884684,-0.5915577855668568,0.5135879297988462,-0.3794680865241986,0.521951470222084,-0.3433766258399018,-0.6057385363422454,0.28552709122499764,-0.9963335822305734,-0.43280751588915467,-0.74062912918979
-0.5163740081082784,-0.23050137622305356,0.03283230585192362,-0.03848447521200264,-0.16359553959382894,-0.004024238562786858,0.19826415578962928,0.06556745980390483,-0.10615176473644393,-0.04367257647750009,-0.36635309431927676,0.6363657812093473,0.9288629639276511,-0.6841542007915586,0.43425541940775303,0.49507658002599597,0.2751783733108448,-0.36128889343713344,0.617151925076399,-0.7748479420314525
0.13382445413805988,0.05621759557059791,-0.3507275750444593,0.24999844741758365,0.21653020421410585,0.3680508994471797,-0.4318474732415886,0.2123894999916901,-0.059328831157031914,-0.19683232993534705,-0.4703643912355393,0.9872078366484716,-0.15014528414477946,0.34556011934008346,-0.07707081855760234,-0.22644649578353326,-0.4758602631093656,0.2311889627790089,-0.4616941573904294,0.08122717929497658
-0.10567910302090311,0.34306130973482174,0.15273578159268453,-0.012279023048435561,-0.5394545887869873,0.12193279509713212,0.17866182331689615,0.5487703270420161,-0.012182622827643208,-0.07678213921198782,-0.3043524449044359,-0.6779507392112463,0.11137829654419584,0.6229602444426143,0.09492866154446333,0.6442406728829535,0.3238116140098737,-0.07451715409852233,-0.9297361137432993,-0.17842475036968697
0.052606715941133156,0.024390257597665478,0.01679286137168772,-0.015612170212235557,-0.7718990342914811,0.14585968213822517,-0.14930571367348922,-0.0024193091551549424,-0.006297352810437334,-0.09996013818592317,0.6680943821764327,-0.5096357622427579,0.657155548598795,-0.6487654120802613,-0.14403159455588543,-0.2994278737992506,0.024457116658634703,0.3517745694059473,0.5635856613304149,-0.9329091153595814
-0.03349902526607035,-0.06370020250496367,-0.014260953579959032,0.0735809068213876,-0.08232188848781871,-0.053655778228248324,0.5157351783452918,-0.20599469472047682,0.2842466283616025,0.04049194067347517,0.43439000556960883,0.6466516829788322,0.40796770063529464,-0.03907542205262815,0.3153806196438449,0.6493626761179676,0.6385637365033734,0.798268825283942,-0.9632648686964556,0.5565798087173381
0.13442668006938063,0.027889636679665767,0.29494605264376583,-0.17324374674334675,0.4293826458015855,0.027407397169484905,0.0643894699839968,0.14475164391768156,0.42587718963433485,0.09913836370636575,-0.3754750231336135,-0.07797940164272821,-0.3997138548764436,-0.7043894151384233,-0.8793073747500686,0.9357989012638761,0.6983065966743174,0.6681523232886568,0.3622333498189765,0.5455647459950905
-0.04287195807272347,0.29356231303717284,-0.30126524961641843,-0.005520790393356434,0.4319418066695889,-0.018761599071248067,0.12266543984825258,-0.1171681730196551,0.4214148683998591,-0.22953320229059182,-0.35702153089182564,0.04260366073210875,0.9191336443489688,0.15406277160571835,-0.14746786700758552,0.16887013549163665,0.8999231309407487,-0.541879176863068,-0.10679446411561999,-0.30378658174321727
-0.040706381325548574,-0.17516425771766714,-0.3803524740521252,0.028804090507804303,-0.05172163721048689,-0.14416643599407436,-0.005938219878707518,0.3091364381366386,0.5209142289196591,-0.2226182216265342,-0.37335447610313466,0.7177281898153589,-0.9364193252284341,0.5696657064346733,0.087777362178723,0.7504485508197531,0.47330468608440923,-0.4805981539694959,-0.5711701190253393,0.5628180634643463
0.25790109130116823,-0.05743376550809144,0.027745615930499734,0.0866627428185974,0.12428040503517013,0.14951701881000548,-0.03438668186479276,-0.6152406300303824,0.2064911864450657,-0.06157014301738674,-0.36294110261857315,-0.4565999179335225,-0.804863184662334,-0.26204738803660743,-0.815965004899009,-0.035587652836570616,-0.1312444934404755,-0.8118478201717814,-0.19550809217478382,0.37173934753249593
-0.3887010738815338,0.13903483657607268,0.260796966126006,-0.054092720875784595,0.05739133888744477,-0.29896119538130544,0.1715759841022934,-0.29500840755536634,-0.22660806384007484,-0.4156878840052727,-0.8566651403007188,0.22038050001900467,0.7988329646125454,0.1702450891166667,-0.737627372239553,0.6156992458519761,0.4244428513456826,0.8575586467851346,0.3236909771345282,0.39896547782879765
-0.2226652445858243,-0.6524942147566305,-0.021644007978068182,-0.0791358207321467,0.190332382839961,0.0988635626559271,0.1637867744336553,-0.041003123816333836,-0.2756180099889227,0.07539657016842916,0.576221074506388,0.332911730545967,0.7139737669737256,0.7207772161815014,-0.9016265883815968,-0.19805518126121768,-0.7763015523667911,0.26800240685515986,-0.49834476599933164,-0.5527110328882707
-0.7396175243521808,0.007456296456552852,-0.000682524003084474,-0.019541561554596534,-0.1924854079310102,0.01984350146698116,-0.0910306318875056,0.07113427242967901,0.18258450089243503,0.283448493897603,-0.5781121495846206,-0.8034081188101041,0.3676905313080312,0.9254131657640274,-0.35732484616160365,-0.8476418559884691,-0.6229364702975875,0.2537845228052462,-0.8848088315744327,-0.06126236659370754
-0.016984400897522314,-0.05303081392523511,-0.0043208488233092875,0.6863919708877696,0.2519729902877982,0.11370204700986519,0.14768549243252074,-0.021391656747305053,0.03973640077991248,0.07842838091340823,0.9686232677291959,0.5929283362310804,-0.27036944019308073,-0.06686626780645155,0.33000842497966776,0.6242522374792085,0.1818374753462184,-0.8812454085485091,-0.054726123288153516,-0.5673606995868403
0.08512476640464511,-0.2684484403167201,0.17908508558887326,0.08348346991284397,0.4946128515645889,0.12042818970869487,-0.009020570890613255,-0.5339952035946062,-0.11402688782604553,0.00019881639622909564,0.05435184059401399,0.8192804794902699,0.6665321790215053,0.33219189625379086,-0.18413005152717576,0.3331031881190758,0.09613792325250592,0.42855231741135014,0.4175083914309068,-0.7941599625582874
-0.732926684326503,-0.21369932268866648,0.0421261689632571,0.06096422822864442,-0.05454872452222284,0.010480987497517516,0.00012291657816632974,0.28672268065474027,0.1063250372703461,0.037781102923740734,0.6213491857766407,0.3981496697339788,0.6778850872442053,-0.25934978311176105,-0.617849239157267,-0.5494157553940457,0.5431444944906789,-0.1655208630445515,0.4558505903662331,0.909417387338517
-0.41273075008656235,-0.27427559146799696,0.17507680459433228,0.012612014044592862,0.12624965752776962,-0.12888525937334394,0.3725818015227853,0.1843054122898844,0.31488009947355877,-0.04019232834818906,0.38759920393447844,-0.04329444159319218,-0.5440186792143189,-0.80851909266734,-0.8073866998204917,-0.6730935489813996,0.7506351216987244,0.4766565464718644,-0.9093363045857692,-0.8143674876954017
-0.10705937366671625,0.059911948844280125,0.015895594308180674,-0.052498720149990574,0.012474440294409778,0.5562906688417347,-0.09103730658927428,0.198164854278498,-0.35096168662878674,-0.5443445745511437,-0.30218512480487325,-0.26856505540900577,0.4593134854887635,-0.11700378773863096,0.8590126607411814,0.9939481493181179,0.24654025809831004,-0.7571434020630976,-0.6317034808669411,0.8274211682134007
-0.16962797960137738,-0.4766750562393213,0.005823878659246717,0.19154895013854412,-0.219683269128018,0.010725485137729501,0.2415762598045734,0.12556554419240856,0.018660846624915906,0.36967753218855104,0.7669723940665916,-0.7317040925406648,-0.258512917644224,0.4980162365189844,-0.9294021180419361,-0.1272540919683376,-0.4944109129984704,-0.43260716281005696,-0.08453233986476816,-0.05426757286046202
0.07765579919886156,-0.7438268883002019,0.29037782381128807,0.0005062922581997344,0.08577283395507979,-0.07574800311891361,0.10747737006745771,-0.006949009513737253,0.002815902520606502,0.002494060539303817,0.728478871749761,0.5444880884372949,-0.3393834078749629,-0.6721364773129503,0.9582223827241354,0.39368443492072647,0.5707799339849362,-0.0964134023821035,0.558237519733094,0.7904115378838517
-0.01660631139132429,-0.29994229145592444,-0.1316096440929963,0.009871910067652801,-0.6155346412234675,0.05825732887993859,-0.059909794236201463,0.012477037754946314,0.45057895859150227,-0.06705052739064626,0.3452117927571938,-0.9935480795739418,0.41337699515665816,0.6296556030751848,-0.7901793982535819,-0.8496310748916398,-0.3625187215233159,0.8305519261914525,0.9550360548700112,0.8368219958546024
-0.041997789949071634,-0.35034596118108813,-0.1509097092392595,0.04006694256154142,-0.01261201043496274,-0.5805939551408794,0.24507702730764697,-0.07583399291273946,0.03346983664169456,0.11736047613505962,-0.7632858512288498,0.7222716099149058,-0.7466243177379328,0.700481092323261,0.09566123010421634,-0.5250849131902486,-0.5727182891272404,-0.7502888685815836,-0.6694290023232017,-0.39138963629227286
-0.06214614709364971,0.16476337294293222,-0.014138570706998579,-0.04783234883254675,-0.01110934460702362,0.6958539113015453,0.007998197720966379,0.3737650993426548,-0.291602904202577,0.0715312743776988,-0.9043748217159364,-0.06366743838798739,-0.5886455280330813,-0.4307364936425304,-0.256840910442528,-0.2909488660373636,0.2839541874138505,-0.6393428868515838,-0.6248342819854467,0.34668311786977535
-0.011819289400629504,-0.022020906909022513,0.008280938604781256,-0.005335869676571359,-0.2407287571238039,-0.018869586174860363,-0.14843249792733612,0.00355917552583615,-0.12083650474432894,-0.8001815715297423,-0.5267248638106894,0.6586920932323552,-0.8628030991538587,-0.2587948897570109,0.4473551082658809,0.509314212990085,-0.37078803574870145,0.35511770323402736,-0.10925100848282288,-0.9599940132268077
-0.05822808338259425,-0.16022156133321885,-0.008120470039146503,0.104414878416137,0.08253912186511003,-0.0375559269149056,-0.02154211974968688,0.02948261209344563,0.17812638580450035,-0.7394155455593816,0.6105202731508859,-0.6599892812694088,-0.025409676456139563,-0.16253867497431984,-0.11182510906471155,0.03598580038607735,-0.5482449319396832,0.3405475139920926,-0.6055296162248445,0.3841640907174222
0.127476874215031,-0.21936875570970915,0.04823434942799247,-0.5857432569596004,-0.21611422823459273,0.11740214060124893,-0.03735227622475705,0.14595646871173706,-0.01975038941411386,-0.1841617650204702,0.8007538214370529,0.11355549628639738,0.26699148146518215,-0.6627888284023948,0.10985604211382394,0.2718709166909372,0.12333734249362172,-0.9430711970605234,0.5668681720771687,-0.7010887246474884
0.019697517107936727,-0.010364656043900113,-0.0054691760758890096,-0.5537216506787448,-0.2605153589300373,0.15128853643034298,0.0742147006420107,0.21328612112186743,-0.024301008390288807,0.021556605856108163,-0.771007137694991,0.7914757809363853,-0.6058837400615416,0.4697133159851048,-0.40822443484640014,-0.9070602894160034,-0.8496448709621522,-0.6912638523753123,0.12733715483321095,0.9084370169326064
0.20225153409669316,0.09148690613430231,-0.5057175545593341,-0.2675929259992421,0.24584119218214417,0.17511014279997378,-0.20728806960576965,0.07766215390019615,-0.3610556861396813,0.09167135867660248,-0.25425623990009716,-0.39142328839488605,-0.33683194938177863,-0.2274027522738702,0.6921326230331826,0.796950557294249,-0.18023087971500762,-0.14833949163096216,0.594187662293689,0.6098913188581976
0.10362036358364557,0.027976198675921715,-0.13119289908122672,0.4438879693749842,0.7051059396758379,-0.056921672754198,-0.047061542758790015,0.22720994360132257,0.19688575526532404,-0.13328086342314904,0.40244155073113763,0.12747514683444416,0.9131769775773622,0.30602082168486033,-0.5438040823505406,-0.3488349088001059,0.07371521729900232,0.8721832137134977,-0.10583402160837507,-0.11084908393215076
0.03075925266662105,-0.17422345975746142,-0.1013676387132536,-0.30914775067662953,-0.3320528511296875,0.27242645720799963,0.10719552743347549,0.7139678180709451,0.0535242500267043,0.11030581073969103,0.5303124300499074,0.5522722279309575,0.7810015548440419,0.27309151896433126,0.05884694807933122,0.8217186243164714,0.4289493488925309,-0.8445641788362497,-0.49076058828849356,0.586390549684612
-0.4177997756570627,0.01894260126717326,-0.03261778733887172,-0.49244496305093294,0.22205109972758785,-0.28560218465064646,0.07785050588950554,-0.03769829045931021,0.044060607049466766,0.014884492542593997,0.18769970468946195,0.3952635365720505,0.32706501595997084,0.5345384965757973,0.17806854718882148,-0.19093404021576532,0.8992398016018781,-0.24930630486945238,0.39531057802750924,0.23498428723770814
-0.5008852080364637,0.16657235190542674,0.37966498863909626,0.01071189894362079,0.06816486930448218,-0.14426202777769992,-0.30997424959431336,0.10704547971584344,-0.06295595873182014,-0.473246658570766,-0.3374978349626814,0.5133138443906831,-0.20097515680769495,0.16078118980699663,-0.33025602201095094,0.007181113073682521,-0.2193971257368117,0.5410277641884971,0.3646504639298249,-0.21285836865755914
-0.09275751220539886,0.0628216263920229,0.0076785491423601235,-0.17951795010206092,-0.007054600229409111,0.03483735040264822,0.019792802651415725,0.24805022082949713,0.315033743843395,-0.6593919260944431,-0.2499451690818546,0.3125730550116794,0.3800414651199633,0.6304588010858692,-0.30051667740791976,-0.3260760091392563,0.6032570878070469,0.26881040810786105,0.30109343720530646,0.8767565839917684
0.092100120732524,0.13961790990893935,0.16442755463398562,-0.08784794881366204,0.7786905120478192,0.0694556402353769,-0.10387110323235545,0.03940199292239642,0.08528275971260857,0.147249022315338,-0.780426962887327,-0.7619466624084452,-0.6198896673848298,-0.4758636757792585,0.7726750559236351,0.09270536521443096,-0.8924771002302063,-0.5380567653537658,0.9412212977939605,-0.6082133716704936
0.055382567663306737,-0.6352168482452925,0.2764447104662466,-0.0014312140052603062,0.03933222882219618,-0.0041888971387408075,0.17163874648640848,-0.034666504769165774,0.32619405498278353,-0.14090879568037562,-0.31915806062731056,0.07105185721940033,0.8940696423835297,0.12679554056418607,0.45423982894427173,0.3196847435837209,0.18901952975992242,0.9293828993869522,0.15996615979833595,0.5161770105019527
-0.19818726475198195,-0.04239913542468212,0.3056709230189358,0.45361697228647624,-0.05694618092168964,0.07051949124633716,0.04609470198014584,0.46154264993415683,-0.16429722441675237,-0.414927686981743,-0.31022279500979777,-0.7990197214863273,-0.07153197859475102,0.9016696164620688,0.28739546285029727,-0.42361124526760197,0.12228268984177904,0.09980795406543508,0.9723796626216996,0.6147023295258798
-0.06832839430560951,-0.0498954751784836,-0.0637250950568583,0.6765265545409113,0.2927823303125291,0.021465848543003763,0.05119334203698256,0.1087166298595443,0.01667547864325558,-0.023740493066257237,-0.2666148393644583,0.17464450720901703,-0.5986163502064605,-0.016374568459627037,-0.41640500997460306,-0.9928664106953362,0.1939452539279134,0.10406984283641352,-0.46215634404449113,-0.4749820994790124
0.19403561760039512,0.3395916051676252,-0.4593766043775301,0.00045950485185300427,-0.2604624452597491,-0.03520461948889303,-0.2420174427321154,-0.21434997034104936,0.346817394089892,-0.1922758009700064,-0.8151201223838496,-0.06897998184008514,-0.5575761710257388,-0.45862331236825127,-0.2697039153136829,-0.029826382094055193,-0.39836167474429507,0.9174807634646547,0.04420176649578367,-0.16765223547666008
-0.0488082737495022,0.10818683472097453,0.49716890544748604,-0.02972507880782873,0.6578490198322322,0.007709970941133359,-0.14541111854479163,-0.015458916721425645,0.09213064252309373,-0.023174260271692615,-0.5748410052026918,-0.11265982149469878,0.1603387214338976,-0.6855979707873048,-0.17498043105128547,0.5560591012529537,0.46750087300279475,-0.1111369480254738,-0.17733691020213804,0.9183869502435096
0.4879345714783492,0.060022194955900304,0.21750443420022844,-0.1581567741081329,0.30081868023966074,-0.18454924092816566,-0.1412627565978048,-0.15912469043857672,0.11265255337239802,0.14916535919108193,0.27086437634174,-0.8806006575345542,0.48901309779154145,0.9620517796902359,0.6872855971869078,-0.5771166237749914,-0.6717339268144029,-0.15183741527099137,0.2687130932996349,0.9128317805748591
-0.03069967455389415,0.027719492779291255,0.5919405092878929,-0.2512361053831437,0.3746838142245762,0.44878158595777956,-0.042109857134051604,-0.00613205575343867,-0.18056569468013883,-0.02062860536434588,0.5368657330834856,-0.2572428765252157,0.5637843944633321,0.46577936322196467,-0.5995592056821257,0.9829867766422848,-0.7658201813171945,0.2640151314294401,0.38326544902658033,0.8660992112554866
-0.07449791571081615,0.025213209580912083,0.1628227795563263,0.2498796558057717,0.17350255715514032,0.022472601265652037,0.1073719961648556,-0.17888911347233366,-0.6104171159392724,-0.5352078225219621,-0.3376254870280124,-0.2794624694540422,0.4043617570736431,0.8816072352456834,0.311882311639182,-0.1978294925500712,0.4862537159972844,-0.7595452545818437,0.7443049024322494,-0.7237167942371996
0.13747003201115454,-0.1992035802916252,0.03686997457314273,-0.001162050699818118,-0.6737806191794665,-0.151074997827171,-0.04284714455562372,0.02680579487685169,-0.4616927280061497,0.009725377353699285,0.5355039518803963,-0.9964165218586751,-0.21365494967391108,0.6940117823034417,-0.9840315816771656,0.5957412094963033,-0.27093891760649647,0.08354761730489635,0.8939904955622999,-0.8041600489078198
-0.06302556975633321,0.020484434232253594,0.020739462012164804,0.1849849699537524,0.23621825089275805,-0.08590630568782204,0.18867847648720293,0.05649034884080184,-0.03289282809742994,0.6406118533334828,-0.21851048217115365,-0.703149088760892,0.13320059094928483,0.9225003720214546,-0.5015976919522109,0.32956196609935473,-0.4479993796623363,-0.11557163816334848,0.5896109201651765,-0.805991939592765
-0.01800503514743064,-0.2395124753072871,0.0466341399343579,0.23172895266356947,-0.02715479188926037,-0.4290365930627755,0.006893148493419418,0.42912691214408977,-0.31561553433546163,0.2719813008092793,0.23823746702522497,-0.1987131703174312,0.30855373904433003,-0.5138907114414288,0.7222441146839615,0.48916536477953043,0.20069798546591344,0.9820942496063128,0.6136276623824635,0.25898471504876674
-0.09592895373996321,-0.14134357583549065,0.1222353844274533,-0.4953246535755371,-0.05472695945341283,0.13105897744628914,0.30291852075096926,0.22539600912417312,-0.06593985533919994,0.09763611469717604,-0.27373011364668054,-0.012174367101408068,0.2903218304066817,0.4083431413941463,0.9663139151849311,-0.24251292058018303,0.11544722709301203,0.06576516765602536,-0.6105207658639875,0.30026284531782
0.03201555049053635,0.06156486659429776,0.0017655407119995387,0.048730051007200625,0.01535051709361325,0.11142285256965065,-0.2967003662592672,-0.7145311901211467,-0.19557674082327928,-0.11877576581690825,-0.4380054712670698,-0.7390234463625283,0.4190818900817668,-0.3460202328115549,0.6990137436499722,0.1340081809432192,0.29566909343865544,-0.23729821016046104,0.5095258493325197,0.0886248960534497
0.06087915713818509,-0.10483571899283811,-0.37330505006853565,0.07888895011679067,-0.30169721104563196,0.169264260592084,-0.4524558907862515,-0.09648867544267314,-0.2651345604701116,0.04781543880252226,-0.8895666077905171,0.48247019917383205,-0.47801163366999,-0.4252682324571422,-0.06143845079303256,-0.5496105625608732,0.4713343277698827,0.21680275545254046,0.6692126475467832,0.24295319084232636
-0.05732240754264839,0.1666310819854704,0.3327712307520932,0.21321489973821228,-0.005322262618207507,0.3182911932965352,-0.11430590286886255,-0.23343687956143244,0.08791216517076539,0.3901099028949362,0.10499608820890782,0.319002458355256,-0.14493048707087386,0.32214050347365375,-0.682011060286555,0.938753419797093,0.5323420852432175,-0.6386654385492876,0.6754773413998938,-0.6011533370129747
-0.09892164886438262,0.0683798226619213,-0.45918555429684144,-0.2609420270483118,0.09937568733979313,0.22291295047954318,0.003428487982577,0.5659760698393844,-0.07168378065072567,-0.21229665971027048,0.6684879416053473,0.23536378850773,-0.9746192800277327,0.2664781061100314,-0.45185703394242505,0.28640738892498185,0.33027190080678914,0.23443158483883808,-0.8415625094688866,0.8048155770069656
0.3712292985639821,-0.3511825789202843,-0.18201873152112016,-0.44642130889727005,-0.06146853313456535,0.1337788439178267,-0.09679283840336511,0.045668657745964375,0.3284257265716217,-0.03505921410813807,0.30949785866991086,0.4142154481360263,0.7320205592610685,-0.5203490170600336,-0.3702986172919043,-0.2695754595185782,-0.7966928675157292,0.3805032184650954,0.06643784657371721,0.04168963969323114
-0.017965845024353784,0.7370068217742555,0.1572313112672211,0.01704366363202213,0.15458100957420215,0.21132632617528624,0.17812248210197307,-0.14621087537479918,-0.012494720955046444,0.06319754663138866,-0.5762223677949705,0.7545597516151994,-0.4197487079999529,-0.30082532895552005,-0.5841109644232663,0.7327488917839273,-0.18007317802068656,-0.16006787950180756,-0.9745866657518958,-0.8221719701816737
-0.020924851353712172,0.03097215277678822,-0.6878117241792663,0.0809440825879141,0.15373847749473762,-0.02534257677087806,0.2441774801089835,-0.016092292152174448,-0.003621141520976978,-0.13343257896640526,-0.05861489129656916,0.3928292426893092,0.7317829785338685,-0.8014516658698156,0.8973672992391459,0.7032599219950064,-0.9962453496685741,0.6534393619172176,0.7397292051272932,-0.299554223271973
0.02808757279407964,-0.6044758558325889,-0.026387538032791102,-0.04567657219960018,-0.205361667978267,0.06347926192601461,-0.003800321773715573,-0.009047406760176568,0.055373836661996356,-0.5655644156978149,-0.5985513862542489,0.12621989876212747,0.8368128194084921,-0.4212944746934677,0.23589244968993883,0.6766326234187015,-0.9029190324792371,-0.5971492376868583,-0.3822776481134196,-0.22812101888004732
0.0694409510906544,0.24578763881884508,0.023410280027521435,-0.0496201102229856,-0.07058623884742371,0.24098938897873012,-0.08409090007971226,0.20115164315403958,0.006145001828371965,0.30768404459457055,0.8013963341430006,0.21959110701764772,0.8989403803913021,0.7614838318700845,-0.6811737865865983,0.12376900205420904,0.057807938390725955,-0.3216608440984383,0.88380162139501,0.5840289457998402
0.3793401835667796,-0.20977493353420887,-0.08713710336676403,0.37383237815450165,-0.2076307421827556,-0.0003242991383062832,0.18098258117536126,-0.32879824095744314,-0.07856441014856205,-0.08702297266303047,0.5190142817137906,-0.25046342828576607,0.4850518561067292,-0.5335914012998759,-0.8418184631783856,-0.9540369131234687,0.49833575958165843,-0.41250838624810093,-0.5759519410525851,-0.4806832861588879
0.039415051231332994,0.14518275939929637,0.2491000726980947,-0.45987944705240114,-0.012228864377985205,0.4769244606639108,-0.062245676190508525,0.22524038660996507,-0.0847938413286351,-0.13348037183432315,0.8298091549127677,0.6882848367972578,-0.3875178652799496,0.5978770512754605,0.7150406503354207,-0.38816651394436863,0.4920379731216593,0.4867020425252171,-0.761400606973162,-0.9164636789488896
-0.1410329806644307,0.0788847177787047,-0.04956820855478522,-0.01962786123055016,0.3977002917827651,-0.15644797405005328,0.44468657926832067,-0.09332148835093243,-0.10893485567692884,-0.2027292434894215,0.7448570826858032,0.16970435198837452,0.28612485471801685,-0.3328054576172459,-0.16140019742147405,-0.37547570698257515,0.12857258272618677,-0.39927320390814014,0.04313703212656872,-0.23248951063062195
-0.0043365894861698735,-0.001094851411571042,0.7596990423012755,-0.033692105299740475,0.24509693195118887,0.023869407646476645,0.022072926219781144,0.1172690091280767,-0.03164200453855298,-0.04445865208598959,-0.5552113710155968,0.15158205941371472,-0.03966899043521144,0.9584180356802754,0.517009596821222,-0.7006688017469043,0.44491731752081165,0.13285043516763384,-0.8996628473018862,-0.400108843499585
0.34310841647009493,0.21825565495189425,-0.4026292689338319,-0.005341853673627259,0.11021253423139532,0.08023563741948352,-0.31306801925225586,-0.10582465175460533,-0.3271741485309289,0.04393757741255327,0.07648202899473722,0.8236812710373198,0.09501132194584061,0.12426090756129082,-0.3686834966951922,0.19220485897313178,0.19896768592942826,-0.6732163654744869,0.21279715802557497,0.040557788825572594
-0.2876680079664212,-0.1971558219446137,0.06410765840267624,-0.011108646121857815,-0.8958317578170596,0.012443396826759011,0.014469662663236967,-0.03612772814423166,0.045998433710790085,-0.20552464666817571,-0.242764548797346,0.7586688108772703,0.6797305715410651,-0.10066558001947401,-0.5932031023508226,-0.11023023770868745,0.5557798690797551,-0.38955090502387546,0.6229926551242357,0.6817413546669897
0.0096812306639293,-0.058967588744223996,0.3561618668608304,-0.08186655337344928,-0.15353731606408344,0.0359122754727135,0.3985616471037068,0.05104539049894644,0.5513928139031137,0.2557707212591952,0.23644061057292465,0.11865283369276303,-0.7914201134915957,0.7694109413674446,-0.3778440388849742,0.5773341372413208,0.5064354081776037,0.6885767497380244,0.4172311288188859,0.19421028012639407
-0.2931077261778248,0.1551096441218095,0.007724036305133596,0.1742521712561662,0.6004405623276681,0.056229038639648454,0.024113250888368375,0.5960579943198825,-0.011306594380690831,0.005836389359134931,0.9253190108941511,-0.8692313224410515,0.5146752089471205,0.10029258339942593,-0.08447838058253909,0.6614947541111684,-0.5255403332049822,0.4514840418238921,0.7347511815232659,-0.7654162621586844
-0.13225209805857083,-0.20410065508722153,0.6510257644565897,0.051180884893780254,-0.18793201874966964,0.005467456193976622,-0.02859642092732692,-0.40268771128771513,0.14167767684846064,0.037045879785650576,-0.1609753660433486,-0.39723881945976847,-0.7838634114636072,-0.16304929645437305,0.9404140629335984,-0.07855319560620977,-0.23159375263646909,-0.03040022874307957,0.7083815747057041,0.6799930342347371
-0.06706473729713747,-0.1723859163268805,-0.4862238108444314,-0.2528707765159689,0.051103062889840456,0.3042448492675198,0.2528537504377102,0.12704002944089435,0.24467376778063823,0.09465607911068141,0.8526696965807561,0.9105489479234745,0.1928985550735569,0.33542832059241157,-0.1370951223113399,0.21699731854517124,0.10846288008420113,0.36532107682144277,-0.8044884278159448,-0.8432994797956173
0.05033287811036097,0.06838556120191755,-0.13380620469632776,-0.1738954396634604,0.17575967176634094,0.8425042141646326,-0.03751858950542067,0.09827080953152273,-0.2883672516805675,-0.061011993238522966,-0.34942019745610287,-0.39286424188305036,0.24750400537709227,0.5681403397294613,-0.4397320452819915,0.3483560617384345,-0.5962779087449215,-0.6302171596826271,-0.2548849492406078,0.8345866882435511
0.025137277518625642,0.049639162263226164,-0.25104304354545093,0.43398430557429934,-0.15834614698745358,-0.2690770672744186,-0.059059707373465616,-0.0003424607855686329,0.38612228715399455,-0.10402693570338366,0.836213983182567,0.4586540945106006,0.01992804281938465,0.13752348585668517,0.3079204422217352,-0.7560874329775535,-0.9966025143361081,0.4383956223084724,0.07853534904323412,-0.05843722228827053
0.042082693392237414,-0.14285428013020324,0.05288381282032699,0.03924003783869785,0.3495292400049239,-0.024571537709285884,-0.012237251201006272,-0.19654729624627,0.44263920714325444,-0.5025231034531158,0.8266061687511466,0.1942073822121122,-0.3147487329489542,0.6255841255286869,0.38387867267833875,0.4927469444452002,0.9961063131968584,-0.16019556669570245,0.48914712668669313,-0.5618839569044829
0.05693196553894772,0.0430705228939398,0.031261560193576066,-0.031067973627185753,0.12244852894939584,0.0806736087064571,-0.7108477636432172,0.06628457086585761,0.04243001775195393,0.04293531574303423,-0.41181765951929594,0.745744943276204,-0.7277000507635623,-0.39947690616455334,0.034615243908155735,0.315004086555299,0.2664156208390467,0.21818398457550958,-0.7515213590631007,-0.9225916693857847
-0.04471978205205742,-0.12202982432337986,0.07741212053885543,0.030925229545107347,-0.33946902414571933,-0.11916751173057569,-0.17181735127658487,-0.267635825765016,0.015629705558747403,-0.3683737618416657,-0.6964611184923533,-0.7230216408591423,0.6738752934298828,-0.11161067797176805,0.4017338859969599,-0.13779305133226005,0.37117502992599327,-0.5368856872352012,-0.022315137596246926,-0.0243333583872114
-0.10543254599554375,0.04386808855669741,0.007494406268460929,0.12340160019121973,0.05566625145127124,0.003145150321666401,0.018339365043280875,-0.1932053121481685,0.6479897044426165,0.052766250463156805,0.018845338210316642,-0.8000307453003144,0.24200490464029412,0.3850331942116789,0.9742032161864307,-0.10732847726233175,-0.07924207364833724,-0.5206553605433104,-0.7044025580520448,-0.12994953915592267
0.1288563204315029,0.08048057487944982,-0.17923149778818653,0.05653616299591125,0.541488213448499,0.1043312576647348,0.008786701550878503,0.2654674073240153,0.13329046707291942,-0.062294512361787006,0.8324585286808397,-0.04690963615631194,-0.8744034900029918,0.6771230493948015,0.31753452653493075,-0.3170192221352881,-0.6491905150804127,0.8031507017777695,-0.6979823721575078,-0.5054549506152217
0.2880583308844722,-0.47505926696883255,0.3670721098884256,-0.15938325283487664,-0.044784866073586116,0.015820460136572595,-0.33729859134026025,0.009292499904300672,-0.057647527638852565,-0.1813197895953683,-0.300462890772087,0.4723963685604773,0.6638442489240077,-0.016840993471536336,0.04348938639002342,0.1150756929587533,0.7746589031115398,-0.6477707358037534,-0.09696186811300889,0.6598594675670115
-0.018832520299896766,-0.04996879291349373,-0.042008110069551186,0.0398599006810088,-0.03992092300037375,-0.01918966709486887,0.7600223321747529,-0.0833340907023398,0.19876768481719717,0.004175780414930207,0.3322041357102252,0.1237100799531845,-0.194961335624239,-0.8900770110344771,0.6592364082087285,-0.0361830590845269,-0.07279670843398978,-0.1756404269317271,-0.8148576469649353,0.15522887795984142
-0.18865408064174172,0.17568427230187622,-0.01370005475505287,-0.2600312346745828,-0.1216589728118388,-0.26009194240405586,0.43998057948311575,0.3611154892493914,-0.37681107672556935,0.10276834951829317,0.5119200565573709,0.1259170310287112,-0.15381007097362454,-0.5117055365744343,0.5935796959198578,0.7654676059182328,0.5381552398178742,0.4395720163797332,-0.38828009894439286,0.8134657491935684
-0.0530365193875629,0.056620067069973384,-0.25077156216870916,0.10971907160030964,-0.12451038863256192,-0.0034819381205075345,-0.08562388397338438,-0.008800554941054346,0.0012797144144261318,-0.9047823251826413,-0.6447708404771977,-0.5403685188222564,-0.09587743320345643,-0.2971427680686871,-0.6320875673802742,0.6141984652547146,0.6831402495200849,0.1764303131594971,0.9770060327374441,-0.8497039695850386
0.1897659136124359,-0.3285405470306043,-0.12810039409413798,-0.09900871574686786,-0.12817217493613697,-0.06965100010985734,-0.47602650514046385,-0.15425145774487772,0.14498543322122345,0.11545439963931381,0.9110448022119824,0.38302525016380584,-0.9773947199865538,-0.5174881937531002,-0.2592279316598154,0.5231521242635309,0.050037031230925066,0.20104668598202524,0.7831908636644447,0.14061178366666205
-0.058233692071808216,0.7695999489655005,-0.007856166397767365,-0.0595336195993499,0.004624040403442303,-0.037292590792266794,0.03166410651318759,0.20880603773587858,0.25579277275064183,-0.02257179483840372,-0.3030933617068785,0.5436423885728565,0.9650698776413102,-0.4813440528723003,-0.8834074395407872,0.2169428113894376,-0.9667858077702487,-0.8987731079660553,-0.7052232806816303,0.3479400690811878
-0.33181438038038474,0.13195823381820893,-0.07211594732393922,-0.23506181724372513,0.30385191487999086,-0.26271009845792626,-0.10558613594325014,0.20914176715910088,-0.2814752429412884,0.3292258920479124,-0.46790844189149317,0.18834749457930355,0.8200602627842852,0.7847343328240677,-0.7015209995806615,-0.5385637818064417,-0.09107126316356684,-0.12562060108731687,0.7780194333050108,0.9895172062482034
0.26670926049718247,0.09972217693126159,-0.2782813521625598,-0.48819677760622654,0.26656552374818954,0.21191935976922943,-0.41191798166550864,-0.004200151322417869,0.04820580336685859,-0.08532349246887047,-0.13293148375372166,0.2841546074981278,0.7840197618360187,0.24087865912446538,0.4388070068420038,-0.5550231315230443,0.2617901056608627,-0.13135437232843605,-0.07518227816495826,0.7228163704405082
0.3514295548876478,0.15800996855107935,-0.06967080743074933,0.011448239922944636,0.14332756055716303,0.1622975255162596,-0.1336667325026829,-0.5803381094182393,0.018349316722699224,0.33035082813994787,-0.24119615785811788,-0.2597674842444828,-0.5535660163220324,-0.3092365663503722,-0.38015031534202026,0.011904367263269044,-0.4977863137337126,0.8944721172259917,-0.5069300683145548,0.8360566914884469
-0.0031733732430127004,0.08427167307125599,-0.04844572107973058,-0.02580379194158816,0.31467819376807016,0.006017373977716928,0.326340564840899,-0.5861698010535382,0.34916183893907116,0.13928776007534444,-0.9237000896404486,-0.33860904768157996,0.7263150401382126,-0.8896072653726277,-0.6861105352828014,-0.823198064071766,-0.07816543500390583,-0.5520613466799473,0.4861960592523511,0.2599872793468321
-0.005002943878074005,-0.013710171849467594,-0.004161670956126337,0.5657775332719808,-0.3114131665718228,0.011968834446301105,-0.04230305754350738,0.566941990247896,0.07567558161928979,-0.08109287953092063,0.9505611678138106,0.3292608418977496,-0.1186143852623125,0.5896088000239199,0.8980186797218777,0.7230209599813915,0.6456672031583477,-0.5629818900333003,0.9983544553404096,0.9947044767607904
-0.4427922444268353,-0.07941389488091005,0.06775688546142344,0.03231271295434929,0.11060612831833966,0.4905748788912909,0.023289871069899937,0.2749396785433931,0.0539929407874441,0.1260299031413153,0.022313774452933144,-0.5168809616595249,-0.5884657219188407,0.7612982942969047,0.5520749060970478,0.9155667640664777,0.5406512162500836,-0.24030972501802195,-0.30121711924222394,0.7957210328690318
0.0926727040026466,-0.024668341852876093,0.007935880544514332,-0.04051780950403285,0.6098059090217817,-0.09513280001894453,0.41001789160281865,-0.521351014203334,0.009822663886267277,0.033732263654818045,-0.08982240788267237,0.16862477017817445,-0.2617768673454557,0.7659554633281518,0.7635112452200885,-0.09025294145177343,-0.7581211312294671,0.13814948914161773,-0.1118633178842745,0.9924228178931356
0.1716059667214459,0.02787675085379864,0.14816142389632964,0.5704712918195768,0.0007845665344214138,0.011755226190447134,0.024772223908489203,0.12737137070967192,0.013880940369550792,0.4176695789116498,-0.14436635896928585,-0.32315343060529655,0.43643921748260506,-0.6376038692162289,-0.4099775560367951,-0.659639271194524,-0.8074245979122407,-0.1331048853045238,-0.06209789979523017,-0.7933651857193602
-0.23860524092985552,0.08470805987804321,0.15186880809922199,-0.037078649952895934,0.23490987742161595,0.37262062822421915,-0.39522866221960523,0.07554442476264553,-0.4658283177520925,-0.3777993547510863,0.8736225466207082,-0.8787067124388144,-0.764536945521429,0.977416139677169,-0.11257494776433763,0.8926919322209306,0.1953326498555361,0.3126444632282306,0.2947107998865057,0.13776290660156443
0.047748097223557495,0.10794277668990929,-0.126789422624617,-0.2559472552389616,-0.09719420152402479,-0.008768101169015975,0.6483391174435092,-0.024554151249173317,-0.02448144248209504,0.05940551682325668,0.7881794799153325,-0.03164823111934556,0.17410049600952182,0.3713069922647778,0.569915908315717,-0.3165180081191057,0.9870910870743017,-0.8471645297776016,0.9203729701520598,-0.47186788087959686
-0.1052737528443537,-0.04273542326689861,0.17299660081229992,-0.6535347674058463,-0.35000158435144385,0.11314563571771137,-0.1443746221834278,0.05274181720826676,0.18759874795982157,-0.05666855882655031,-0.12999611206985717,-0.7319949899177136,0.8526405495435798,-0.3679987815828105,0.18767073919958444,0.9629868318971888,0.19644390151179136,-0.07273088786650006,-0.028574871480934183,0.14108263297440304
0.5998480999233352,0.0227954541780788,0.13569617593866812,0.20286128637906692,-0.35078993732862185,0.05227183805708959,-0.3901708405535108,-0.10762101740660372,0.057281051442831944,-0.1394739878182731,-0.2838894149832556,0.9062432211644382,0.8593314745757765,0.2857566983819573,-0.6767688807575147,0.8993469683403676,-0.69187868607823,0.3299918013265468,0.9652478832860645,-0.6859880934755027
-0.18620700936785392,-0.19722511721360164,0.0887735293368006,0.028916235322407224,0.01805776842910306,0.23782444540006265,0.18382209777431285,-0.5845640973346315,-0.11463039244733625,-0.12513515739274828,-0.2290211143434242,-0.6813175459654948,0.9308535133392981,-0.44639056811537103,0.11615238698305985,-0.12498983052935642,-0.657448967144032,-0.8821553807325244,0.6614038586002271,0.5844618545271278
0.04146566487172021,0.2730196873072359,0.08973519910001887,-0.5125730684727338,-0.06340748762276788,0.0006018309917440456,0.3467265949142976,0.2652969131641067,-0.048322962562777794,-0.20544599954410026,-0.7065517230822751,-0.2889574099949166,0.9171162505684829,-0.076935109724388,0.32323115253279533,-0.4064222341480499,0.08440261671240878,0.4929859092407387,0.23845834198285631,-0.7366894429186246
-0.03192057842838117,0.10169049455158422,0.01670539526701805,0.19147581202825137,0.01842765052179253,0.4527087468817581,-0.040732820716183976,-0.19906384423611775,0.178923016038514,0.10322414669371557,0.12942760410600251,-0.9025686955688184,-0.3299091766903035,-0.5941157461245323,0.948917449552882,-0.38885247525725264,0.3740269785258725,0.9036688671907953,0.1045083558792892,0.3391238538299979
0.034764254009436696,-0.24431855560345528,-0.04703588619515081,-0.14228467345295415,0.08044935693805738,0.17596367459031959,-0.033352607396212174,-0.1516699451810412,-0.0784595992390226,0.5990106700661364,-0.30178533515852335,-0.723995446233771,0.6983646236475209,0.6175210164543361,-0.10125556399320468,0.031259164022348296,-0.28930747982064187,0.528530152075402,0.1182201328435648,-0.06774780554259885
-0.017842522348828008,0.10724033537680325,0.24020554021952317,0.3300596562632284,0.24385127723520483,0.19206630131711677,-0.40256567246317954,-0.12802241934562172,0.12262904026177102,0.3226202979908642,0.32770867624630906,-0.8121640937657217,-0.19391518107504857,0.21615632219794856,0.973792953690598,-0.624590641209638,0.6710298502276573,0.04067552799267404,0.1839994808117431,-0.20671666770193764
0.12082999827893653,-0.0012953229233987388,-0.038800700859695864,0.26001527847881567,0.2171130064661623,0.20392947367850633,-0.07890140925771824,-0.3766772723789695,-0.525956608783607,-0.18686188192053083,-0.38069572424153963,0.016930882055842922,0.0893143012586437,0.5693638746200922,-0.2601287923302946,0.6447965050168223,0.9220791177678984,0.24433989318509552,-0.6863514781447009,0.34645249201554695
0.6795898840996026,0.012851429119075383,0.1866110513898125,0.012891369593722661,0.06654287037680642,-0.27981553730748754,-0.2948679966288366,-0.0773003094227758,-0.1787839760707798,0.0003550601723158117,0.6158367422714244,-0.859964549893645,-0.2482222472606106,-0.1769114564421541,-0.9591278720691594,0.06112818881689375,0.7345162232472353,0.36497489085332147,-0.48923797257112756,-0.2728023573843579
0.07433674013617891,-0.02468162328427717,-0.004799106339064431,0.14249087129539867,0.2147571956535408,0.4057841317283263,-0.01696683119839933,-0.5346072894039164,0.017534983241519315,-0.0032596777070698496,-0.31701395647566954,0.5822029250814376,-0.9250962721615801,-0.46082304153488884,0.5425010050316708,0.6225590442192648,-0.2592604629972728,0.8485601964878269,-0.8930147407447964,0.42834455022060025
0.5561506902484177,0.01654603515555816,-0.05571015778349908,0.08935142594929951,-0.22264869741287813,-0.04513037542290271,0.3361422647193686,0.025586581387139984,-0.14730829537097978,0.5362560685800195,0.7545181083408694,-0.890362631580905,-0.014868021901776496,0.1815536186532083,-0.11964305822464127,-0.26782841229015486,-0.388088359143433,-0.6605644170962996,-0.6590595916063646,-0.6737788909360187
0.009163646229055408,0.07333788925989419,0.24469441503431857,0.5100800391511159,0.038819493697871583,-0.060784618391673054,-0.10425077277995318,-0.10887511539530303,0.16465206012821978,0.06797010659587961,-0.7928456240044477,0.52774811707507,-0.6026696459898229,0.3001223291731663,-0.0028290386469578266,-0.11338490064474871,0.20026471253746014,0.701001234297997,0.19986184818644026,-0.8836301739193815
-0.6120823526235486,0.03930433571982861,0.2628795220178749,-0.020376575946132125,-0.1897786981947724,0.2801215213586211,-0.32562244112404476,-0.07487855036834877,-0.08361243722422795,0.14324595924468925,-0.7858089913556363,0.9836082712665541,0.8818643525651193,-0.9949268793862016,-0.30291668272769945,-0.9836676940186557,0.7936443216053728,0.27596075260261577,0.09851376821805324,0.9531252147974816
0.12610616952961792,0.5743019657206143,-0.036271963240978033,0.038954294757781255,0.1438311859687692,0.06773918963993811,-0.37275241647328117,0.013369098118014702,0.33780177752830687,-0.08370552045565907,-0.6891504710797722,-0.5044402246639668,0.4992040183040949,-0.9292633859785615,-0.20345623166499016,0.11994911793637852,0.3573901827995982,0.5137256346871648,-0.416670218768721,0.5307475137956328
-0.37492186696124813,0.010216091732067015,-0.536679113322358,-0.2189390008828318,0.12349520216978936,-0.1448633219398323,-0.03485058219465073,0.2046291652997414,-0.0348541212314353,-0.07501725429999018,-0.4253378532835175,0.37396839537327975,0.3307611103089749,-0.6065323154515339,-0.5386034686015302,-0.8088933313601625,-0.037450908770882974,-0.20666153685128408,0.5835437765489964,-0.10437084505285799
0.1149900678088781,-0.12699827590076565,-0.07978848773241237,0.042575214500076036,0.005101937422648618,-0.3343362420340494,-0.1840715105271504,-0.0626113492638402,-0.6426809851423164,-0.11003547885407922,0.34663444325436576,-0.43338847492985866,-0.3108464198488827,-0.9363572236801543,0.1284648728319704,0.6617681466166883,0.14544322384787622,-0.5502543831882387,-0.4864000739845651,0.6680297270282396
-0.012702056723615601,0.05871094625006795,-0.41903564459245185,-0.03298775822213537,0.18027635210322956,0.024753556991957526,0.48882381993534696,-0.13333686672074505,-0.22824460819684478,-0.2540563248458851,0.7774705822864576,-0.619833291394793,-0.764904791620237,0.3978712560462756,-0.8294961937716261,0.8022920439937169,-0.16367459130672257,0.17789008312960708,0.6105332065843139,0.5836860807273307
0.039039234554361854,0.05333429712689983,0.07684142545334896,0.13108553562319092,0.020660083855255196,0.7141671994735065,0.0032628615227936093,0.006117489888199656,0.011766937173739889,0.22371768619094995,0.7225440723578807,0.8057914570047799,-0.07344882951996023,0.19332044455613984,0.991736602269117,0.3235488244067899,-0.6063021015422136,-0.22489787766678093,0.26418983882345404,0.25430096696189963
-0.011752772578803,-0.17084575996966328,0.09681532599036097,-0.0985674905440832,0.11611731791602198,-0.032771037404552894,0.5126805661511099,-0.0043035062758724485,-0.20507309925107664,-0.4600091626451874,-0.9338810440161542,-0.4420497033756354,0.5391890258093224,0.9656362775670304,-0.72757433268016,0.24100949140545946,0.09922742251771388,-0.3021467770697335,-0.4061147694714833,0.15685760639218382
-0.22388208511865582,-0.019763232539373198,-0.2687362879025327,-0.45148243089026513,0.08650276131240636,0.20510501185388386,0.15103822950992793,-0.4841821572286497,0.0038515208892087247,0.04847313875224377,0.4187938598043064,-0.5760784073842373,-0.06467569484184743,0.47574553057193825,-0.4042081430657356,-0.48399293756292683,-0.6150495372405196,-0.6738296308758382,-0.30261792778257646,0.7816210706775146
-0.07433771923647514,-0.09307495050096573,-0.04120921405955531,-0.04260416473212991,-0.22918216765547478,-0.5233648072272052,0.30154133679163636,0.22085474060710236,0.11233295403139781,-0.2012923372557226,-0.5054717537724549,-0.3047809601186444,0.18943059126913786,-0.7433589526800151,-0.564870391761334,-0.6705406694262297,0.6358214404983122,-0.06475577998697335,-0.547493639737854,-0.10574757801398738
0.43894563484467564,-0.09249337473913473,-0.2905368886049008,-0.3667610452504473,0.09293592213755276,0.33212908897463395,-0.2460478088932293,0.05278027196286806,0.10566782036341062,-0.002523236264971633,0.13694696385009508,-0.15780576447082173,-0.03567486184620816,0.5267046040911714,0.9169113851842388,-0.8740019620712127,0.7685325384950201,0.055228716300598,0.9787642953939244,-0.06091391499574117
-0.33848134338709057,-0.644874248284582,0.2024279213792604,-0.13339439928237704,0.11447752177821952,-0.007206300112260576,-0.08470287228015444,0.17195091927382095,-0.01260868077174479,0.024089685402058143,-0.46508343343715786,-0.9627123208487476,0.6457406127399066,0.7783931597562339,0.7079310508915988,0.8445863582552626,-0.38427923254419016,0.8650204348142272,0.17632137973104856,0.46171649408190074
0.026413145968471996,0.3426994127786727,0.07758907607926652,-0.5166580435455033,-0.11951760835788111,0.0030659784727818246,-0.08282198707738962,0.14924467288326226,0.49359031307359347,-0.008299675042299393,0.8795361192902666,0.9717840925593497,0.46066852097177646,-0.951060488449001,0.6474023918070093,0.6881136783439521,0.41324443572087466,-0.40472653426089433,-0.631194273606146,0.8460878142734103
0.1321779237514193,-0.1583130055759236,-0.21845223927910878,0.018375935520723752,0.10820420657167057,-0.0014721556652127071,0.2946352891441828,0.06194350408152778,0.5315182994552179,-0.25255628446371536,-0.010289074881045801,0.3915885931019778,-0.5681953454687625,-0.40215524536387015,-0.8860019641589802,-0.012874441990656127,0.9906894650683773,0.010884254081688693,-0.23274680589938335,0.466028484340568
0.3347965118400907,0.11851005665346098,0.13972205917429564,-0.011072385348897484,-0.05722753565701078,0.7473113642966339,0.04150379633711865,0.009477330354367153,0.22431522603638587,0.06975569687248606,-0.10968281503212074,-0.1804471182256402,-0.46277524199796294,-0.7900716734677464,0.22430336261769646,-0.19569569915913876,0.2198102437333116,-0.7222222733919665,-0.8549985446127426,0.9328594235200993
0.23354257893588148,-0.14279852766779744,0.15779755079113406,0.23608079934250814,0.04482590843548351,0.02562602460971436,0.42472156501918945,0.2729515671264702,0.14989942107725684,0.24557039027705607,-0.4443597579358187,-0.4937133056411729,0.6220545708537135,-0.19714067542962654,-0.22647632015094876,0.38918952921987726,0.012224815305180714,0.8598869352250231,0.4389045997756791,-0.8945046004922463
0.14378787830200962,-0.5948456961620774,0.11040968794466899,-0.07523914392493043,-0.31835749724326545,0.15287861908025835,0.029037690637376247,0.0005282048184871435,0.12486110426018887,0.1552678003738701,0.825338007293497,-0.8611194326519069,0.8489295924015399,0.07109495036155278,-0.39850554604519917,-0.9850047264843227,0.13408245372340333,0.9124882015975173,0.10179261219770241,0.9165404847712637
0.12955011990059506,0.30675761439181193,-0.23811112549033708,-0.21607106978097368,0.30613844119459,0.1071293613984527,-0.1738757034237274,0.5207332093219812,-0.2658452493512708,0.2756929218709444,-0.4976056320072668,-0.42058172876539635,-0.4334415946009855,-0.5914765660858721,-0.9319819002818759,0.7994267186713313,0.8685628234241711,-0.3237332060493088,-0.6456393609252635,-0.4222615092206654
-0.031772271320437306,0.32636447968628074,0.07918753272118696,-0.011069577709300994,0.013702763146070182,0.02866093460602746,-0.793001948886458,-0.27930691382447137,0.03206967592273752,-0.33240594043860294,-0.6801716671816209,0.3125556758052519,0.8218884153361978,0.18472472865988454,-0.611423749263124,-0.10813763074374738,-0.3536591280209622,0.2504746937588642,0.013374303880878013,-0.43493000113643165
0.020204858478869978,-0.13929058981212722,-0.2902320345193791,0.06652899520802537,-0.32083449449847823,-0.13335291365842689,0.012338191692365108,-0.24216543121640507,-0.0004555079403099488,-0.3429219189174747,-0.25803871348350516,-0.961149110024393,-0.8969312502027167,0.7897337244738563,-0.1329930333319278,-0.17171786919264598,-0.3828524537024298,-0.660172758716727,-0.8942731551142167,-0.9812358783298483
-0.016699518482366744,0.24356355692549236,-0.09104190432311728,0.11356285844800956,0.23333870777244448,-0.13436501564085335,0.3036174068607885,0.2302739156987273,0.5898317016189635,-0.004641088629540824,0.520616672403801,0.9343599673477674,-0.2375216684265733,-0.012800458402768777,-0.8387655571242636,0.7309760545783295,-0.9260760134861705,0.5018032460516555,-0.5714816314611213,-0.7389494851063345
-0.03822017707392479,-0.35257754204402586,-0.04335082274674196,-0.11638833124148579,0.3078837921660274,-0.4400884731473474,0.05128506784183018,0.16509567276830803,-0.054449535364867574,-0.3889430812241246,0.06337137838797657,-0.020373977294865675,0.6770371161998896,-0.0946381567761192,0.04478107179624069,-0.332050363401758,-0.8350195114089545,0.7559140920421199,-0.6122707490737642,-0.7472208779875396
0.029064963816216483,-0.6645350063809533,-0.32352648399800343,-0.02168376828406343,0.06898676351152053,0.06966245957867301,-0.07987969132871622,-0.035294169147044974,-0.2605539063674347,0.04744746772334199,-0.38144696212144913,-0.7066554500266047,-0.23961924970753024,0.06544342106457424,-0.7536419499587339,0.3532755984646505,0.8514595914776886,0.768159785403961,-0.3281500872743952,0.7947554930882055
0.07060199597661732,-0.58734982971495,-0.05436289888583652,0.1115790600333197,-0.1046612429839711,0.08587070423578222,-0.01336611796747647,-0.016525857888653198,0.015184563106340782,0.012740522878638489,0.054788998970684455,0.27448039896567744,-0.8543395283543502,0.3932109528120913,-0.5683763871738279,0.08191544478728718,-0.3529808726107784,-0.7345327413630278,0.5427185584693772,0.6261990509762021
-0.37580293165570866,0.06170030030573559,-0.28698967703178435,-0.017216384918125494,-0.3223716713945244,0.04141410504039034,-0.14563586027733522,0.018476345109896597,0.2506734892567464,-0.4340542896102895,0.41920812599915935,0.6991012682715962,-0.4340318956131237,-0.9543308459178474,-0.5996447985756006,0.1161558895364938,-0.6555256752732357,-0.6701803589056803,0.09670978568942967,0.10942782842695009
0.05114994280055332,0.24641478956063437,-0.03898315506485428,0.10041237134014402,-0.21219035591253416,0.19323292761272018,-0.2019167431276163,-0.02370507964160226,0.21621950447705504,-0.5852448360485534,-0.31472495950431,0.3187635666291069,0.25930422468849956,-0.5368216097198424,-0.8599675950400223,-0.06960722246757323,-0.5756944448058317,-0.8651783676347482,-0.7022872552376966,0.5677512765409509
0.29960763039804383,-0.10949768143505928,0.028625335901571153,-0.03609821698362617,-0.37765396902349013,-0.11931091428975882,0.40587789543700303,-0.010020978555667581,-0.18100563196618757,-0.17298054545769329,0.7460659743589508,-0.07261661123843322,-0.488185132754541,0.19970745705498083,-0.9226009192393254,0.06984576831343703,-0.33429345777979047,-0.21702841673998763,0.6056687194687405,0.6464127258958354
-0.3480799404338285,0.03483341928386932,-0.13784759195561547,-0.19628713940261244,0.02887340511504971,0.06636612781888174,-0.7811667418660927,-0.1741998404656922,-0.17753501174622122,-0.01626091973654556,-0.700367629529645,0.5338352362396466,0.6585634912848146,-0.3965700965355923,-0.5395826406792497,-0.7716394411777168,-0.9043897298891845,0.4490064836861809,0.05024581836399,0.4008463251958405
0.004362565767861669,0.30469137470813773,0.08508967077165708,0.0064828809256052815,0.24842920091421428,0.14902502138773804,0.05581824686038425,0.18909622053088404,-0.6031846308616063,-0.29641216110448043,-0.5279514707940682,0.7475098918404126,-0.24538353503896548,-0.483009866296906,0.028981241663234236,0.7292763776110824,-0.37548410827426526,0.7082205317244801,-0.5840004955557352,0.4227747108098896
-0.07351168300831332,-0.026901677167524694,-0.012343260415628787,-0.04950725196350601,0.05378220021218527,-0.12150675932332689,-0.726818665795458,0.1905607241633318,0.026976268340611283,0.19835638493049412,0.27243627738055,-0.661897149131113,0.0910572838869792,-0.1619374898661483,0.9326229943562752,0.7526254356864501,0.06730342458083416,-0.5503671867148481,-0.9972644253590668,0.19662962874477619
-0.25779731719519244,-0.3073334176031476,0.1274669105220514,-0.45958477560873645,-0.03610411961104481,0.03509381119518562,-0.014978688844379584,-0.2826973154796873,-0.36028544513967564,-0.03473430215340989,0.2223950135699957,-0.12474996095758573,-0.6849606254237055,0.9568259787305882,0.8792841447290112,0.8280955194349644,0.29391688860335785,-0.2272885788685468,0.1352268627389297,0.7125683474321527
-0.5686314539425079,-0.021241563154687823,-0.05639036930583219,-0.08826547197480017,0.00720849432662039,0.002566828272996627,0.3684032385693192,-0.15309965070983603,-0.18946298109573928,-0.011861205794048438,-0.01682023720551884,-0.8402777015493919,-0.19942043982323954,-0.3836346823352308,0.23160646590071643,0.6567793200601262,0.25385258953250767,-0.7421352708532791,0.49912392908353165,0.6550678056126096
0.022364081143217612,0.29368663397220984,-0.0037751435375247347,0.008382690794612483,0.025124538102485376,0.042881629924902076,0.4606998891264179,0.049048260097935004,0.48888003532972885,0.06190942511024507,-0.07309111049968453,0.6278867827834806,0.3489890558048776,0.255005861162501,0.6049705688562939,-0.4198874278961877,0.4352499710948474,0.4925005995027907,0.29915599920671476,0.8800435903045873
-0.051702137181032976,-0.050154475316231184,-0.02512003738111694,0.7287953497356902,0.20619536043431036,0.042948632743466025,0.0124029844202114,-0.003867207192612798,-0.08862780423013894,0.12659937976203275,-0.7430382485287397,-0.577588693262046,-0.10340608325544731,-0.4372220195055272,0.08658460102040011,0.6196513314749339,-0.3543720863181381,-0.160554432345833,0.1553616511217848,0.45391264815081933
-0.022168531758957832,-0.24821184347771888,0.07414309361836804,0.1845007373006078,-0.041722057802441204,-0.328196693040919,-0.18396001990171282,-0.2322300195952296,0.4383859933604731,0.01807870856656757,0.5286192208847955,0.5120191587358671,-0.0960271927171179,0.2717531862416178,0.9166521338040936,-0.07317720824373786,-0.9443537100998396,-0.870794410665537,-0.26215677987605357,0.06358121079527668
-0.03347842978814192,0.008531345605667776,-0.1457542467421909,-0.05607553844283017,0.5738497614194985,-0.014506877993865866,0.371994355219157,-0.014624162969464893,0.15369566595893794,-0.025740876408515773,0.22495778522569565,0.7102164917644866,0.4900032327149515,-0.17301887523422943,0.5834536687133032,0.11339607934303841,-0.4693151337752939,-0.90246252682715,0.06965320773402417,-0.8585767284064794
0.05994225555065161,0.08135753173085097,-0.5972048850832604,0.02430960264267007,0.1622745887622514,0.029408214499177892,-0.14779530815825392,-0.22267549837503914,0.033843076661828925,-0.2558583305725509,0.04377355564966545,0.40001856896694865,0.2383838937150362,0.05971853901122093,-0.8269323486857749,-0.37728740561371343,0.5717706455091611,-0.9742022205345426,0.35991293926963075,0.8973698866337256
0.004896529128102331,0.17696433009822043,-0.45572576127344583,-0.190837744706829,-0.2085497315787475,-0.21299527007457653,-0.023000509460314428,0.00723981339055918,0.10687221400054404,-0.12255332885529197,0.5452854389233068,0.14940987680482443,0.48630089345387995,0.0395928476784666,-0.661502033898355,0.2215813748507205,-0.38100045343282796,0.634813364305741,0.35098922071322636,0.1432801743990142
0.12497999623855,-0.0013314466796152413,-0.2948311330328436,-0.0002873063755430787,-0.8457646955307077,0.10045804013800269,0.005953547272026331,0.0012859670582145081,-0.023464947229616506,-0.011776213878260907,-0.3889806730752716,-0.5002757909067936,-0.036903197272940114,0.7034759257235772,-0.6372355223855672,-0.22304572375604748,-0.593667066116701,-0.8733951577388865,0.6210818038727404,0.18191761958634745
-0.25154376931777245,-0.28977289550016405,0.058672925025128345,-0.08418760075842394,0.0035524702863855527,-0.5767348462083153,-0.13257495222334487,0.2646648786495649,0.025901779333583452,0.27345559379054285,-0.506842583635384,0.05760946386807286,-0.17744054619743443,-0.14207909461768398,0.14290297132988727,0.21392379254604732,-0.5270933103448519,-0.0032691892449749904,-0.37934125599309154,0.25137783189828933
-0.2659621555829069,-0.05063558216342216,0.35547359496898134,-0.13630052745089172,0.011609836277863328,-0.08551216686244162,0.03734839630468513,-0.34686599220306313,0.10830556252402435,-0.1261497024009025,-0.601268781908286,0.5356455938191433,-0.9944772480911448,0.29623159207835403,0.028535318655905417,0.6789332456454336,-0.6351618078549404,0.2089266513267678,-0.45622595677145683,0.8546708623607653
0.027355982048253825,-0.7715015427816561,0.0945742312085992,0.010425878061807494,0.022055334771541715,0.05440053525788191,-0.008176818580038492,0.013166509911601246,0.296270536829707,0.21994875294798255,0.7118613619778293,0.7340350716758919,-0.34402131099978783,0.2913478498440496,0.48839661449973293,0.42619978146448756,-0.1924322127978404,-0.8128687483323349,0.13236119255894074,-0.02251682988360293
-0.7804700720952666,-0.0348693652405255,-0.03423724157576877,-0.021042001899152743,-0.41879900524332886,-0.016669289241961677,-0.06564417877380216,0.06716092766983443,0.05417911599210272,0.024291599125983068,-0.7220134978253596,-0.8356124408008176,-0.9909685261813512,0.6588873971049531,0.5482173635145116,0.0207073968868825,-0.4101401402926812,-0.6895204864122815,-0.4652498603495825,0.16442447214735134
0.31185769141063846,0.10258514290061638,-0.10721632855966329,-0.44187373554690246,0.08309738275713918,-0.10127133755781739,0.4729238193165929,-0.06631616341310564,0.14770646856308345,0.09547377251141559,-0.8102409624603937,-0.7677934025505666,0.8935764031284816,-0.716035949374616,0.614574589507372,-0.4891189506571907,0.15018511843913673,0.33238506366958,0.2453187560579042,0.7562161242690026
0.4771723529337386,0.12229259492323041,-0.046109342631619255,0.009966957434601714,0.7096252744013057,0.10932357421760527,0.159764179360653,-0.11993013288511593,0.023332111056682314,-0.07149130706999172,0.5085788963635045,-0.7821036054700032,0.8254470438823986,0.3824726986286444,-0.6385842952939516,0.41025689065208515,0.7190512273737575,0.24124095016134994,-0.4255142425383549,0.23053968533198987
-0.11570359952596743,0.03606637731663449,0.13514865852328287,0.13018911784690532,0.05406219037021142,0.1547267956494321,0.6537931455760047,-0.07600661487251247,0.03085244144826998,-0.18548559961497063,0.8093809495578337,-0.21706828257554944,-0.329740544835994,0.14573330008708263,0.06279611596193546,-0.22089373089680486,-0.10184201563359663,0.218348418987514,0.010401133106199723,0.4370222287327077
0.06260272826632568,-0.24359310475996154,-0.02490519935370536,0.15979658948707892,-0.14190143104249087,-0.01065584061666175,-0.04670583922884124,0.34090467707040883,-0.036635040306624275,0.48101969269694334,-0.33733437953163303,-0.8570540178718493,0.4653722699811378,0.701308273410775,-0.4087689479514103,-0.9388127810419167,-0.8161802005734617,-0.4328700886311476,-0.7847276096829792,-0.0001740741761682152
0.04794138290399551,-0.23301498936905043,0.2379357641331391,-0.029030843771704985,0.24198113756884965,-0.21029801869336587,-0.06273335331660934,-0.7376087794732938,-0.09226478009724687,-0.08667446842870384,-0.9498696585285997,-0.507645443116223,-0.8419212941612866,0.3695390114545898,0.5747878360427088,-0.01862615886741481,0.3846369543664252,-0.5881134376243207,0.12376151391955537,-0.6531769996611831
0.03808162511542511,0.38438875731819655,-0.2022688498715998,-0.02867328702851803,-0.021324997223298323,-0.2914270631096563,-0.00847439740110241,0.11826149817360765,0.2610610753949638,0.0019890483267738512,0.7819574926563808,-0.6181124318200393,-0.8582004908827978,-0.2990566856038466,-0.397162123252339,-0.33276801213103924,0.9888371391744788,0.9836995689243893,0.3916598681918766,0.4781546533158596
-0.4135504344135841,-0.13537057002881037,-0.00027052770039710794,-0.06396620410679475,-0.1277080505580067,0.2293203590104701,0.002711185209337136,-0.46960778775120715,0.24235830766195596,-0.02752616446205458,-0.9726860339573038,-0.050483808592667545,-0.5900654501391076,0.1036241616842688,-0.7935391437544717,-0.24311787232416626,-0.9895980125481436,0.5669563939660343,0.24878720517812591,-0.9342588189214673
0.0041192727972829205,-0.008259731603879342,0.04520018791449623,-0.0031927762256679483,-0.42316625037374217,-0.13776316164422095,-0.40532195524617176,0.1460780809704151,-0.005166871155191183,-0.006532315779359714,-0.703735602763274,0.4220170327952215,-0.21047954949678194,0.20204342823788446,-0.2117771513215856,-0.2772734208581584,0.96108138777583,-0.07635845708235767,0.7700802021797282,0.9936633866628048
-0.087736115300782,-0.04726974883571618,-0.22342694885307263,-0.08316306273687979,-0.056275285591404454,-0.133360771914489,0.5362964783661569,0.15999817635380048,0.2569081525464893,0.3782952072517137,-0.08504154683642029,0.30082865214665455,0.6652829592602592,-0.7474350667999987,-0.7808085207151199,-0.7075302959274046,-0.804364245611686,-0.4338828656579101,0.8105734481210114,-0.6893685044604936
-0.28243698927535577,0.7750661889562974,0.06051872159174136,-0.017582326459251882,-0.021202354549137086,0.16828357242878775,0.09957108305999518,-0.00249389055392657,0.026623230008195956,-0.02206850391913734,0.750805567971575,0.5898355144400285,0.3425691967196929,-0.7108578592486687,0.30465615622854325,-0.7748835398697673,0.9684410464166804,-0.5041591773386906,0.08246131685639235,-0.07591824456567897
0.07884809343432088,0.13088750252356995,-0.031244537266001456,0.16573845387575908,0.16106507919337243,0.8330953115530271,-0.08962165850502972,0.02379192009319514,-0.21760392975224846,0.1240007483702889,-0.513957521075249,-0.7069661113624532,0.23615007754537398,0.133923168021294,-0.06953608948449252,-0.3917892402017771,0.7144773464562939,-0.23854484003840737,-0.1664578946350872,-0.9453750171337583
-0.5874767587267433,-0.03440322908341309,0.04199612487898041,0.12613743551270273,0.0172500947336849,0.17783667853352347,-0.04134993597894898,0.3345504177785342,0.037639396919674994,0.03506393583779121,0.899901629446233,-0.3310094869682483,0.5280064610073514,0.7833430626877163,-0.6175200270847672,0.38632737943766426,0.0044456849716871805,0.47216203685019664,-0.46856520040882343,-0.5451526787901249
-0.5454530297573276,-0.08564256955944866,-0.2815048681609335,0.004755645937070041,0.09542494944333929,0.04789411224500263,0.004738375668015762,-0.1832841159684947,0.023840669067716536,0.007634538285980213,-0.07160483038890963,-0.6434646234314942,-0.801594712607338,-0.8962086616841223,0.5250834405887228,-0.5024777207943576,0.8923775942485828,-0.7380176845888335,-0.12678276168068048,-0.15725342784845542
0.017573121230586557,-0.6385366980001564,0.06566351186416115,-0.004548883664961534,-0.01524272011951228,0.1276736344318214,0.03092362452411876,0.01921683916504803,0.384561895447772,-0.08997031425203664,0.8238251407765196,-0.641878591857578,0.293680434176095,-0.7680415586184921,-0.7192418120572317,-0.5320473798658092,-0.7522628079815139,0.031237111938706486,0.8146653330576676,0.14493445131283478
0.043362704618383346,0.40718595800005114,-0.04044381337832384,0.056474625306629486,0.23771979093261641,0.04928402632658138,0.6329595951269423,-0.01900637065881243,0.02694154432827839,-0.18111883630556025,-0.09745548649559499,0.4520799812408083,-0.6975071793390659,-0.6217953337003652,-0.9595498251226418,-0.943181392692356,0.9756134353702026,0.29634690398064945,-0.7957574990824734,-0.7206240982365599
-0.48951673099288984,0.039206965123710906,-0.004366622410010181,0.12489110558752806,0.16610198966570427,-0.01999213169118076,0.48145231041290804,-0.17928929302914287,-0.2017933543960009,-0.19008618767144456,-0.867967957080318,0.019817169189316752,-0.12609198030536417,0.5912470702240995,0.35475226769274015,0.3503493630290071,-0.7294574687101829,-0.6908301846442184,-0.8352739195998378,0.47638191103255845
0.06343736725084688,0.8057294701364796,0.24458262215255733,-0.002068103723874899,-0.027953635512562358,0.13632101541336517,0.09232355250237978,0.06241652321199844,-0.010771449042210559,0.026098387779907004,-0.1359324792507126,0.5833266925325082,-0.540631967222033,0.80208319048789,-0.6837113671480186,0.15448084867867706,-0.9506763068196031,0.5626718398667327,-0.47602175657592594,-0.3550583048136746
0.4456499951831103,0.04400600195458728,0.004249039335919964,-0.19071523606180185,0.08666871230293673,-0.003275556586412039,0.47722418302447944,-0.0022085710773871556,0.008844540622758686,-0.20177111307324783,0.1527659600302964,-0.1236690550716828,-0.10244366005899774,-0.10857724955613723,-0.3053352515434542,0.13780565391455402,0.48391052041563176,0.16371480171643316,-0.49183970272231914,0.05330784639347863
0.36784742530673264,0.060884909943783996,0.044578269242348284,-0.3994643020852825,-0.09353384074286684,0.04328400538456145,0.02653562593859926,0.25626774311376666,0.5875138484244335,0.07460078788499999,-0.9312732983946297,0.3955696929270218,-0.7040304734760914,-0.19779807119238724,0.17677345709329062,-0.22572225628792308,0.49820349820910037,0.2322902364428816,0.9376307352054705,-0.35620294492577065
-0.07132758351037459,0.251216315568875,-0.026882773136540583,-0.18624968536865782,0.4528342839184616,-0.34186084564080066,0.015332489845008165,-0.2560351012906479,-0.04040015438341503,0.08969863882917445,0.9647577060814247,0.04812701255994978,0.6189904910272224,0.07222525302833671,0.06930872784742537,0.2309271790861549,0.875421796228611,-0.575524899290184,-0.7324020617724645,-0.40704091186867575
-0.03957815507271539,-0.014352491192217195,-0.23250482986443635,-0.5446603637798236,-0.5017333738442062,-0.0019995197879499114,-0.0924015832048895,-0.002823321464535195,-0.08565587831041868,-0.17793804602296578,0.21179623069832632,-0.6093902088376293,-0.44286322546952794,-0.978004112435841,0.9407918012935408,-0.16142879676835387,0.34046784115441553,0.17953491853928005,-0.7052289688672864,-0.36166928971426704
0.07050005727746061,0.21626789854271633,0.6567014751246772,0.17355890188475598,0.058556594131832646,0.39302208833904495,-0.03965776040849167,0.01463262741994995,0.1265635306754248,0.039303459541473754,-0.2784955492664296,-0.390115559299135,0.39678384683535417,-0.015310376700105488,-0.35633172539352187,-0.4127187232745295,-0.8066371748814876,-0.9627436589347602,0.5826220669295052,0.09349547504859568
0.10015730327950897,0.3386021090277908,0.13209882274050577,0.02539109350091407,0.15239898420781875,-0.012022144270089824,0.14965780930309372,-0.1866695157950357,-0.18426288251674683,-0.6501291224113921,0.7017675041103559,-0.8903712018847862,0.9034699733538767,0.6833183888398251,0.7106853466318936,0.5922756506512135,0.4735687187423776,0.6055313649927778,-0.378847509183851,-0.1795253561162169
-0.09159125844453482,-0.230566572030255,0.5348876333575683,0.01960076391767132,0.20238482034570127,0.17891760911459692,0.19359840432913017,0.10809958739982586,0.4052900035755445,-0.16636687059428135,-0.7404801582660854,0.5886032522194471,-0.6994155827620365,-0.5025449766621564,-0.4091403344761504,-0.20285789615641203,0.9616238431018287,-0.8988933061834998,-0.4748320843445921,-0.3717576732000283
0.07567277973207112,-0.30114248653748943,0.0890258947374893,-0.03179084394073455,-0.14700961446211253,-0.04792795818780221,-0.08344762356957099,0.07324883289816314,0.5284727220150438,0.023017528133108964,-0.03496535498343478,0.1473106915821174,0.09586395053620289,0.3949878953976351,0.361400940047264,-0.6296888500320379,0.49716791979883923,-0.18725066725434147,-0.8001999725526163,-0.9496984840329357
0.12362278443317032,-0.09486560092404189,0.09990802042152942,0.549767811034158,-0.38817153634082746,0.02012577550385314,-0.071223712095043,0.021875803000258445,-0.07049303309884103,-0.19052881372676658,0.8303075890914646,0.276914117554935,-0.9832622565066993,-0.5871241348298493,0.5054917686931337,0.35001027921436423,-0.47708683936018303,-0.611659295498447,-0.5693934490557686,-0.6239205672656662
-0.05609418660299041,0.047466323418705825,0.6551141350163104,-0.014503164938369145,0.025301931530374994,0.3127420674678215,0.398829874295455,-0.10119423209258399,-0.06965407259739212,-0.17338589957774442,-0.21139443944019987,0.7530017534505462,-0.741327244754364,0.7749317924414272,-0.8291700465090859,0.2597767709991925,0.6088692366677182,0.2818948377906034,0.35101953046717904,0.4049183771799667
-0.029914174554611317,-0.04938600518402654,0.09862046913954209,-0.6478270535437596,0.0490923760996788,0.46058449103698673,0.18381156171128132,-0.09232573349154849,0.11312105989635368,0.0803264614520531,-0.7910506287959618,-0.2805260932954492,0.9263286762795349,-0.01403468033391908,-0.009427567780191382,-0.03034084676372384,0.9718540092052117,-0.5569834095844979,0.6659462408363523,-0.6288214770633147
-0.03725658335557208,0.4022346718747663,-0.122452622752493,0.05507376515584292,0.06147174414059253,0.02338205345832861,0.3022183734030751,-0.2759861390142213,0.11827765604372181,0.5401836478325243,-0.22851421163222674,-0.6639125575782165,-0.3351673260741046,-0.609729064356304,0.07610887654479503,0.006038736427491864,0.3681533492215694,-0.36368680356849215,-0.9529517836376467,-0.24167442638275838
0.2565536302492702,-0.1543153294880912,-0.4302524489860502,-0.056977212806954586,0.0008452610146950923,0.08493746475348152,0.1514759406933383,0.6035340773127038,0.11525610494756838,-0.1837858278320505,-0.6294607985641247,-0.4911656904121866,0.3397257954630839,-0.8318028867271652,-0.10651541488888805,0.6697403279234166,-0.44857950570953076,0.9864719323905402,-0.2035623623747671,-0.6937854785575812
0.18653467448654448,0.31767279242422264,0.07930736719854348,0.16544598053625442,0.08987581952116258,0.2540726169042006,-0.6907248786417945,0.0023337917143485404,0.006270453403769902,-0.4182118755906219,-0.6042476456356063,0.17676066629103238,-0.02475197077390301,0.16448773881155554,-0.46500549202471664,0.09308683377662375,0.14272077295663665,-0.7089329300226939,0.21530297874013593,0.6571969838939593
0.08819612473679816,-0.3053338670269955,-0.18933133699629826,0.0036393991388400243,-0.6186200285355928,0.07979654878219627,-0.14089052590263626,-0.21098366704116722,-0.008947912762584172,-0.16993321141551176,-0.1380669239569381,-0.8683022634274213,-0.008820329247102299,-0.8459325055480416,0.11454378830063616,0.3842755238700799,-0.05615475244969348,0.04255123948369621,0.01890838328592981,0.9862272788701645
-0.1728249754338989,0.03490547958706891,-0.009578296992066873,0.055310564356056316,0.5667523259989122,-0.009319876138983552,-0.1967433155263142,0.16496294856679353,-0.44288591127074256,0.3939208202383342,-0.28282001879490126,-0.9244498914084514,0.620238711331436,0.1864928849001577,0.8541492487517646,0.42927385425581943,0.14637186109527756,-0.7528472568292146,0.004029919559943584,-0.33584829265772287
0.3156632949433059,0.043060398905303277,0.11369302790050703,-0.1361868383858049,0.20876120404692394,-0.20167788708908924,-0.20913367943594813,-0.02823832460468223,0.5370298815965057,0.2540062309954412,-0.0864347255370237,0.23620382823601282,0.4882840575162093,0.7702455706318816,0.9079519159601059,-0.33087710082042965,0.9670675307457663,-0.9074364228051333,-0.45171099877786935,0.34126004967510326
0.028309435673744873,-0.02769365077389461,0.019265353537865567,-0.1368109034197866,0.21026034247381573,0.11571440870761841,0.15371207632701342,-0.00331296488125174,0.2033640659376185,-0.673440830365433,-0.28030989525805516,-0.8171474910138294,0.12811176852552886,-0.6707346740428677,0.39170510812839865,0.22751900329634767,-0.17210779407705123,-0.4245133409430777,0.08296512487826502,0.5291755872417268
0.08746362177990691,-0.1531942885427549,0.1241025664671152,0.08444033142310942,-0.04884477091140982,0.632850090463025,0.11166439448421958,-0.46196499099125543,0.09146930068762063,0.09303347285273494,-0.13443017464297347,0.3746010123853698,-0.5443166328783866,0.742307453172651,0.38236041133345955,0.9740483452805442,0.6606790964830533,-0.7919039977483486,-0.5740648860494206,0.9960937210838241
0.21968067823373827,0.22003748135951468,0.10401122341261299,-0.4250226530429996,-0.305651467206115,0.08425804363567335,-0.16614762371239844,0.5254605301558918,0.04951148032994748,-0.15124588943189374,0.6107432639715136,0.8486188779894519,-0.43329390910454113,0.3829640607039455,-0.30119042960122666,-0.5835953348038905,-0.5989189585824739,-0.2900634390321064,-0.0728946898089633,-0.43217654962309093
-0.03077963710887094,-0.29275302536132697,-0.17074811634161138,0.2990293395258493,-0.2150482006130532,0.16771393662436268,0.04431159283399383,0.49226150495938936,-0.1348791450654936,-0.09106852551658504,-0.5038358617899443,-0.8574010936534442,0.452275423095583,-0.8153190596409217,0.3026574121272507,0.47764274478399704,-0.23435297255135468,0.03987150971830955,-0.7405565962144636,0.5761276805035473
-0.11531383428194761,0.02482579630124952,-0.7144160341532982,-0.14648852517127395,0.3090272026537699,0.021392181439027373,-0.021449512611337804,0.27620114752128333,0.029468105401599165,0.02801024068861324,-0.22516066300030757,0.35296607987645845,-0.03441232153224161,0.46829689915321526,0.3957214640616973,0.7710437096689273,-0.9506302044140078,0.19311840407557623,0.5127057166608875,0.9721960214705172
0.2967830831184811,0.0371558014052676,0.19220452355656192,0.12565597310697407,-0.08605309848038517,0.3292350213290728,0.036921147881422554,0.5548008024108246,-0.32508123144483964,0.23629103697838066,-0.13158433843760786,-0.37144872722577116,-0.00043816553584896667,0.3864441311490341,0.615734004664084,-0.974671232051201,0.18652658694434354,-0.09948833899183751,-0.8310833070447148,-0.8630317324474186
-0.12633903227753276,0.09121758796563255,-0.26830439970053577,-0.03529618381571796,0.005895259754891246,0.13986876604056853,0.5447053588963999,-0.08755210360959684,-0.01641283777769973,0.3982288602018209,-0.2006239264901888,0.7141264102612666,0.34938781596428203,0.49453126089593735,0.7910142844793553,-0.8967535993964368,0.42103765209253985,-0.774868829045275,0.6896787083870084,0.6554051026394203
0.1418470284657778,0.2343496799643126,0.6637534171494698,-0.1476158136558221,0.3112721340861767,0.05031985987304667,-0.0684448573722849,-0.2706047771914212,-0.03681296792384062,0.044416252783058,0.8516764680107212,-0.927502770830291,-0.9777911727507169,-0.3050213507837112,0.01331324803229994,0.2570238958269466,0.23399548027659134,-0.9337376002278606,0.8440559997837951,0.126536222058806
-0.07640218199233328,0.5771375725361183,-0.564465386893534,-0.04740762535742217,-0.027993230137946593,0.02763873534353571,0.01218985300667775,0.18494265820317773,-0.10837523115010449,0.062332907180162246,-0.8641428717616539,-0.9582702562103862,0.8401069761869333,-0.011663588607224273,-0.2844894408579788,0.9791180132193558,-0.8022978009648905,-0.5876235262904441,0.6754138058566299,0.5397491524061926
0.495063409734408,0.054527752399630744,0.085021539157071,-0.06510813809518487,0.24856613892022378,0.08961300372744554,-0.2809225115400527,0.38436890238120336,-0.2947188625646617,-0.1444358526561628,0.34934939814205634,-0.8564615914445031,0.10814298383581855,-0.7977998109692706,-0.5636979399124582,0.5592532833974393,-0.8332752361791955,-0.39112937910330836,0.3456285462404931,0.48838659354417713
-0.08664335428238859,0.04583692045544206,-0.11890434338812894,0.7171710718482799,-0.09699809696879225,-0.14330760306234508,0.03928038586517757,-0.12108272314375246,0.0308833606830817,-0.2395740284467925,-0.5465774698268937,-0.5162749340631505,0.8891689954116491,-0.08901131814416363,0.41017403729286306,-0.0999333102071498,-0.2840598793917031,0.6172139943923161,-0.2664811429358991,-0.32196167108898543
0.010159022756614275,0.22546251829694441,0.6035020241336662,-0.412684152318463,-0.0011564523285072792,0.015358473936244954,-0.10258820133618443,-0.020155989363327555,-0.09082099277058449,0.371220455592015,-0.47508279877688486,-0.7947876910615028,-0.4111086687843959,0.7935286479121046,-0.08355408788079233,-0.2518347400283596,-0.3237979018693917,-0.7448265688137272,-0.2976218277427989,0.013029058154466977
0.03537552605665622,-0.2594509861611868,0.5006180557316571,0.06412914533950662,-0.2760453854924537,0.06473523244235953,0.07242955701842754,0.5168156305048742,-0.09719516453010282,-0.04740684146568458,-0.6508342580609476,0.8397417827256728,0.21244674293489885,-0.18893602642114682,0.011002854556500408,0.8731391388988876,0.37102180563671716,0.7021261499040117,-0.7791761634967991,0.7434691147065164
-0.33831702080632353,-0.19210789481639898,0.3686072342910396,-0.3063944493985086,0.42039952058787766,-0.031030234024577608,-0.04087482677860432,0.20173205268737554,0.13498493128632286,0.23580584237045243,-0.8600366932050325,-0.8980585910896579,-0.36280412992909894,-0.6560399757051598,-0.7593411607987723,0.5914763249763839,-0.49766155019624225,-0.45439572066208367,0.7407147937972884,0.014235109914786603
-0.4595505139429329,0.06153476376872202,-0.22572052542432508,0.0008948178072771817,0.19615217530000556,-0.18492255439795185,0.46553222176020115,0.07719999289231247,0.17440593669624538,-0.11782726572680494,0.1054963571714922,-0.856617106980958,-0.23879700501231826,0.1582587611188082,-0.7762133535461093,0.8701272956308692,0.3473428618362129,-0.6429112591571382,-0.8199513686963,0.12286761453801853
-0.14971883735451283,-0.19166942258503644,0.06041633550806946,-0.14716295307920169,0.46974087578723767,-0.19241982473418065,-0.3909263821042225,0.30605462139164497,-0.011647496370512794,0.14237265902228535,0.08398415520474112,0.6828838447530314,-0.7213739877269401,-0.2782943802033788,-0.8257659616768642,-0.8771072587821795,-0.36395693631834125,0.5166034833092872,0.20817144105926677,0.8851052824365946
-0.13398428705170573,0.5410980742426245,0.04901773976548801,0.15438039597648437,0.15131163531548641,-0.08248498352464233,0.10763787649078788,-0.17700407432934448,-0.03395813877850101,-0.30519534008395577,0.9220350922044884,0.7947083441919229,-0.588346271053922,-0.43173435727465614,-0.789424046918833,-0.012619890782718857,-0.9077479766636056,-0.5339698569835658,-0.4676775801189399,-0.369994446449434
0.00678799115153667,-0.7673818865623476,0.14942305889947474,0.022506516890355606,-0.14082732677771315,0.04247348283792411,-0.004226543330979209,-0.10363510281497401,0.2874668308348067,-0.11015595213057201,0.2368444048031304,-0.041416669173665266,0.9920458865086892,-0.999661096179465,0.6767907460382232,-0.3650340350585237,0.9356771301560962,0.6650083945425487,0.8056991604287398,-0.09287407643382961
0.7048777541548965,-0.1170784051595875,-0.066577888887838,-0.09178024313736181,0.1798114499872826,0.05145100102702416,0.136321317857048,0.04311416543254487,-0.1717944077562174,-0.11018145073418202,-0.21345374232628633,-0.6554271926572537,0.268157389273052,0.5651018916592823,-0.19402609553343653,0.06842440322066112,-0.55068677335845,0.5304786358054439,-0.4170070914814312,-0.18855546760651176
0.0023915536928241776,0.15665986375223384,-0.29565537456027274,-0.003941393901544337,-0.013791723556242894,-0.5074589709076794,0.010316686972428157,0.2277067726266946,-0.4066517480221336,-0.32443442798221894,0.846023426997595,0.3247496468760205,0.8110107790447956,0.2987498916610829,-0.6658615042759137,-0.33081605701581207,-0.606081951217974,0.8832661530539969,0.8345969725549196,-0.6341782733630918
-0.25530905639771007,0.14513257176668945,0.6906587978366522,-0.20980694123780572,-0.13662026656440387,-0.11901403184120868,-0.075449488667202,-0.0380790884860511,-0.08236897777667324,-0.22247420866294734,-0.28958199280159946,-0.8901420010270307,-0.2573227394308848,-0.5115737807712275,-0.0008227469818022914,0.9178768376624156,-0.9194092344062121,-0.1720926491794319,0.9661637152550182,-0.9263299143750885
-0.28650813549268045,0.541967199772066,0.01019234472785227,-0.2545149306147123,0.23982017111588305,0.08187083393766194,0.09762654332302365,-0.2640425077596734,0.31019074328302515,-0.019458509362213328,0.18478805432273626,-0.24734378803223556,0.6799159387299227,-0.5315607616327775,0.6736238014251659,-0.9792013631291596,-0.8360744730131169,-0.09330015941018033,-0.7972529383359439,0.5318653030392133
-0.0419980678323644,-0.0610682126387771,-0.2051896968278265,-0.07130343179483876,0.05854240400656208,-0.42800002946223875,0.38288885015923113,-0.022470026104418908,0.13617538454406264,0.06757579760974361,0.16535054776083258,-0.583428119661064,0.5256821513863319,0.9656360730914215,-0.769897528311543,0.801882596021942,0.6340188278927026,-0.18155308163389727,0.48078655633292566,-0.6862535859252015
-0.03785161750588731,0.8278675176250733,0.17614028686479277,-0.021332152185092323,0.03391781722190661,-0.025539277002397227,-0.10295295911338767,-0.08024222910029741,0.03481557556286413,-0.04936098484937488,0.17510774985204836,0.3693097202972886,0.13264804461499002,0.4806540970348372,0.5372119784785752,-0.3331367953887454,0.8664334150640611,-0.4060234645512566,-0.353414087003336,-0.8547883584910125
0.10898523210523259,0.194491532838021,-0.19658828894613048,-0.024724886771827978,-0.4587815940767006,-0.030162159882629942,0.10810716422740071,-0.0005775517372483274,-0.4919952438505892,-0.005808383975792097,0.9053951407312602,-0.3246245468029698,0.9235116469069866,-0.9281030438598421,-0.8282909654422352,-0.6061875570728221,-0.753198275170996,-0.5118989248843921,0.018074864486548936,0.7149462615688158
-0.6713126819882442,-0.21099200659785222,0.08042442464277572,-0.033732858973469934,-0.0061912771823289525,0.03115301108396551,0.010032494196729719,0.4896947954557129,0.035701363006129465,-0.016697652335246286,0.635947132086806,0.6315280888992121,0.36697761718896205,0.7050747367598678,-0.44516323938164937,0.8526057012449391,-0.17579542625593203,-0.9494515847371232,-0.05813432610353475,-0.5807313330508646
-0.38370688113002427,-0.08490185000524675,-0.0332703584671952,0.040423494617902705,0.3986240043782171,-0.03125174353816529,0.37594107640480523,0.08142038241178834,0.07322802533995676,0.027045957635907114,0.850466562264067,0.8744671139153657,0.22526869181560194,0.6377535431244503,0.7573342568226857,-0.10815746955267569,-0.9856359688574112,0.4682487765329233,0.5934930827439977,-0.7470628894161699
0.24084732227001285,0.2882787994761713,0.014232850205111336,-0.047364350837400315,-0.022646505732581756,0.6964870523952826,-0.340786619773483,-0.25110818727546314,0.05164495010702108,-0.07827843040044768,-0.7502554134107937,0.6633457991440885,-0.3917931936315988,0.9237180787523918,-0.4881005573143071,0.006674339840709642,0.9450891863161244,0.7424255348438213,-0.6878252669381053,0.26838983971643393
0.15293088166085925,-0.23597735668625014,0.0709022679578507,0.08218487734391455,-0.25367389701068394,0.012799088207355609,0.16140169737208165,0.06502822649018442,-0.7042007998941677,-0.029833650623935115,0.2651609870227536,0.16532667087980846,0.3708025927946321,-0.681480145371165,-0.04659361085775826,0.7250661853635496,-0.03204487782276133,-0.9483535881627911,-0.26576525212954283,-0.20025745873112255
0.07973391394940244,0.068553500647646,-0.677389704656506,-0.17777137701179707,-0.07070435385939614,0.017062595047388714,0.26901850681520967,-0.14564910656856736,-0.10480738346673636,0.02192536344211092,0.8707299979764329,0.06842628811430918,-0.4936414845005639,-0.3341252635616394,0.8822316080240866,-0.4151259370400453,0.5666614463050901,-0.321922834463771,-0.036819411450423,0.6603968929840933
0.06173194790289695,0.21076120049425418,-0.18089513438163626,0.015055115297657462,-0.052899689518456486,0.2555048696953095,0.0866560386883105,-0.02079778562154741,0.00011196321618174576,0.621407398406294,0.5017239117135386,0.11976762388143114,0.5340235401818312,-0.8233545228967782,-0.8520544596529769,-0.9827034601381797,-0.5615315353371746,0.9643709678252117,0.35443149153002285,-0.09217803827209092
-0.288200197160922,0.1566359412946749,0.0059112128187324975,0.03537555527684322,0.09107118854713603,-0.3021323261815644,-0.15599603548134758,0.664079150221173,0.2955363949538232,0.019593627212056763,0.222646188616479,0.7729996018134115,0.7322689108070617,0.6461873223311199,-0.3210258391956773,0.07076353451564099,0.7772664425347606,-0.08769284414408496,-0.30867056017304884,-0.2431994949683658
0.09451515285920882,0.016220680903155794,0.7469649428794009,-0.18376545255848326,0.04032838688734622,0.1259221304647565,-0.08846280689235073,0.030817215833540468,-0.20080822362261982,-0.20380342598908685,-0.9426063680409607,0.2968332406447245,-0.5267953136292203,-0.46226513560917515,-0.7653721558303683,-0.10751822207285255,-0.9660059765834605,-0.5449098351496746,0.15741435345438926,-0.7792427770583907
-0.17690038195304114,0.0017729682240192404,-0.45255107446675735,-0.0439804473590379,0.10219964439944068,0.1377423232685724,0.022815658671636707,-0.4823392916200267,-0.2571758984740504,-0.0199726370945964,-0.49677519370844325,-0.1199467108299066,-0.7374900927973211,0.003998707318616512,-0.583600234770274,-0.40655817462279953,0.8715963540887139,0.5244711851296129,0.64352149696222,-0.62877163919671
0.359822161481786,0.1987727750649989,-0.2751714126083162,-0.05865843060532139,0.4083595786128539,0.16464641559162918,-0.033300488241013726,-0.23637267296817316,0.1867924674471283,-0.13847256469010313,0.12176095732237768,0.5865393441526394,0.12313786428853168,0.6369304639719906,0.999694691386978,0.8231909180006196,0.6386924563191232,-0.3207918910812766,0.48367103729453653,-0.5546583886657921
-0.02413402082525743,0.1286413646001523,0.024727898368840887,-0.010615668555707457,-0.0013318211201125184,0.07844368212949616,-0.12333816665017587,0.0385399731870892,-0.0054239163223852895,0.8152559083610765,0.7190365565955328,-0.10823816795213137,-0.13584060009113963,-0.44836627446321287,-0.44169716325000397,-0.7835291628487204,0.7136176381429724,-0.9037727809931531,-0.9937981409487302,-0.2450280604464068
-0.15450373982330376,0.06413563364773689,0.6522765905158481,-0.18762385891400618,0.09295904158695457,0.3180694521812365,-0.04603471874412582,0.20869840797689,0.22053969600089152,0.005466236703051842,0.9122585198540747,0.8788883247932384,-0.7830586985226908,0.9016407636670178,-0.6265286528803076,-0.6044676829549649,0.26988636784804365,-0.8066634863201998,0.04585406445387763,0.5156460723264207
0.0631900812720601,0.549854647341999,-0.2125722960650995,0.20121134520561823,0.21822532156986332,0.453894669477696,-0.10099391541871636,-0.07799691132072128,-0.005346386623831102,0.009993930356549002,-0.3508835225110014,-0.9416412293368546,0.7036304599145751,-0.9326375257780319,0.31532075039703966,0.520180655520011,0.8584277794625652,-0.33863995980762707,0.8731530474997222,0.34530514780280597
-0.10862084860327292,-0.02908795322801997,-0.0047967446088806355,-0.04350021202994993,0.16414058261964962,-0.5457117223683433,0.34845379013477296,-0.2148006025354809,0.032508230348995915,-0.12211370547278287,-0.007285466267101803,0.5342793963424903,-0.5382275421741065,0.15422292139714644,-0.5382717117361844,0.44413614075276064,-0.4682399820224783,0.061603915673714704,0.18887620083803403,-0.44121534733551826
-0.045586186806267984,-0.41063649795449825,0.28398967121838237,-0.10591566222080678,0.20939122770126734,-0.0927271752860499,-0.20198223920760594,0.010386051285542208,0.2325788961989661,-0.22229028615195623,0.5353683685078705,0.978664460352602,-0.8592862702976625,0.36038224565242927,-0.6778147561867423,0.28528886216141913,0.5469467840740809,-0.576706459289015,0.9116428383618354,0.828478001679193
-0.02594857902013209,-0.12028300236158407,-0.3582099214881957,-0.06204355686900967,0.17572547914367545,-0.3265112005373805,0.05187535191421139,-0.25109680756302416,-0.3199073750658736,-0.43735468821036005,0.3529534724832526,-0.04458407607238435,-0.928631609875936,-0.7053781359147946,-0.7891914412963645,0.6858991592590635,-0.9718358736809309,0.054649283026693585,0.896813412186845,0.2844506360760677
0.4076592067735034,-0.22676802610297975,-0.09113635523537184,0.145637858045245,-0.09381922562944423,0.08951655393569574,-0.1577467547374785,0.3118303758465498,0.0927469282518327,0.13547246051944262,0.09296233957284028,-0.49445718099734814,-0.5411348448008408,-0.6108220408058134,0.9447919066770976,0.6608697876500107,-0.2102438685850101,-0.8860505847255498,-0.3428812944901336,-0.17152462534387092
-0.004952058503890092,-0.2189006117433697,0.1396469097791136,0.03702259472567157,0.6549900688423402,-0.19613841620721484,-0.10231715776867048,0.16428877665553682,0.04059582260885234,0.044131262066299165,-0.9355810240981182,-0.672313597391047,-0.47358954166743983,0.36143923951509116,-0.2884060280847931,-0.9259392440832026,-0.7346915041890565,0.38264679472574414,-0.28761521038073723,0.6003594352666564
-0.4205692550392235,0.3315798098393771,0.16621603764479712,-0.4233865607148531,-0.08018463604356224,-0.14016815095017154,-0.42153385276462046,-0.23431074027110094,-0.01599385697182351,0.08864230852043731,-0.3307259933287152,0.12770737599380522,-0.728313953126857,0.3934190276624012,0.7310109769207742,-0.048575049055385566,-0.5468768166443336,-0.8743391115662951,-0.019378462960956577,-0.943603299274191
-0.2819128706728786,0.25487019435699043,-0.4229972483762893,0.05530527911590789,0.003715222513535954,0.05570810818201166,0.06184328367520353,0.23982402597990793,0.05948543504039394,-0.4151243486515268,0.19216562203200538,-0.7515050627325894,-0.6304735614420114,0.293925573346421,0.4379535524638902,-0.8209724838250227,0.20624418435850256,0.19952861348149065,-0.8682536762807851,-0.029146078139109965
0.1173309130906412,0.09879346969096192,-0.044844963261295834,-0.03313437780431899,-0.11357683272772312,0.050936827288159264,0.7754714388248596,0.08517688296578071,-0.13235192102423654,-0.10189966753157105,0.6963458473076438,0.3074222961766473,0.4707739024725337,0.7040688567800979,0.44880806500897563,-0.9200158688119391,0.7321777408316055,-0.9325255143067974,-0.9209721932642911,0.023001935930666573
-0.12696078785000572,-0.13705340691295653,0.24301538362203423,0.009863725686883602,0.20658250022021163,0.5149410447223817,0.11158477556253195,0.6808258715019697,0.026469627741615258,0.003750161334680431,0.7736659438157658,-0.4455834997376862,0.25228109936178456,-0.15925542230255485,0.9417179219044503,0.06442919787230483,-0.09146200639219138,-0.7737817200886912,0.6329184092503977,-0.28861784098785903
-0.005663302077463319,0.006611782447800543,0.18447489367108494,0.004604129641108325,-0.526223466407065,0.041848430375828,-0.5237595687097671,0.07997791921495565,-0.15612564649024427,-0.04220483737954073,0.1424975487086768,-0.24811031457924027,-0.04688146081281208,-0.7694034743225342,0.818069629371668,0.8613353402036392,-0.4382526222127112,0.390506049927551,-0.9091014715731784,-0.8092900638487541
-0.14575065757148947,0.01615733236284879,0.6662646874710623,-0.22939007057532373,0.3616383125976301,0.10255353122535811,0.2732334048670617,0.04913656787921861,0.004757432809571686,0.0008835895822224896,0.004396416387835389,0.8455834565520468,0.556223395996962,-0.5831953009601867,-0.6664560698035444,-0.5311665690396419,-0.9174948090952546,0.5915395227080587,-0.5616671225204273,0.8192907631929296
0.40016387153921873,-0.03403849494667205,0.13041266466441528,-0.14671980329659598,-0.16361947463506485,0.20663747534636162,0.026216982555368418,-0.5980562020456648,-0.1540943557057573,0.07062852405725456,-0.5876766707191963,-0.5022198356826311,0.9916059982376104,-0.23700295799082172,-0.7723780928888475,-0.6099025221236798,0.8944494089000676,-0.21769955730934143,0.6472228877968895,0.7585417981714027
-0.08317394851816065,0.5997264480686411,-0.2723161289384544,0.2624119888321804,0.016063659364646835,0.023832200860457786,-0.08083997921513753,0.4913020301600509,0.1456400885473026,0.09338986485640867,-0.3240727804485197,0.09338702665597887,0.6764060821046598,0.6807082716359263,0.6608638054707014,-0.20061363748594552,-0.5271147625474992,-0.862706345049689,-0.3600040118042336,0.9477993765781301
-0.4916469434785133,0.03848256420769869,-0.13706203783806964,0.04614083144684067,-0.0654716805655281,-0.14156279086382256,0.40958786599362795,0.1593211477717857,-0.023931587723027198,0.25899109901306105,-0.35106046154162107,0.4234736541298276,-0.9976357590585254,0.5559178594916703,0.9709295931072675,-0.365962474953589,0.7879384233672821,-0.607758740733843,0.5269636029521272,-0.5752883843475849
0.10469209443019624,0.13564815517711962,-0.031698417574808235,0.11771345175541298,0.3818819211878436,0.1967251543672886,0.0663823382844366,-0.015535900141563573,-0.3381109065766193,-0.5554356278582677,0.9170478556933868,0.10978607353758996,-0.8238896783503165,-0.2821577654593037,-0.8908689973764974,0.18434025937713328,-0.03996995717889096,0.8788929953115621,0.8477080024670496,0.9191163764869612
-0.07945365391795153,-0.15422789407592719,0.5411178921108096,0.07262385645817848,0.10520176261187769,0.06709102286765894,0.2003589862673048,-0.201043878289833,0.08194087718518528,0.29277289246207006,-0.9305718538966561,-0.005712281481388137,-0.4106842252621832,-0.21629721094852483,0.7024391341089931,0.3100659152501193,-0.30702233934378853,0.8533079583392615,0.10554781836352256,-0.9188665921855512
0.011044924983714365,0.13795703680363114,0.028902674369234833,-0.21087607384857676,0.20212302143429348,0.5405366935571398,-0.43565312284967267,-0.05596241126477086,0.013067880372771339,0.24512358626700306,-0.4372105506772952,-0.8165877782243391,0.8814392455287012,-0.5407588514119936,0.5273594943508069,0.27295204822394536,0.2334340783766924,-0.711448841106437,-0.62303944182231,0.4367174317489906
0.03062676284948515,-0.20396673478689215,-0.08771902012275079,-0.02175535445636967,0.027360237900496187,-0.06697386149113049,-0.33528600106475304,-0.019845334593175293,-0.4547082079590343,0.008517512966914387,-0.09600744172385967,-0.22111038498925706,-0.051308101526813754,0.030406771868598303,-0.3533504913121639,-0.8940529701250504,0.10382329812990099,0.896377970191659,0.2103721955632074,0.9473992509990412
0.12163476421592773,0.1928129950098173,-0.4234600247555613,-0.0391764206481669,0.011329917464751538,0.37580182794765926,0.029023721349271045,0.19185151143004758,0.32764898748980564,0.027837447945724403,-0.4833814871372901,0.7168048088355796,-0.27375058693173804,0.29663813858353993,-0.86867735848644,-0.5401314943371447,0.9748209628093887,0.3174991566324048,0.4827406615585792,0.23552859780982538
0.4003321330504902,-0.25712067032821817,-0.13186425349524106,0.18034472107644384,-0.03186562292252865,0.6513580552865933,0.024687322875775408,-0.2790979509584226,0.22780218441054578,-0.16616795652032906,-0.19214593645434896,0.5442316092096355,-0.8816057475747512,-0.7135568195226167,-0.3460517665385554,0.42187761159114023,0.5296194422181733,0.06695167857252948,0.26366900112796987,-0.46294714527608005
0.7044574438387159,-0.18486686590157198,-0.0582160841213194,-0.07475884613113348,0.11750315030062256,0.022132904821420052,-0.07529647622848024,-0.140042881615428,0.19694293706421906,-0.010941063547079882,0.1143369683637383,0.7988355282805633,0.14324805377954575,0.7576840445981887,0.7858421299468474,0.48367666509401674,-0.44809274426236456,-0.5072488978483598,-0.8386417848953467,-0.7068006573641328
0.28831857959995644,-0.04497190582604782,0.21727951625493042,0.00902804357226758,-0.01491511010491231,0.12732252940865962,-0.5083294993529576,-0.23974062689913694,-0.4938891367496003,0.0466135778293747,0.6441625986589901,-0.4674587305618991,0.5796063803192397,0.12166505903107927,-0.14168038257441418,0.2370191286777954,0.4748673099994676,-0.1371377130738678,-0.9606322454019256,0.7053879129600391
-0.27914157651046556,0.08853769223476557,-0.09798179448253608,0.15910558582534573,-0.037040915081628045,-0.007716703912798842,-0.06441621986167788,-0.28763795317475577,0.661848272326609,-0.16647411395547548,0.2884026023881836,0.20639956650354563,0.395767323162882,-0.5892607169624522,-0.9331965883883349,0.162695312310301,0.7438864229567088,-0.7643612874559664,-0.6606644884085398,-0.3414671944445211
-0.018224498504221046,0.04001325567491035,-0.06041997861501305,0.035693230867699405,-0.5331369675055917,-0.08197996667761721,-0.0028762762026970368,0.3644057115514328,0.056164156280260225,0.2587538290326637,-0.3969251556808595,0.7773283223675538,-0.3636388621624793,-0.3029453919325831,-0.580307611169329,0.3107076735743821,0.0858399865561752,-0.0321353462120062,0.8195494709792663,0.5233533438662001
-0.06557063518422364,-0.017574067074589556,-0.2931315492694579,-0.010465983432236536,0.38674603934952445,-0.5622979072664408,0.032578160515829194,0.13192944826009256,0.008690739782209338,0.06972428039620945,-0.8645844704159136,-0.6493772717283863,0.7793853657470398,-0.9428189470218964,0.8344914258381906,0.42562856134915505,-0.3499095555455827,0.9730829263305778,0.8474382834364493,0.5566635807826854
-0.20624125824253658,-0.19549499133487197,-0.05765825333588337,0.05909833156898803,-0.4134893638692294,-0.0389396884819862,-0.02082692986142548,-0.011905384868428556,0.01974175868029171,-0.12934614448203616,0.22831137676290947,0.2635333377424136,0.07002231179638674,0.577411670599592,0.06958403127271273,-0.5140091241147975,0.3871094492704903,0.20776679203680448,-0.10671108688272124,-0.4533284701463891
-0.01274658985614113,0.08705527196282378,-0.1229453362037457,-0.1152115972308918,-0.14797208280515822,0.01675008170334668,-0.1336599808831508,0.2862706570440512,0.0030071567122578746,0.06502639949032131,-0.2297942317041477,-0.615339293450774,0.9709939682837856,0.6196731520763357,-0.7928319626213463,-0.8272353499001215,-0.6924774286516902,-0.6670240357410959,0.6446368434922449,-0.47885924900048615
-0.14956599416736982,-0.14599288867390478,0.24998008243919317,-0.27006631339289444,0.01931253565511758,-0.023084487990249404,-0.10794640021421291,0.07952139251716106,-0.29061876212367155,0.0996623699733809,0.7634785752834843,0.5444255580657338,-0.7059673532911777,0.17858207577809382,-0.36410957951721357,0.07343793890403183,0.41416864659152686,0.45118859732112426,0.01681499011791643,-0.3516996661926195
-0.004302789772703375,0.20997713784222033,-0.3480722479347081,-0.15539635671386032,-0.5388851599126421,0.1382971698597158,0.12425514875077581,-0.04406742926216922,-0.16183524846512132,-0.3370890879465148,-0.2067691168953174,-0.6886753312229767,-0.06962792702175524,-0.6028079014365735,-0.06787558634664226,0.8863970918414958,-0.2892846905579769,0.7977083108767997,0.038325033377790474,-0.4071425593357447
0.08212798370191221,-0.16559960977483057,-0.22821238522890297,-0.23811440306086054,-0.09988805626527275,-0.10094645197189422,-0.12080462071691461,-0.5025835772143068,-0.10224226212026577,-0.04623157973131464,-0.3062380879897941,0.4857473123226559,0.7382763208071776,-0.04913417301958378,0.6050466419878595,-0.4119098013749878,0.38597430394069976,0.5325166380637656,0.49302357470614266,-0.2097943128819313
0.08774063884736483,-0.12877480578033507,0.12369732005824302,-0.30533423008780725,0.03418275042411428,0.48762982144321376,-0.26755648533446436,-0.052789003600902454,0.3148451899726157,0.19857279563519886,-0.9478473200575337,-0.43860443676550953,-0.44577264092265256,0.39132415002613063,-0.9060081556032267,-0.2239603482999597,0.47527618681153583,0.8100133441233714,0.08630651265761924,-0.012688029568574288
0.382858090954465,-0.40558260765583615,0.16948509609340395,0.06092491404923017,-0.19138155644440738,0.005289502920572009,0.08898655694482874,-0.42051508757695777,-0.04032356169316559,-0.20479958936480527,0.8472703095414751,0.4444673084477426,-0.09362417368406795,0.49266583045708057,-0.7343567158739277,0.8116956471938481,0.7632703392845799,0.0016656548720548336,0.4566103759176341,-0.17897206872488503
0.14184270834751567,0.11647078704643299,0.2137217751428081,0.2588655730916879,0.3225458061409067,0.1633714000579301,-0.4536896996916633,0.007014245284506532,0.5203352741116845,-0.2789286326151556,-0.8075795526255254,0.0811170753545396,0.5896553859585001,-0.049584647168622986,0.26997718177084296,0.41283326607988036,-0.029307070395258927,-0.34208242083577534,0.14936816132628983,0.8598213157310164
0.12547639538054065,0.2424269986922437,-0.3745987814090558,0.09136269843004594,0.07141758426662753,0.10974821247748245,0.17445326204923295,0.37925218572348685,-0.22879517448575243,0.34165810245803796,-0.21566060912901563,0.2671329808375438,-0.016187895642308936,0.3907773179326812,0.8317566207540965,0.41320079383575914,0.6899393407641161,-0.15462630204668026,-0.3816499383552865,-0.6789965278712224
0.12379941001105507,0.031764797199835104,0.835631868681791,-0.14638068299495205,-0.027165235142862287,0.12239226363171962,-0.3748600088353805,-0.026896367978628044,-0.09081044528135733,-0.10300425122958952,0.08119721950642456,0.2589427519683818,0.2725408979094768,0.4119539117741806,-0.9826359301396703,-0.09542386422373061,-0.7418557526675935,0.6730357405590588,-0.5099849211855765,0.9165823170388339
-0.05986046796636562,-0.16887908029353788,-0.4448569007572919,-0.12104771262930536,-0.19203526642399588,0.24410793961542918,0.23646142027910655,-0.00023652536455483208,0.3799757496571716,0.28226835177430964,0.9679275797931977,-0.06471636169592232,-0.5747887678560559,0.0727788610297675,-0.9777473357656059,-0.5949956225239124,-0.4919999414306404,0.42270200765752297,-0.6377604089741498,0.5925089069166827
-0.0001429893512421873,0.007742545180205932,0.39702712923236616,-0.17979771309512113,-0.1059938883564921,-0.3132295703454782,0.13906954937827187,0.19534048901998602,0.2628450375710032,-0.0009853623141609339,0.35676639476024996,-0.7294676537254339,0.6220812733156529,0.1263058561008752,-0.14307860378444648,0.21286036605321867,0.33365909286983775,0.008127435194321686,0.6443948773299872,-0.7730951828190986
-0.09654448066010832,0.04297907001466864,0.06018104528168727,0.12824163121446397,-0.07227985231458547,-0.2015583105587605,0.016850760646418404,-0.10685237806834677,0.2860328101899752,-0.10478661098763148,-0.18716988409932855,-0.717734595075324,-0.8684952286299359,-0.8103684452987128,-0.9895704630563067,-0.3775152726145896,-0.16750523643512572,-0.18061091194210221,0.8745083640716662,0.6598210373582272
0.044707139645745714,-0.14934427041928083,-0.40085058631861203,0.08528745333747462,-0.06192608695348145,0.009615356071124986,-0.5946273088974886,-0.062377775281941245,-0.14200279614564137,-0.05649908118483471,-0.24079250211769843,-0.6857913387587544,-0.46413611833776613,-0.5897288655571322,-0.05076743270171358,0.18115607949525514,0.9489299530834892,0.9302725259835336,0.3779334668079568,-0.0899911935883202
0.0790413605377922,0.1776791800844715,0.32454062808046547,-0.1482497875993341,0.4568951368793034,-0.053296225298457345,-0.44273871998158776,0.07621701818952194,0.14491720204556036,0.20177650708309147,-0.0898541846488885,0.17629764556622884,0.16766275190460989,-0.07074606005058315,0.3137064500435036,-0.3236987626791161,0.15545942763648357,0.2582144943819149,0.16988116895553862,-0.45002771055569357
0.05326395007346359,-0.25185086700008774,0.0808930844165387,0.3514528520882215,-0.0291140371494938,-0.040041945142191726,0.037566910227430944,-0.47585835638560436,0.05804744550843366,-0.027857527102393587,0.7868689819701924,0.5257981941102532,-0.31941876345051257,-0.04423942797802294,0.32121009744892226,0.17243461797307247,-0.9427531988815241,0.34181736627249437,0.7648435965841567,-0.4283257454133913
0.07306876412779151,0.06720102543599815,-0.07967781430118188,-0.19256056667107607,-0.06351044519097038,-0.4127882534950028,0.1816855662966007,-0.20859387918606487,-0.15920080637168346,-0.29606131213196196,-0.7954145829977624,0.646241412776345,0.12934055534573652,-0.626524257371637,-0.9862856802184801,-0.3356413522142361,-0.5133734022383056,0.05887636674082808,-0.5405207148233122,-0.5092368488674297
0.2530877006406037,0.04955723797273076,-0.23182749608893244,-0.1400191345038927,-0.13537506295823298,0.34575135133989354,0.12925568761926448,0.3876605587355175,0.12640650662132247,-0.26247500558457976,0.39469480367843013,-0.6785138984318151,-0.5851008512600109,0.5255202282568379,-0.07440896109352457,0.7889624286829964,-0.17333764098014592,-0.6365886871517379,0.2747041920368054,0.26628208778302187
0.23591713514475066,-0.0055627576251755795,0.20497149487249555,-0.152295248011943,-0.017311675718788045,0.07464805143731722,0.17309706031218658,0.06928671880398943,0.043901041488919046,0.47821816830465746,0.7938449668399572,0.3008135935283567,0.30788481089133835,-0.9118743006385315,0.1395174978980387,-0.924127299834786,0.6919856240458624,0.26639209148281107,0.42318310329862774,0.1851370840150124
-0.04758712469813224,0.2178027357184703,0.36824159052700006,0.0273819394682511,0.042435064961766134,-0.05021444154552398,-0.286008545332015,-0.027538351012224224,-0.0748165013481974,0.6900082621509714,-0.38036242661819997,0.7442683218421238,0.4483942241331651,-0.337065134867794,0.5355158239621369,0.6822204823749425,0.9761915021918346,-0.3743919093527115,0.7741905899390762,0.7166539747230762
0.1694138124118084,-0.1736108007602729,-0.1132780190952292,0.111306922170646,0.5497765259968254,0.15173498526406431,0.07102397231732877,0.4492005334381719,-0.05841030424802804,-0.012428648678821961,0.04015724362923656,0.789982980202514,-0.4524591366461166,-0.19461465000787803,0.45440935552221373,0.05271220905511842,-0.3031204809997359,0.16810806431262448,0.21362368250222463,-0.09332862493596905
0.24883947567411246,-0.263736406586665,0.1137371678494845,-0.24484080678854356,-0.21401566973212516,0.028315618270465595,-0.4781295358272253,0.042946260166999956,-0.23493065702688753,0.02377909712289468,0.34750763939174867,0.04782591830571303,-0.3952810601004755,-0.03687386877377796,0.7745432580259701,0.5311451140112737,-0.3730210701346359,-0.16251150780400603,-0.845545727934337,0.5558897951631501
-0.18121219087726137,-0.5300640562004801,-0.05042312508786675,0.0768026478724915,0.10160301017442674,-0.07770158460025395,-0.017539478787173657,0.22688911738383244,0.053446390530275445,-0.5213236838308415,-0.9919608485054578,-0.6568161717422365,-0.9861940182236999,0.4504961095671254,0.29228824901462414,-0.7559585525263914,0.9636087883056075,0.4724322499964144,0.8591756091096152,-0.48312679408974013
0.117120367611874,-0.014512602474343848,0.0009492113446841755,-0.7710375210915382,-0.05118995076791082,0.0954141378245793,0.3415213319575655,0.27121377033577837,0.02213660183608849,0.08651314799289972,-0.6602353406642631,-0.8828310952053839,-0.7625561207144369,0.18480596170816543,0.1427386661195138,-0.39813298499477634,-0.4935270202857076,-0.9101046061751878,-0.9987096814662564,-0.2626872438774095
-0.020548814171183545,-0.08556830574506316,-0.17421833556862934,-0.1717460900821744,-0.02577325116348217,-0.19250847185609612,-0.30777689719219925,0.09593461142707838,0.32344886642283627,0.09099540782777613,-0.551522872554381,-0.30997436662582745,-0.21512492043989973,-0.03566132472526662,0.26439557028566485,-0.8506035169971142,0.41256986111145166,-0.24618580681843105,0.4112051952750828,0.5177103933676901
0.5109856392614576,0.016119376685348137,-0.06959875855604197,-0.6395168821616304,-0.025779112781091768,0.09975873721404233,0.18537258180334643,0.0960732474750275,-0.04669254057340609,-0.03098660143269856,-0.6190881185840338,0.16147712618889787,-0.7413534809917977,-0.4035819456733114,-0.6905891009791094,0.7937790028018494,-0.4312229088193835,0.6888847982802504,-0.7074653817090897,-0.07581617193177403
0.12438567150208846,0.023358299933765526,0.07227981425888044,-0.49935642414928944,0.32451488116113647,0.07296892718546544,0.050255757566136816,0.05024104398277163,-0.06284867773228035,-0.535619628189735,-0.23611991472581417,-0.17273516168219571,0.3928697896100004,0.629179255010313,-0.7496043586261942,-0.3076404822167549,-0.3071815415950214,-0.6262372759470396,0.7740306746293981,0.716080824699266
0.4930097298449103,0.1304462900776362,0.15947813761290763,-0.03913818068173891,-0.10591326761155995,0.27910143798791953,-0.15377877939962648,-0.1180121319949521,0.20704612502355246,0.11038523139155959,0.7113324304327482,0.2643802660383159,-0.34523577588737053,0.2964302734379143,-0.5228190624369362,-0.28237689358564433,0.9696458782232196,-0.08743868808529731,-0.5648062664807405,0.8844286259539877
-0.12060424587440594,0.14189017210224128,0.08953311941986017,-0.031144146572606,0.39896854998477804,0.1894191266616655,-0.3130607036224601,-0.41969339517200405,-0.2355497655259341,-0.03459469808977933,0.13933901868089982,0.7516171164991123,-0.7138353824950912,0.5321010742651051,0.8383765017991605,0.794335259093242,-0.41163769057140986,0.6077877869688777,0.7649213329029205,-0.7627658231276937
0.1297349779036115,-0.027867204286965513,-0.1198072517198367,-0.04963926205854846,-0.0760491310902457,0.06916791399906164,0.2220540692718467,-0.4958892546679099,0.02296851636698824,0.5399858358014579,0.750723091162478,-0.7160379820112548,0.0962044488528142,-0.44468736620366434,0.5728101449789897,0.6064252513062238,0.8514470248176624,-0.8112837077986721,0.2436936581550302,-0.9238688233321484
-0.062006883949316485,0.5272668751492828,0.37360891267732543,-0.16204221722596512,0.2911209460900227,-0.006911815846389113,0.15368459123666361,0.104473542595927,-0.36021774219227126,-0.029554384559180663,-0.031216859324328716,-0.421728315439579,-0.5340613854837792,-0.3811841763608419,0.2811895227622214,-0.4389287846174623,-0.38487932500670086,0.9973494259280684,-0.5630946368802698,-0.03475719936959498
0.12307659614988548,-0.17423251199122078,0.3038348533181193,-0.020714874968201707,0.25122365551147596,0.04858520851772046,-0.45462002991146133,0.4767578859678225,0.04015231438637327,0.0028204259648103164,-0.45577845866724687,-0.5713022792432849,-0.47882206491929313,0.8363961817437287,0.12777637932665398,0.863485282010084,0.7190200709311116,-0.7480263148702138,-0.21903419323745865,-0.37378713072256464
-0.0017898778035821683,0.15288811162870075,-0.448030262488559,0.508717580358396,-0.47285889380526913,-0.04593848075090681,0.077188315439321,-0.062359098476383934,-0.2287677278572351,-0.0010254675461268126,-0.7506703920777353,-0.3381906350210284,0.3903680955911626,-0.7185673478985981,0.7149668166578462,0.7736324816158899,-0.4807300752434245,0.7019837259392396,0.17178153341025681,0.41169189022457453
-0.0619394252381898,-0.44525503909884934,-0.2939772583140271,0.2733654887318516,0.32563344529695026,0.23241489759966852,0.0016606357646356679,0.06260748733636029,0.49797361332386547,0.002823123941627495,-0.4903816750960801,0.48241889238454694,0.028428222502262068,0.710135039295374,0.14657848420920794,0.7049645621580336,-0.6217358379589089,0.7026918814014265,-0.16895024023557137,-0.32184929446732036
0.07719803181288143,0.012026335373953992,-0.14039516943203612,-0.03670686497262246,0.7725586361399409,0.1709329264101563,0.1698062709840295,0.19032108800609182,-0.25030834775971567,0.1734437545066729,0.6434218198439474,-0.5938203249289957,0.062299654323213716,-0.8463138029824033,0.9653916987962379,-0.9915582185051475,0.03549777004823329,-0.6302140552142659,-0.4071324864553516,-0.9304986662752555
-0.30396610525314194,-0.03718465099898244,-0.2491474407495352,0.394151448758149,-0.19190491570569768,-0.2406675598814352,0.2046653724177892,0.5379275895035553,0.14729461352936862,-0.024895159582805304,0.3551665997778022,-0.8679227269664012,0.7391563010065829,0.16918765072702202,-0.6556009123972486,-0.0155400565187227,0.010380300686804622,-0.6453042409894045,-0.18579171728082033,0.7389635485555617
0.2562344238618329,-0.40696913941146806,-0.11568343933936948,0.031397046820825114,-0.21782232892062411,0.06344884053990485,-0.38159153001260576,0.27561700592843374,-0.1262328045608166,0.23394788967751362,-0.8918696976126177,0.5108073308578132,-0.4629282729867892,-0.649602888984175,0.9242191533785964,-0.5644783320272548,0.036001580806448,0.9155671502839207,-0.8409877342551835,0.06576513072863976
0.00898069215683495,-0.01636850464807829,-0.08985229867889041,0.04337700012489669,0.26058704900244306,0.7770728025326872,0.10256300749098651,0.05519073297966966,-0.18814754838064643,0.1536912724467826,-0.9133303987953814,-0.6572925202406499,0.3818586670246169,-0.9578299594204918,-0.390130453653883,-0.08496032070598392,-0.40748692110120643,-0.7506802654979494,0.6704368617200067,-0.4620377158795228
-0.18737909011344114,-0.36714604248923743,0.48917714917195537,0.04456533536088386,-0.3513913240479913,-0.09133064241950539,-0.20274127904221806,-0.48005719304047106,0.048541608390015666,0.020030873113945746,0.4636744598457403,0.8955393969207115,-0.4118872906752309,-0.5949925387164241,0.009297891918848,0.11121190558798322,0.5465980879188395,-0.931070727916435,-0.30204347722350433,-0.09559481277424697
-0.06428298313335215,-0.11153424765014655,-0.5019648465340231,0.025681464694225917,0.4345757946438633,-0.02838540290299039,0.061242916062906515,-0.18867784324291256,-0.2432839154873034,-0.34657568637620856,-0.29585897816702333,0.9861791761808019,-0.5972036912798115,-0.029835416316098762,0.8700324590658131,0.5693302900419446,0.06817513643116202,-0.749121036809631,0.7836142661222252,-0.8330698061532791
0.04178735571134978,0.35920125678340237,0.04185813246341308,0.010555388542643832,-0.06883921106180046,-0.0397700034318024,-0.24936908910263417,-0.02633696510776301,-0.09150844759457885,-0.02793192673709126,-0.5574787934768419,-0.8436244792822192,0.31556200747475294,-0.5602540014342037,-0.8951474640767307,0.4853427102638326,-0.6411954339851922,0.8750291196561704,-0.7368180976256757,0.4194654481636144
-0.3448892090328599,-0.08947852025428105,0.2788431487872537,-0.3033978603201906,0.34220191323577476,0.1145139888107139,0.18500542941527193,-0.20883942868507693,-0.2842526547139743,-0.16779781907463986,-0.29639851096549963,0.2667183048889119,-0.39268054520152296,0.21688619042010115,-0.8580954962546459,-0.4170724370765784,-0.3017296792787749,0.8959836524642193,-0.6699238543624422,-0.7031815421836682
0.0012948085343626311,0.20455038749416787,0.2753326777190077,-0.42440792476867406,0.29342212910748766,0.036944106084843296,-0.11039790737053534,0.3373472873285025,0.19760615561457728,0.07227271305814913,0.4366498524511522,0.8268877348900514,0.10441274390797362,0.4908013614220408,0.6898025301743851,-0.8993953384773576,0.622787945769941,0.30302571861511085,0.11574232102747195,0.46981022273736706
0.32743394290314687,0.6803783722130912,-0.030241592581257026,-0.2567058392180117,0.04344692882440874,0.116241276543186,0.017878789216397094,-0.0023721191637939704,0.0034328974017604,-0.4506322247682309,-0.7643470831851062,0.43346982791430766,0.23786058093045837,0.12864337689098937,0.1295608791670808,0.19633422601159456,0.0008442091109299721,0.11169956213710686,-0.2595568096066976,0.7962116485648654
0.1643458224214073,0.1561604202431816,-0.027610235067045186,0.32119851649374864,-0.2945577392525927,0.09300231244292324,0.29497732625205564,-0.048644072866927464,0.4688751176814139,0.38901267186142086,-0.05231443223716026,0.24930840035882418,-0.1733784411985999,-0.45148798935959844,-0.4892775419277522,-0.9547758537132314,-0.09077345749736576,-0.6532118428278981,0.6005130605044506,-0.1513251546737331
-0.11589018965615905,0.538069697795339,0.2640904545870084,-0.1522119332432072,0.28239194321971056,-0.17971559839886264,-0.013259404596531445,0.4720256586446483,0.2261361925020926,0.08992712494791799,-0.008829517622559013,-0.6082630834900298,-0.48610764443945875,-0.3107214039299988,0.2566933067265813,0.8377042176962297,-0.8835237917677132,0.6472303439602305,-0.054058585412436466,-0.8655417064829816
-0.05375865487916803,0.18522052653068083,0.0700793140212001,-0.06985382922743866,-0.3619772211625537,-0.017497370720898298,-0.6063158194227163,0.11961631776355802,0.2176413169997316,-0.0358402614087211,0.8122428332617544,0.21957520064686809,-0.20058437163845544,0.4340380609486645,-0.11245884722315691,-0.18900831565991316,-0.3031577778913084,-0.02997792073419192,0.4048478790887571,-0.462792363762101
-0.6180357022421586,0.11025748153010761,0.009623038216267199,0.04993362735322031,0.3325175914597459,0.06108814945672664,-0.04287067207310663,0.16004238961099254,0.06407216424715981,-0.05144339475813908,-0.7848278699964255,-0.24338347430670781,0.2609813953248623,0.5933631537591775,0.7321493557020431,-0.8188196227777982,-0.35053850591824665,-0.8614880596306771,0.8382943322616163,0.44179173465799226
-0.3842820823460376,0.285595547756714,-0.13294534626991517,-0.23378495732139942,0.3379255718418299,0.28286276961844714,0.0182322678248793,0.41468247866779273,0.09639687146174947,0.20464437034263194,-0.8854179174804857,-0.735602508785248,0.9692756478571947,0.21343657908745306,0.05180258086194112,-0.8690205852217878,-0.5657276499137891,0.07139260567219541,0.18214420706686396,0.4576932194896257
-0.20431329500369483,0.10919568887525986,0.28214526149212865,-0.18393840671386014,0.1257247318816705,-0.08035919373031777,0.29383654530224,-0.14226167005832033,0.5547192423765314,-0.08286620672718009,0.1066912360483554,0.861559680415789,-0.8197326025133573,0.38990868565390224,0.34666142149842316,0.7080592472329683,-0.7615033075680178,-0.8823067297590947,0.960886874867537,-0.7432024528070731
0.12713327583953637,-0.12170404672856625,0.6481474756352509,-0.03338699080353405,0.14210997327952413,-0.07830845692586409,-0.0395679910930663,-0.21667737476976376,-0.2271783861009785,-0.14039230481154052,-0.24256737815876273,-0.6287291718464454,-0.020210269019275806,-0.28262415063240165,0.678800869775918,0.03167158464481323,0.48643648467676925,-0.8933013682319881,0.5022142332648558,-0.9121070066081407
-0.09608729427510382,0.2506084715744963,0.0070081011503791354,-0.017126301151462922,-0.05440728559846729,0.012601447690271647,-0.011198605546421325,-0.3345096853096714,0.10156851691774339,-0.0176464282924228,0.31110858895182036,-0.6323615593190595,-0.8148310255192983,-0.1344642644537304,-0.16970781855149708,0.5248812587316811,-0.028780904174011024,0.95752243959777,0.8489552808690004,-0.15985042011281836
0.13709366702595294,0.12931554418395452,0.06712425937870156,-0.07322720273056227,-0.5079896568133833,-0.07926270665651458,-0.30917788118821987,0.061441802306929805,0.0944924156962691,0.5665953587462446,0.16245469720794015,-0.7354197750309062,-0.9461912467729152,-0.9800769922456287,-0.5982415522147364,-0.23922558096319957,-0.9781074425864398,0.677555392754043,-0.31465473427354085,0.510412368548044
0.07902141192647837,0.07856231784740211,-0.37318231128632046,-0.7216868765763199,-0.009004452213317563,0.19547050712790576,-0.017332652714210334,-0.16506901871679877,0.01550189178675715,-0.09360255432812896,-0.2867304658234018,-0.3101835742673231,-0.7637302793070979,0.2949097947372641,-0.8311429264079622,-0.9963493027309509,0.09322624277286273,-0.12387084402440762,0.505640080251383,0.9896632803750336
0.7624045893423186,0.014327858106393289,0.15019049211368007,-0.1645620525640564,0.18112682185206785,0.032824202807105456,-0.06784484584384254,-0.13862065296891454,0.030796000917467547,0.013559550286285686,0.5958397436820926,-0.4892133084848036,0.5235649144441372,0.4311162417998793,-0.28707729557417827,0.8042442479486134,0.8542345097843931,-0.5855127924459229,-0.6198180395492168,-0.7543684499005854
0.43884663827608067,-0.12908281611745742,-0.11945776542354547,-0.08256820034981915,-0.010771532388853478,-0.05160268635623255,0.21541556884264867,0.14333224218610174,0.15245266318078698,-0.3262713380107331,0.7430061103128722,0.18046967246967305,-0.21728451341905664,0.6221288619819008,-0.5147821128424219,0.8827764029269285,0.12093203711390399,0.29316339355367704,-0.8355793230151829,0.12492426118473854
0.04319310161138388,0.024200463165008256,-0.00253621795490679,-0.039116693894378864,0.00976339935773269,0.8461907658552696,0.005770032305439909,0.040089402671213005,-0.028276829225787933,-0.4948177580336873,-0.3815349001046804,0.41221391251076156,0.9513550305679928,0.8120893743581157,0.13959966673313384,0.029954400327693254,-0.9862678809200027,-0.2629427338484114,-0.009171628189878156,-0.39329591275945774
0.07194770893846941,0.32884866326597667,0.1779028123987974,-0.38534345959206057,-0.05441838563199597,-0.5888505657021423,0.0662371145176166,0.01942096402436505,0.10735740219524087,-0.006247577299612561,0.6276831484874621,0.217105646799856,0.2603633870029505,-0.09384347090893663,-0.35347302410445214,-0.25083735549494546,0.6627219527772574,0.002070455160743112,0.16012594486402332,-0.519740217755779
-0.5082534691551522,0.0041439755926295785,0.34750031160167927,-0.1534793846893398,-0.23397092781652767,-0.15454608929291003,0.06333586502722588,0.11531160729863532,0.08759641514087767,0.05210731297977911,-0.8633307964417054,-0.8238632668185588,0.7717531567445008,-0.4332988038735597,-0.1205926781774953,0.40945404533267316,0.5150975588558553,-0.4537803583920961,-0.6558497222105741,0.5788613800111659
0.12186230003189652,-0.004757032556051595,-0.01296625604736426,0.009823157283071093,0.18990588480331216,0.3032049234096156,-0.6493805136438472,-0.11022736344933128,-0.10622510538077133,-0.007677831946345203,-0.31089024718906577,0.7625788488799414,-0.09734056987857342,-0.5358336126604184,-0.8196057319634256,0.920558975076323,0.609302022532551,-0.3089825489294491,-0.27083891728412923,0.15593235143690287
-0.3814548514259448,0.04786217745106369,0.3632407732536854,0.02868183823071461,0.02612400826872635,-0.13015783829686534,0.04438322390515024,-0.06821164688593583,0.11502393174979467,0.01539228300648432,0.23448312040020336,-0.6916503462830299,0.42060410755234834,-0.9465020326070939,0.03482221486642434,-0.08292801424213869,-0.5150135540150262,-0.5906806552412645,0.4815435463229858,0.9210951066424744
0.43611360036356817,0.2432383040139573,0.08772785888128637,0.19799857118439712,0.08887937776291477,0.36377646766390515,0.029994896550876393,-0.0777272856445847,-0.22002932520306442,0.021220823653401277,0.3625929484423642,-0.377834085463127,-0.6670437467361785,-0.2843978580158215,-0.7888835127435372,-0.583237870421041,-0.7166054285448384,-0.3804436034749201,0.7455236515886474,-0.25476853159439616
0.05661683191435688,0.12887791168251173,0.001505011415875182,0.11469394997827981,0.09062972812772116,0.13519817432720882,-0.11328433287987935,-0.5135066527393439,0.007071628094874063,0.5385429813670817,0.6507049129646301,0.5632276162198016,0.8839187507129034,-0.6282257984115116,0.6325302547011509,-0.12000084335873784,-0.5168832052994956,0.21516452664782482,0.789254306763068,0.29434780088761436
0.1191162357927184,-0.08363493722591604,0.04447215211903738,0.04126778215812402,-0.39191009775117747,-0.032607780425931994,0.16291076478996966,-0.22995474879887012,-0.1960699332688254,-0.1187937609665361,-0.5911574451387005,-0.20837207882193387,0.7024003221480208,0.8480748961135913,-0.9080437751772104,0.9063580605346377,0.18352505452279866,-0.624563363184212,-0.012737457858617462,-0.9829853021891153
0.08187991036785675,-0.12449875078078654,0.07588691506995832,0.2613823199039338,-0.20957949267515788,-0.16003361917427997,0.004586395830468458,0.05337753486959984,-0.10128987170870146,0.5221752211375006,-0.017716216404627394,-0.56191992145938,-0.8596637676876346,-0.6626672872988524,-0.047795990049092296,-0.045004055443459645,0.08369715982683235,-0.07984222841625788,-0.1773246057532556,-0.6789380183755158
0.0034166600520137147,-0.1218617927085576,0.13012869421517304,0.0962269823030297,0.16335086837753543,0.07226525608891632,-0.08738812981602001,-0.007635509438915104,0.18773602080815988,-0.6212498493408608,0.6934693648796766,0.9555133580398296,-0.5839446630537197,-0.4589147611285287,0.5146956109606682,-0.6836348169794415,0.39330950041539636,0.1533966669915896,-0.934242397821287,-0.6255728830250042
-0.01181359664415238,-0.03526468007032113,0.1891667593148031,-0.22177049807020605,-0.3802532962018195,0.5246846295457165,0.213501036203254,0.11424143986786672,-0.33485176045470744,0.15602778537887696,0.6817277251681975,0.6488397438801572,0.8201597230759097,0.6921942319217707,-0.477447050049544,0.4394648096567324,0.19266660233722788,0.15129215416002872,0.3920221335584819,0.8792917661448703
0.2738879535611525,0.0719117322289391,0.17149286808892317,0.47195103491940993,0.18157088848804848,0.14830362904625155,0.2760008026047269,-0.3069461071459407,-0.13847159942763687,0.26494050260341795,-0.7948776536996178,0.22583807903501274,-0.1943288414779445,-0.31367615334418564,-0.3938535867747961,0.7905983032111181,-0.12284890206037247,-0.31393583029172256,-0.8398346259445624,-0.32880646787251755
0.003166219804113215,-0.3780521012392206,-0.11147561070624007,-0.09126592655332184,0.08219971532405099,0.09933348981421236,-0.09965156928203513,-0.08995041027178596,0.3336662822836862,0.06544228948220154,-0.06062688089565249,-0.8775552116504013,0.7449831937653151,-0.8241326586356714,-0.5700192039269443,-0.11437760139588105,-0.8947034215596084,-0.16564259387315539,-0.8957691267442645,0.02836614036365459
0.05843724685352694,0.07250453300479989,0.3139144355857067,0.034429933429139054,-0.03340985677133301,-0.651541903814185,-0.049464600980765355,-0.10566390279756312,-0.25006956191580554,-0.21337503738026697,0.5022500507358718,-0.8272948052354419,0.10030939804304162,-0.016441507281033774,0.659843666053757,0.17355898991156238,0.4235867464334393,-0.2069349357714394,0.5448537848133896,-0.43136602616557473
0.0856773169339245,0.0913377012257065,0.3728295098148915,-0.5494564673500035,-0.3849319440499587,0.12559915829890778,-0.2844314681777312,-0.2131962104808876,0.010051934006742202,-0.13148979374653216,0.5762306254932157,0.6275853295515401,0.1169356751442725,-0.39397092446263904,0.644981118524314,-0.5366033492585889,-0.614829768398305,0.48023814377083585,0.45042650321182265,0.4994267918133177
0.4075238479532086,-0.20922592809274576,0.12216588936103825,0.43574718298516146,0.1597659630978041,-0.1746409478588391,0.2940626304745998,-0.026698242896705388,0.14038958724054407,0.10810924278898493,-0.6742667559653748,0.7238223916874154,0.2653020742624659,-0.6557377100850994,-0.6000853994645752,0.2676456670135927,-0.15678020414266625,0.41774314307694227,-0.6663747384997223,0.24244680153095888
-0.08949825816180637,0.010081862904426364,-0.6719155461812987,-0.15208499951427207,0.33851430912132474,0.16811349535443165,-0.1528259757783495,-0.008321247764038364,-0.09292913678702722,-0.130859670546116,-0.906019194664609,-0.9756448733466814,-0.9162345507991905,0.4572400305765134,0.8667664654370257,-0.6105910876613085,-0.07363469485271756,0.822483454230849,0.42945858256806524,-0.6718605152872186
0.023566511525086306,-0.0662325017721783,-0.3524253660248385,-0.07029689123598669,0.38647626177417793,0.14521295333157003,0.6103793473927372,-0.40095679416722574,0.004599802892805191,0.022553957058977128,0.34257094413065925,0.750906140289294,-0.06172049196046592,0.18635436181771925,0.61117472758183,-0.22900024945113473,-0.631326316926794,0.5216023328875417,0.6949379943491063,0.11499621408207528
0.23500181364074008,0.35542752141793593,-0.568320206696453,-0.0950698517895272,0.040980236834170014,-0.2548856148898314,-0.5091901211063137,0.02142861475721869,0.013093074786947712,-0.08854115418280403,-0.6785881992102065,-0.4773159412515575,-0.5629875757427729,0.3743572556157939,0.2134620890204848,0.28093014755445433,-0.8623039873471361,-0.6078514295268698,-0.06114696969928324,0.6521844202637421
-0.04415588798897896,-0.023789332792119644,-0.08179902049800314,-0.06866649322843749,-0.544995003760491,0.29074687178179703,0.020085187634481694,0.10283591881134307,-0.021612110808623325,0.1999100827326572,-0.978219614383494,0.4656709492248814,0.9372763198556691,-0.07603065568093537,0.7724701351663033,0.6888441413969142,-0.2722464056838063,-0.11837383419144798,-0.23381300241217806,-0.2437710257209207
-0.013979932202337921,0.06735339580493843,0.31530286873481794,-0.7008554278560778,0.04131630073637786,0.02818559077627477,-0.08139796911739963,-0.04906304768520585,0.20114546462954191,0.06846038825713557,-0.9655345935151043,0.4194982133379783,0.9458996758548888,-0.23252236856264563,0.44652823963848176,-0.40230047209527164,-0.3841560793189147,-0.03312116526482667,-0.5557162861686717,0.7625022465692266
0.08842768988197969,0.036462965939092346,0.052734243904051625,-0.03655196952578955,0.19926808506779742,-0.055513231896092675,0.16116988203502625,0.0001837550323529058,-0.13105817077283938,-0.6264860788750468,0.10152812684956536,-0.9183300628755504,-0.25056620383916206,0.03314560824393764,-0.7272767197786432,-0.8827083317136217,-0.5970672733525859,-0.6513853403616661,0.7460549201439344,-0.23769331107815783
-0.07752818558196568,0.03622113884649164,-0.011340319901431549,-0.09438307020276189,-0.015903738528749854,0.01631099655827846,0.009396587995702615,0.955988639999114,0.08560260864929668,0.06458405239009968,-0.9958349191464342,-0.32721745135765623,-0.9204215096368142,-0.5035196685429479,-0.46365727711768745,0.9325943090207656,0.5025872120110204,-0.6181960637763855,0.8924094092459685,-0.4155555280709349
0.322810938228399,-0.24786876962489332,0.4698947763825676,0.25106012587942395,0.3859079776017948,0.23519596315943964,0.24744683544458523,-0.018616762834598177,0.09340158313753011,-0.11804345537745098,0.3629857901715876,-0.34239295900160216,-0.33338126460221984,0.6276147614118843,0.5197239207015953,0.8159851848116073,0.12091216369575397,-0.9850437846252487,-0.49250874216072993,-0.2888880978733761
0.047555236993978456,0.2198913703767041,0.4069334800914455,0.15318108026727173,0.027295256949011942,0.14795032716239057,-0.11754771504908297,0.05090160699497581,0.6788811856536996,0.05005987814233795,0.49638295752946426,0.23787871789844983,0.22092843149255414,-0.38986186005643386,-0.703202632501833,0.6899423435546055,0.5657394895706733,0.7180270134163282,0.7409123218781142,0.4249708034102806
-0.4554324156849506,0.13222790341246937,-0.09555745843086196,0.10662882223572112,-0.358653372378357,-0.07829806566402454,-0.07397976905568754,0.05897921528504285,0.04453645713710422,-0.06839741613937614,0.1083611898942487,0.31270778085767836,-0.9060291850672755,-0.10076757129805447,0.3303561990402799,0.49958118434428433,-0.7672847973316104,0.2877103287840348,-0.31692303399318833,0.21732195538223387
-0.19929402330131618,0.03404277775009304,0.03152044293342568,-0.10153040468450787,0.28423385610699636,0.7238303205191056,0.18758429103847818,0.21720428878287967,-0.06868964611755615,-0.04376511224511896,-0.39434094908473005,-0.4582025562344598,0.9110647837570114,0.3258019115532176,-0.2708138744328661,-0.5236616386702793,-0.06815639363859671,0.901266457876241,-0.5256818636526006,0.8793157622941388
-0.6255691718463681,-0.10173896061721674,-0.09317267963814489,-0.053229130829434715,0.12294851548218766,0.10137779017407189,0.1874526316475841,0.09022481405431114,-0.018338061895227124,0.5324283252879389,-0.9845920819200713,-0.20554571370488972,0.43948058077094454,-0.5374639745285301,0.062584438480914,0.5577456017990019,-0.10069027339289427,-0.9854982890645221,-0.7765083606381771,0.6438564197150591
-0.07464226454619792,0.034320159847590584,-0.013446367074942761,-0.057949521470482886,-0.3365673528234855,0.023557971471363577,0.022274113072343248,0.15777748389263047,0.05529589295027928,-0.6642433833270257,0.29330495224223063,0.5272581222192572,0.1879669851983221,0.3120069302985897,0.12821629466956552,-0.5074359068429173,0.12864619165163815,-0.28806009860052795,0.7734525819448095,0.15562412484394583
0.41276745920532387,0.11132314500606627,0.20165542769727074,0.030542774786948,-0.5529836590136812,0.008926954248332897,-0.07314710217533293,0.034247090846524,0.24135650281840204,-0.08794167304929523,0.8848958278156496,-0.1485369668087242,-0.1848939774246645,0.5186193048023966,-0.3583262767540196,0.7037150567861645,0.7223138866179748,-0.12850795437253848,-0.05829087170522662,0.8187522041292365
0.09246775128472695,-0.4359621188967914,-0.10841516238750602,0.031636135534258134,0.12010789733309263,0.02563905663153767,-0.02974819115447776,-0.13825592877196602,0.6915928401717033,-0.37591232906784666,-0.0244393668869074,-0.41356850541214185,0.23746123553569864,0.06651624941334178,0.5139825392558826,-0.014878627031331693,0.03610440154035355,-0.10449044276126429,-0.08996745756253355,-0.23468594154234657
-0.4253836818440453,0.03874202166330552,0.1459503821702408,-0.15228439506293404,0.05846595617976125,-0.22121327630568083,0.0398344731161413,-0.4171587497726865,0.130066960460815,0.3344582527720035,0.02125670312112926,0.09192361950470262,-0.13184379529762214,0.8867620027776966,-0.3756602094289876,-0.08622393830422337,-0.4237265899354383,-0.6718905003869016,-0.1993520751735549,0.1426628546784552
-0.48440577300081866,0.06576512748026331,-0.23652590232363963,0.06411171888204878,0.011072115902527943,-0.5703356210143526,0.0797676862363251,-0.015442048053748823,-0.0043434930272924915,0.002779815859112686,-0.5550222608627136,0.10031662931045204,-0.1708119355385216,0.8007388898205468,-0.5183593812862894,0.869279205356214,0.015494536445324059,0.3342388937606149,0.9384141608945504,-0.3517042334899503
-0.005042532019667784,0.0017874204948584045,-0.11828059821668686,-0.06040490879907035,0.34633989522650555,0.03033568553198207,-0.2585433037041996,0.09262495458646548,0.008853083905175235,0.6407428895246998,0.2593897649654817,-0.6945126583464294,-0.4380835381404913,-0.9892406085761976,-0.7993591624105636,-0.9902205820230814,0.2710858819525206,-0.9017115508277194,0.12088962053200913,-0.9763735804814153
0.014154444093124996,0.13100227855627763,0.13368081492507364,-0.01123096912818413,0.021481183815157352,0.05442705770725559,0.0794897483017506,-0.10128389948234015,0.8079185126183257,-0.0473733563403284,-0.47604488551054924,0.23916274366321932,0.6952705878916954,0.9730292167056815,-0.28008201887844986,0.7646712597019267,0.8167020320208389,0.8004165009207234,-0.7349816823948718,-0.49161449187237416
-0.04168400244632645,-0.33320938747778284,0.0031004666054815443,-0.1704670067494659,-0.004275223928872946,-0.22572719006807906,-0.04605962779054286,-0.0021765973239983704,0.1564014840830752,-0.7812684591205609,0.5791222686625908,0.6187220476406905,0.658804255928928,-0.28689395998781486,-0.07735134102991048,-0.4700037410072362,-0.5973060871385651,0.5416502700821071,0.40917905895502926,-0.8327165198927284
-0.0748500371406865,0.138866406843684,0.008698145869563058,0.007781528637723384,-0.003209573703469082,-0.019498390561841005,-0.1207188860193119,0.032781005436954454,-0.8317402793399344,0.005657903525258565,-0.3545608653217438,-0.2588090646919925,-0.11332837861651535,-0.8210614209285947,0.3176507530596482,-0.4106759221079874,-0.5842501934905586,0.4815683170697487,0.5339706524798815,-0.8525980206826698
0.3379208784330932,0.25641989782852326,-0.14266733378847996,0.2837273945024241,0.04406309788195828,-0.17597426280379763,0.22452226074734083,-0.09632454563363713,0.4478570893125423,0.1268428404818463,0.2985189018719192,-0.666889307199112,0.11909524774993607,-0.9042092489222429,-0.4292297790525397,0.5954105741200735,-0.6924831785338454,-0.446278321589362,-0.4315138572471171,0.5952587941801126
0.13220000844978255,-0.027741184159931757,0.031614316743327625,0.012798895260603377,-0.06984657304314212,-0.7086681796697962,-0.033546361787699513,-0.03692844681423197,0.0057492150465491415,0.009951686657664494,-0.7008935199235176,0.9242832217138075,0.45466381305535664,-0.3339054809417157,0.6687129923999335,0.6739569321571326,0.01651485137187314,-0.8596923880051357,-0.21152909422377553,-0.8590646535191606
0.18059814972968913,0.332170987894504,-0.07834050280464966,-0.45634157171973927,-0.0027759656822039513,0.13216658591819622,0.057184295221855946,0.21453890412018842,-0.4996389745270097,0.002539768459135427,-0.43274385576886654,0.5434543944993353,0.11577463674982313,0.09938858428336039,-0.44719238206631573,-0.3295539614827905,0.5220580190427924,-0.28702665147842454,-0.5830725688389979,-0.1790642899299335
-0.021730880710246293,0.08137739617488504,0.32287710325678876,-0.26655459396722414,0.19729417157519394,0.3028540720532073,-0.08191625244341041,0.21149158534578913,0.2392483222142681,0.03287177720383622,0.6289414095463424,0.4288678309546987,0.0766030939090745,-0.4330401413427578,0.7116508834602358,-0.609498008379592,0.3885570025310492,-0.8245459406398548,0.826914204957119,-0.9059191071650801
0.12403185636671299,-0.46682583538904887,0.12852684155310223,-0.17352989080340134,0.06859031155148602,0.056993683100418566,0.17272086475151227,0.1864994939617597,0.5180006662556379,-0.03274716221865959,-0.2717521598297614,-0.03114592153152196,0.3153649906543514,0.7395188275399103,0.2992603657242645,-0.6780734239075306,-0.35479902059967405,0.01878365798470827,-0.8759511328795628,-0.4390232136117116
0.2971122192701238,-0.2884821260455687,-0.352590702832012,0.05877208571615861,0.1777516250644874,-0.12626820015082255,-0.2760266981044751,0.15360002252807514,-0.05080748197344642,0.41264229420943344,0.9500229001529741,0.2596271812322355,-0.8076373349273431,-0.12032974455748913,0.08444390803554946,0.7477725284446601,-0.28543454323649287,0.6065101725188629,0.6148478528629289,-0.4733562212230442
-0.05667255974431075,0.03072430186131491,-0.686450293885184,-0.33969346468347333,-0.29035752114490326,0.046935735233037526,0.0021846816878471793,0.200078154758545,0.006078780838666642,0.08696945133440728,-0.33347887964851175,-0.09116559062793628,0.0036017116948852124,-0.9984845264054296,-0.870708946062102,-0.3318489374501383,0.9114743716935492,0.9637721785296769,-0.4453203564596162,0.4196704971745051
-0.21298768895942757,-0.08883562030368891,0.27116913293016237,0.04233225141612716,0.04679367533426361,-0.316736062688222,-0.1311056782752133,-0.7501170238322158,0.041526687260394275,-0.013788521291111504,-0.8126895823761409,0.34625345848510203,-0.01143399778984322,-0.004629988892681736,0.6677768492489085,-0.13148740938530779,0.6583610565379552,-0.3432571176779955,0.9865465032110068,-0.9031598524052438
-0.2464588741414167,-0.0774794966645001,0.09874825171681173,0.16759254626805864,-0.21443974567628413,0.09258681859617961,0.08488118598885847,0.5439087195371632,-0.058087908791071584,-0.009272612245168923,-0.47008236523538627,0.7435605623900365,0.18683303105399873,-0.7347779873226603,-0.01596167812903393,-0.3585048404505793,0.5566359020424012,-0.12379339812224477,-0.8924374254402077,0.6904165630552979
0.03252726309710402,0.13638738644023182,-0.24287587776490616,-0.35380181847961995,-0.04643124204943208,0.6171857611979561,0.009356167857628384,-0.05792824310478259,0.14800809366312898,0.2487389121687834,0.7928482146830924,0.09276997479254612,0.6652494442172152,-0.9639693227882149,0.1564965811899448,-0.8208205523661434,0.1993355184233454,0.028077346104648182,-0.2134605820240465,0.2070637278571037
0.029143638279848033,-0.03864152327747765,0.3236255808604336,-0.4270098246624843,-0.24269217351654288,0.14365429278015363,0.207948913011747,0.176567292401328,0.1808067958321682,0.03468364035871274,-0.8650439278685582,-0.4326096939551918,0.9814322248072269,-0.35643954772297803,-0.03307489441618072,0.3598717220485088,0.8496149146418128,0.23293412413818437,0.1998916995397242,-0.31615558496946683
-0.041052369267383704,-0.3229962739145982,-0.2128277500460915,-0.1119437663383396,0.09287897360938263,-0.3692428741577576,-0.5984343994844749,-0.03523363300778943,0.10618212266541285,-0.186332976808787,-0.4563207083048866,-0.5137626597813367,0.012749793165131695,0.5043212495322844,-0.022100241238940832,-0.5797096076419392,0.22633171602177127,0.444248065698732,-0.3506791056405585,0.1976648732721873
-0.003233814362135306,-0.05188395243394325,0.049439077388211294,0.010469130017927767,-0.5764170314277131,-0.0056087258733700865,0.08463108197688635,0.009776369217108803,-0.025785054068819376,-0.329727852372908,-0.5219090742393175,-0.7120699811246152,0.5787699574513692,-0.7770401357454113,-0.8746927719697943,0.11671675294079664,-0.36914132994744375,0.4102486297885044,0.2593925254177103,-0.1717224990200148
0.19192481359219105,0.031647204519094946,0.06809668348118855,0.09319544850512865,-0.08012177688277178,-0.07355712120404867,-0.5257970255437507,0.41391831250329864,0.17618828108531953,0.019717936094233862,0.925947040933792,-0.7789531723774368,0.7136805116434619,0.3954263076276576,0.9745197390027589,-0.6480512298808825,-0.9117554462221225,-0.6002369314684997,0.3780411851785408,0.06921832559187746
0.24707404811066278,-0.23514685038283822,0.4971641637430615,0.11915770193006642,-0.4406760023867792,0.0525334103145734,0.0694022266973846,0.14505021065064805,0.26716340119843474,0.04905023657891147,-0.2253518147897582,0.16305336080710586,-0.35012288777215583,-0.24347106056235646,0.7721621343317946,-0.362483661652087,-0.23664337975772676,0.6165509348440239,-0.9608906071725605,0.4483489590507168
-0.02586089173427575,-0.010707542282914817,-0.14598213671873106,-0.23306713567564358,-0.09591619648149746,-0.05572623360753748,0.00297829348604825,0.38569156146642536,0.5008043251072523,0.5416269843171131,0.544629373826234,0.5457902751763475,-0.18629990212702396,-0.055642875398806746,0.6890650580705244,-0.5139477317129801,-0.9802388612495565,-0.34305991166509964,0.37102048635814855,0.7428111925707046
-0.07342279224323217,-0.2560353111904824,0.1872894565906241,0.19179283162089045,-0.025025607068466016,-0.17853819550184685,-0.07194224548397449,-0.3625183735582725,-0.23039060177390633,0.019948835326474623,-0.7377176853634801,0.3536580721161571,-0.3525900242279789,-0.6013508087095509,0.47151007877868345,0.20597481206810375,0.16427707093047417,0.19493865573223945,-0.0423396282353099,0.1250144976814902
0.4345333566890557,-0.08886709454915878,0.16031986398766923,-0.07347979654095535,-0.30359523917031644,0.0273377170620602,-0.1536025240510408,-0.2131150342911412,0.5644516310230764,0.020198792990635595,-0.8155397359210259,0.49401972103627223,-0.3094047692823392,0.06739506923357563,-0.14104123825457138,-0.01834812317339929,-0.6052603900581304,-0.13419459802735267,0.18741874015042104,0.32355807027815353
-0.41282470341132105,0.6322685760180623,-0.12264329010129427,0.01663142541367779,0.07125410483808947,-0.015404414629064632,-0.21479884212216904,-0.014257966874666433,0.04540559193294341,-0.498765398851676,0.2920752324208098,-0.6977436200903924,-0.2819539714848154,-0.8098016196316071,0.9127899338400685,0.7449174627090409,-0.5790202994277291,-0.056437788971761105,0.3255896451939808,0.08209839204412983
0.002386938197776717,-0.6571676969310629,-0.005486117869400037,-0.15004303243687395,0.3056814928014508,-0.2320915176405272,0.0765989040384933,-0.036828904999600516,-0.08519590992933074,-0.0351025941553229,-0.5344652676812753,0.4502364815454476,0.0018098844613434473,-0.1742042219462645,-0.29846866447896825,-0.7568220967946651,-0.11819253949835895,0.21736837382382035,-0.10600158279455862,0.5954503719961692
-0.021095490313428826,0.07250077674747007,0.08880798336488013,0.48994348866784504,-0.45085032872170216,-0.15709400160943443,-0.46982755409882465,-0.013173911815704802,-0.029514946885480012,-0.2058363857162634,-0.2279385734211108,0.39306360905479654,0.0761666407732371,-0.33212200773340617,-0.0033001115315418605,0.5464040787189035,0.7105224336275864,0.3054461300042306,-0.3679602766512311,0.7979486294337683
0.02381578356794383,-0.4042259583599559,0.07533699882408401,-0.06981462110547859,-0.23045292122185065,0.15841360175706806,-0.0042461111566787545,-0.044688094023772384,-0.012439212837959273,-0.7048256021086258,-0.9521216019684993,-0.2361338591012212,0.8593279699951608,0.11048926537585224,-0.5768986553201405,0.33535680982203275,0.5441521403634779,0.41630592141789236,-0.5336071977345647,0.006701808150047173
0.06139997611731761,0.11102016433568615,0.08504366356519401,-0.14409436285272198,0.3741608561524076,-0.24982710833561778,-0.13708445839207345,-0.34938165257502474,0.023955779214625328,-0.15212184336024753,0.8475331839614118,0.712306049762599,-0.9493799721347658,0.44711961719006954,-0.8523424207285595,0.6294263219184799,0.13623942974613756,-0.3797312597856637,-0.45002962890292175,0.41195440125598193
0.15860674986353163,-0.177334898064332,-0.23283226162182102,-0.052678000946641046,0.5356430568976145,0.012902041037875681,-0.07707101761236868,0.4570586382468316,0.31307632244970895,-0.05054389110891224,0.741327082342585,0.6426915701359981,0.4293322185021531,-0.1869835341709618,-0.0035176542956196766,-0.8462061312238283,-0.5073974612337782,0.24803355472580857,0.1696037876066998,0.9312430400956893
0.2990381848390279,0.4018700771164414,-0.23055732306055604,0.06831418381096316,0.447343463072685,0.17946004054109999,0.10426490582265874,0.12165403000676417,-0.09377226407540656,0.0338308253112561,0.5138998745409924,-0.562251515056506,0.025442114980980923,-0.5513785378715728,-0.7500808200881177,-0.7243305617357563,-0.4652219562946873,0.34787618383818475,-0.06846081856941821,-0.7079919077545163
0.03840636508220718,0.06834545715743118,-0.04552024597880247,0.4600633070276591,0.3431173386752977,-0.03184640041374731,0.22293435045043425,0.5295785479000081,0.0443879512444096,0.2586272548770808,0.15838429375698282,-0.976602540018473,0.6665779587824858,0.6506435581137091,0.854702613004096,0.05709381424011628,0.4606324294020485,0.3110747374099647,-0.49869595188365157,0.9001362275819627
-0.10459328738908326,0.39229098872547097,-0.46552539773813206,-0.03955404262216357,0.21708281522496597,0.0487103524161636,0.3447557444296199,0.19954603737097198,0.020024306240403772,0.3529377327529196,-0.29875414963868363,0.45443632801411504,0.2682238081520494,0.50453972341139,-0.3922019144743698,0.1325563086197994,-0.43794958784306126,-0.7020791366080299,0.7602875438751431,0.11015888389944961
-0.14679860107111883,-0.029471279204560594,-0.020452746989250092,0.38109180210097404,0.10886362823615474,0.0042039163403739255,0.06020822008214273,-0.1796949623309687,-0.22357725789004546,-0.669502798956612,-0.9795620484111316,-0.36068418553662784,-0.6997818805446088,0.5620974162105963,0.47778504760132834,-0.03622085058296576,-0.6162256357886216,0.830775943604426,-0.46500738127110086,-0.10394857570246718
-0.15047534600496185,0.24833702123069357,0.09714581327351962,-0.05126873763059735,0.1018888216953549,-0.35648192355577984,0.19724998552643574,0.00014878343283336593,0.45576916728956246,-0.013029965286730255,0.7402927528578866,-0.14298319097139633,0.3137447277680485,0.5171044102750535,0.9487922114010383,-0.11015966285273926,0.4936879215197658,-0.8559495949050637,-0.5590726863353501,0.15119948133661576
0.08082161256288158,-0.01977272825346918,-0.21988232715152603,0.3425471559598271,0.057609307350873495,0.018255314922523302,0.10427114475475788,-0.06454843034118571,-0.20336121748611619,0.6086718750754176,0.1570020921984101,0.9135573168506612,-0.2373736540486442,-0.06556591424872504,0.39986997475330455,0.19109833445296132,0.9295335911669449,-0.45235554829321667,0.09564113818231323,-0.49383060056687555
-0.07620147203385408,0.0058258300669729035,0.10606833725377834,0.1055405897698874,0.14895095531075697,0.05602609293260641,-0.13764939916175223,0.28237700721908376,-0.5787788023062901,0.10425851114339979,0.7560405336366931,0.5982117329429628,-0.2353069165083943,-0.6874004875842525,0.7233365962326992,-0.974628889521435,-0.9539178423572043,0.21596741239364214,0.03020400804748169,-0.344581839830153
0.12225026768344659,0.008358839606128057,-0.015449374892376619,0.002526746179333659,0.6386726470263272,0.09654297148005103,0.37311283028223147,-0.09287119520674214,-0.0387318455158553,-0.018027030827502347,0.48496518009792555,0.3128410477485257,0.3908767152959267,0.17685261526044882,-0.21412206725386018,0.1212364580433456,-0.7153608489863652,-0.6965883271346347,0.27566545101394135,0.6411246282804357
-0.2921030053019902,0.048010954054745564,0.04504539075012884,0.007585087579001025,0.09104402975366702,-0.2609735400226749,-0.5027952155904917,0.3443733271203365,-0.14419490943863894,0.093063061453831,-0.287519437288845,-0.16653579588264056,-0.47573029594829586,-0.49859259961909297,0.2194638439842691,0.3423391565386913,0.46136070061223977,0.5817271780373365,0.30100376676441276,0.7991298565657952
0.08316271616718723,-0.02934118933886741,0.028485492864135313,-0.5895008402327817,0.12211851224892042,0.07753210074588898,-0.03993369192354558,0.2589436294552571,-0.3872637112683153,-0.11745022462324406,-0.21655109178120835,0.9534561846520042,0.8751646228018717,0.8419755411057648,-0.6394467957611427,0.26638920117429676,0.9321715421086685,0.9445884633757713,-0.44551611044635053,0.7764152907663693
-0.04497478649172535,-0.5016722695903844,-0.12537604291418158,-0.06842680858220773,-0.044282636579974444,0.08845277657157656,-0.2570875053005325,0.21465970614260593,-0.18406652438161986,-0.47668269514521566,-0.27848081914868317,-0.48582687347512676,0.9334774037430738,0.8864400334828226,-0.40317652315149277,-0.6601938282787285,0.2815914950649532,-0.1679609358482559,-0.07335935682186223,0.8317355682582288
0.6568393041972436,0.003007027111150952,-0.18131453893544242,-0.017773562615806773,-0.24627240429524402,-0.0505116769717115,-0.010995749258070887,0.08395235155687408,-0.39908263360623386,0.04827582033463826,-0.5449715080030755,0.40512009689132333,-0.6917668297407646,0.340983021676285,0.4912823242337159,0.5337555580337594,-0.8480992771224307,-0.4990193967808989,-0.5251022301003565,-0.09308021001169098
-0.029432965200408688,0.05130324902208455,0.07565560699201296,-0.09920704134790638,-0.497907723180413,0.04390650915641138,-0.17936378523934118,-0.09335505131360576,0.21437329951819817,0.24467882712895664,-0.7030662861945076,-0.19466229352154207,-0.27343843759041575,0.354456068972435,0.27548809717174416,0.824075792912524,-0.9538407192684097,0.1665704691494163,-0.3971426528636093,0.99191098170921
0.20445514982251123,-0.2187991824943884,-0.03590250071844536,-0.005313438197102616,-0.5154568746615563,0.03001675260262355,-0.33880534792216677,-0.05483462425123341,0.045544945922540256,0.00419587130500617,0.07297100767173004,0.5167282306351622,0.10827510548550001,0.10561571470613362,-0.7069329199537657,-0.11574673066249286,0.7461422465433596,-0.5766448400273234,-0.8878476885250439,0.8305047791186957
0.5632050152587349,-0.22395853687591297,0.4536533156922683,0.047684095732713094,-0.30721370753564164,0.11202939800324213,-0.03963319515070135,-0.019140631363462585,0.2075356493180393,-0.09731743458828479,-0.2858759658875132,0.49818344673141324,-0.7374836734012766,0.8379737353182737,0.909722491938465,0.494238129741982,0.8648580498842056,-0.11478608811395885,-0.7452665883495857,0.09140313786995424
0.06732669451207851,0.2661202163578404,-0.09545953966374268,-0.23311878127721722,0.047081222207418325,0.017097944215709787,0.18823886501254483,0.20245325565317163,0.23079291648220107,0.010006859021665399,-0.23119385768836787,0.6840650207860481,0.3841199448714663,0.028665531578657477,0.23115283933624609,0.21847512698576566,-0.23757347513165872,-0.6790314683199115,-0.9610575711577447,0.43755269507807104
-0.08323520804909254,0.056223058334224515,-0.21172026275897785,-0.66236982983726,0.13070216563558434,-0.14862334474383312,0.045969934483518576,0.30951282891000076,0.38720117978960344,-0.15469016393379711,-0.12513181352426228,-0.17973895813785945,0.08295184626860119,0.4127994208623127,-0.8314827438361283,-0.4335947975547365,0.9268822887928045,0.12875051447452934,0.989811243976229,0.7012920717143345
-0.17098714695902575,-0.269559985962755,0.04659106916491573,0.3271246414731921,0.33785408203901135,-0.07800273481541498,0.3562881558442048,-0.26977927472915647,-0.4398960365153653,-0.20184770726616919,0.2607981255127385,-0.46632415408738215,-0.4254085400255896,-0.12288956334275514,-0.2116698967728896,-0.07185962602428098,0.06732220767421904,0.3476241829121476,-0.7832681884093353,-0.5721175138335259
-0.5983532526915278,0.04235739413654081,0.07530176052089554,0.09046964379740163,-0.2832298591753735,0.1524477177602554,-0.1452324877443918,0.01550497034295567,-0.046975246138037885,0.24629497486671936,-0.3144362067074249,0.7198854290107841,0.019179767266624737,0.8859660368143241,-0.9465818284779968,0.03950943993875633,-0.17010706562811517,-0.12928980452663486,-0.31965758702733726,0.6028484105748468
-0.19259795281082753,0.19258639734219066,0.020889546799755493,0.004048835190525818,0.7885513863048724,-0.07954200573992448,-0.18909766798890262,0.007336051744832581,0.0016531011620026792,-0.1584105233228239,-0.4485484737095662,-0.3187856424134645,-0.4441535462974149,0.4140856678471876,0.586839530869397,0.6835038056574156,-0.018425493482951305,-0.29457110401922937,0.13114909688248177,0.022515471576294077
-0.034448204416508865,0.30653461693620165,-0.042408909498626864,-0.04294369771697325,-0.5482356562457131,-0.3869389135159846,0.013525458567890867,-0.02431616084106581,0.03270899758090651,0.25282677393283404,0.4750500616341564,-0.8723515767848693,0.01463746398248511,-0.9153328743791933,-0.8640534907041917,-0.4769490628662467,-0.7280729209088423,0.8505687379156104,0.16645283816039713,-0.5719458248222955
0.16551459443180022,0.011970930391489942,-0.6950222212926291,-0.0020161094328230433,0.023485925582842515,0.06502168647108703,-0.08177788246273265,-0.01845786356291909,-0.06268747744878422,-0.2982006584370951,-0.17230708003851714,0.8665279257614091,0.41704331693678043,0.23432201849758094,0.5621030600157026,0.2926363983497564,0.9986174932675953,0.8597797734488111,0.999419090231902,0.5007798620772212
0.6487933926115517,0.16624208532275292,-0.24561801115615534,-0.025152472948599236,0.19938317765296842,0.14302503780631307,0.2634429137302995,0.03249506638864452,0.13625493372942402,0.1899004037980696,0.31983709232604296,-0.20421715732982704,-0.7747085612190163,0.3797284577177784,-0.8810470052677,0.9564197451911205,0.034347796342070414,0.7893985904798213,-0.8215765668907531,0.42848849122416643
-0.10856942304252573,-0.20692618286040942,0.11150921090686533,0.006832788606973674,-0.001669942736190786,0.3071914167187607,-0.6258813346147498,0.10307861018360609,0.03889842153410829,0.03233333255115772,-0.7178442621622001,-0.6629417446190722,0.8313997243404265,0.04989752359145161,-0.21339053172584732,0.4960099663602877,0.8691206069432051,-0.055386540688171504,-0.5847344040454103,0.13516257116774422
-0.04055209601222698,-0.5069340635819445,-0.07212121619407258,-0.23343744399562433,0.14612672629450252,-0.2705918315555734,-0.14308014285852821,-0.12634271977039224,0.06845586187837899,0.26726432481239826,0.9488306024682538,0.1786593033450221,0.5244828553252951,-0.4959981961665141,-0.650033848998069,-0.03940624747899868,0.9292082835151061,-0.03406322246530924,-0.175845356866015,0.4214112036099644
0.5359743572839499,0.23882128911875045,-0.5638596848578692,-0.10864570909886634,-0.11842965567873419,0.04145684563675016,-0.053004048018464534,-0.011414708163010934,0.09610055900668435,-0.010082170277780245,-0.2880282094441591,0.9207485105356272,-0.7387683306005512,0.5539261081278994,-0.6403416132987774,-0.8389280556283629,0.7324622609161564,-0.348019146094936,-0.8268295293962082,0.8211766453405072
-0.17739348758649331,-0.16581118049685994,0.037099175508218896,-0.0609894737573492,0.06831164101784337,-0.24659073115729155,0.29633194454842127,-0.15660865769630317,0.30697711584799797,-0.2300421076730417,0.6006965876107109,-0.8922328987695916,-0.6882440489667021,-0.5659193473586883,-0.8374177426961493,-0.49400767501634446,0.1804988590299652,-0.660910097877073,-0.8702916774173017,-0.9229537738573221
-0.12195072586719558,-0.5640598424021736,0.1276060105721823,-0.12729785531009846,0.0768806426937162,0.02799147075917325,-0.04127833394193561,-0.2566502174665607,-0.08281040619642208,-0.0753358371882108,-0.6351727049270255,-0.14796124934273536,0.8285183673769709,0.5607777821742148,-0.9630351621355124,-0.3469056407966631,0.7856413637219537,-0.003613369567070368,-0.16051779687855272,0.19216733384316131
0.16936386905660394,-0.019705300148402445,-0.03805878468089388,0.2502151067043513,0.036755863584180815,0.22379580502832894,0.012003191943378733,-0.046099169435456666,0.556627292487971,-0.5614687864640864,-0.3721569943852141,0.31687437045290867,0.939040714410488,-0.8201593611073319,0.20657194760716235,-0.3717697430642206,-0.7765368207977845,-0.8567863227853016,0.044042296878505915,-0.5574835304726611
-0.06703553326931483,0.2740192127220739,0.10345748859761467,0.17156085126592302,-0.1149527841855836,0.15448174521359542,-0.051411838820456385,-0.03422600084505511,0.6908568159686065,0.028994519191964607,0.4551109076965463,-0.06357700864023386,0.42481688179079424,-0.3198207314486812,-0.9276565300020563,-0.9077427066059616,-0.6498803473092438,-0.2175868350844543,-0.6876738931344037,0.023506848860545437
0.05997876288710269,-0.0509169346088416,-0.18803927582176405,0.4900635744936893,0.051885873882819816,-0.02411837534386352,0.043871218996455574,-0.5350341410294537,0.03659690613925304,-0.14920131754416488,0.3238260309990064,0.9045402100144364,-0.4407451976218091,-0.11015040774349627,-0.3429111383074428,0.7473778240973543,-0.48895867966973294,0.7017797243479464,-0.006858949769374956,0.3911645457514954
0.004993336711333521,-0.6239825198120462,0.039718729769848554,-0.07310348013236631,-0.07367169099144949,0.1292613807832783,0.6128201907797731,0.12632415414334855,0.14182707974578793,0.12758052047070223,0.6550994018661451,-0.9952391800336844,0.49887433527534863,-0.2507481396354303,0.43698350441238265,0.33755203337777595,-0.1728455480946849,0.19296074595718138,0.22130786299436167,-0.7544467352546644
-0.09609201661375816,0.05811955846050809,0.6567911079851061,0.05726029615482228,-0.17873113645483507,0.14668543705393444,0.20681878176676488,0.1991155055898564,0.356065404304398,-0.252909494135636,0.14231308802801412,0.7994780082365451,-0.7963594283871176,0.26971925793406326,-0.35229366074974733,0.7541070872109406,0.8030007220703765,-0.8406696255458752,0.47762125468951,0.3509041446497716
0.5800551510188818,0.140047228231874,0.08103622100360357,0.0759501525054041,-0.17242288026789337,0.20877198561259713,0.09198272783865655,-0.10017324913505068,-0.08445832950435812,-0.039712139691812504,-0.9537772919882088,-0.463699303104832,-0.5142428999293025,-0.19362389817003045,-0.9174902978055846,-0.35396768946443813,-0.6222936548224853,-0.4360273468316769,-0.43580346739267517,-0.46191538596851744
-0.08566591172064289,-0.10508832300482017,-0.2071775835121119,-0.18827927002629513,-0.1802212259892521,-0.36272064829036077,-0.5193234270862829,0.12875434373675332,-0.019395792530915695,0.4019807875170431,0.8633666766036046,0.05028216203352143,-0.8718721329238033,0.06008610039249773,-0.7008301592119164,0.6126950136983114,0.985901344355214,-0.5217049896209609,-0.10102256320585701,-0.3874169895940587
-0.43270947038666424,0.054311215588599,-0.046864123187680636,-0.07984168668751629,-0.18056927955991572,0.026930601997278175,0.02643561398388955,-0.03274149506565527,0.09263810700844805,-0.000993476188447473,0.5093288629963351,0.3378565208214306,0.032863184879088125,-0.12060048969204407,0.2789026638084917,-0.9970666809702069,-0.14517541613697782,0.6932382411620901,-0.8145939107371412,0.09875040494520859
0.057719637779209354,-0.1063977944116498,0.2894425989838916,0.30339057114356494,0.04692060221003999,-0.09886833144759966,0.19898713273664392,-0.20899759359807568,0.5753809236451785,-0.29635271455985046,0.9269996927382962,0.9884625328407413,-0.3607466400707362,0.9546178966869769,0.1064171185206717,-0.6858436528429701,-0.136702982774624,0.17788011751577537,-0.8204219081475295,-0.647259650161381
0.14321938197715184,-0.04150690058201105,-0.10637234688209973,-0.08391013196926207,0.04635980376237188,0.44958122074814044,-0.116966249589271,-0.10397035136658574,0.2109880721167845,0.06009138640563498,0.8611718412062503,-0.26043058737276414,0.4874974783602857,0.12354188569713842,0.5336055302219136,0.549605291705556,0.45350093014246884,0.0624032147007918,0.6463964750519808,-0.249710809908684
0.0049768908555731795,-0.10494848243454802,0.21962794518629902,-0.025475708358930316,0.12844194844558132,-0.2987081928610039,0.5045045229375009,0.03696973209099885,-0.0984342736574712,0.12640371427019725,0.04867408796271877,-0.9105025684351238,0.7195867153959954,0.3399387648659249,0.4153698378407926,0.9748555182864655,-0.4237976301195461,0.45749244572744785,0.6500728749694769,0.6097267633367001
0.5310933229258402,-0.1278550474521554,0.1186297194549953,0.023795954259654774,-0.006122771972089419,0.0007229195889852397,0.06305607796821797,0.17251236091199776,0.01233600315708503,-0.3920834274473807,0.7179711719219817,-0.6887364256403736,-0.2990778917411425,-0.015398551358630108,0.8269331844259988,-0.2574861981891985,0.58221400041694,-0.3624423360902542,-0.6914000736907671,-0.46895154360045965
-0.16379131409966635,-0.20574456997308233,-0.17328762673743853,-0.2503918459278584,-0.36880436086964297,0.12458833010000148,0.0891657992020025,0.043370769140037846,-0.23586780029445248,0.017186173986015796,-0.9612848425922267,0.040157024822678355,-0.23089355807881273,0.9729836881524352,-0.20593751102970148,-0.7337181253119553,-0.4185766662330115,0.9845852138111124,0.8273691450312692,0.5687306436406439
0.06782068330368914,0.2963747071357913,0.44245053597954787,0.16892590130151308,-0.3861850150190363,0.19068533858763836,-0.13105029037121801,0.06811459206495768,-0.3673453167486687,-0.3127171327692951,-0.47554334215543603,0.11063156095261428,0.18375961460527201,-0.789370133489717,-0.7202583882350102,-0.9537444189592743,0.5204103780709672,0.9089744169030136,0.5684501550314398,0.7569354901385221
0.05568643047708609,-0.09936059460565178,-0.2027800596343254,-0.30533231260993715,0.1239064536947988,0.03043041530620567,0.005083036659013364,0.07710055096386292,-0.006686218733744302,-0.5709052465669644,0.5400715997180088,-0.598682112590377,-0.3605489412906038,0.7224250628775288,0.981820092621043,-0.681815130619543,0.6037673451743324,-0.8345818005191341,-0.4016406139353659,-0.5892664159592897
0.10958931406902864,-0.3307808044195628,0.07378768906369398,-0.6019807114812598,-0.08467150882852881,0.05834310200953022,0.07481703232778032,0.018019893285337596,-0.07232348133863088,0.16468772197037485,-0.9895951541894494,-0.8475999278979831,0.7195442937359509,0.6067059955900918,0.4486159653534123,-0.35627696600316083,-0.4322629167960568,-0.1435510175380481,0.9145858770836932,-0.9285389210961954
0.008565367192020508,-0.31672493400154544,0.5071622041302704,0.5907081574881395,0.12653100903654602,0.19931824926945219,-0.08974714344459236,-0.04721979363340413,0.08917361657654538,-0.03763517285799661,0.7402989927510872,-0.42340717887241297,0.2153836800799327,0.4094097878879137,-0.8441292927323867,0.7046880601995837,-0.9223614417072179,0.3891166536251629,0.21374941353376542,0.8772633216621373
-0.5302797009550998,-0.08613607295132548,-0.12610972179047375,0.22044383799468814,0.13457435873977758,0.011041450355169458,-0.06019967262837167,0.06507612667791077,0.10375618498492051,-0.0427531594671996,0.7733576459240696,-0.43955182388572367,-0.5237875298944688,-0.9638826562981517,0.04565339964486226,0.577718074993824,-0.7340131579709028,0.235560376381581,0.5244955236441999,0.4844415971044769
0.13220865820622266,-0.12425235562698489,-0.08145905695511768,-0.2657483746767785,0.09847456448312375,0.6205979173540963,-0.20183142388766545,0.10815841352119171,0.010506686567352375,0.12825368514095165,-0.7227121083912713,0.07784572118634414,0.956735679586761,0.5993446596184007,-0.4831344676695082,-0.1068735368873095,0.5874541848952621,-0.4205435034281817,0.2743949199881439,-0.5408963287843112
0.10485198216968145,0.028871804277442847,-0.02670220611064702,0.05484366687598943,-0.21314358850424653,0.14081254246878194,0.6301295615703235,0.03664630540082829,-0.05329881776523093,0.021919976791092345,0.42549515617915246,-0.5694887744392629,-0.6938689884387788,-0.7178079354178111,0.599976131475189,-0.0618578636424747,-0.887934062950454,0.19073652819743114,-0.5778591738700594,-0.2571902833979056
-0.034714282005026326,-0.12302016894058589,-0.042425261037919645,0.16281615748168868,-0.0038778682934088593,0.33547733341862906,0.09652450691040593,0.3528741805966523,0.13152055052350284,0.43434443562805364,-0.18442575519466686,-0.9968084213901514,-0.23573471807383872,0.4540260020769382,-0.8539857358610616,0.2966276770428016,-0.8761777899309597,-0.3672489399326131,-0.9691626052140869,-0.8250934613486687
-0.1321609291060728,-0.09909336049289919,0.5390582059661887,-0.11316613988049096,0.4482743395934037,0.1618358338923137,0.14019468737131857,-0.11781878328071949,-0.07535134509242114,-0.3538578745475271,-0.6540438992955178,-0.21463151614631593,0.4763221686419796,-0.9565597279731797,0.6923424187819407,-0.31375265028172783,0.7004053031785085,0.2298058727638257,0.1991583052374426,-0.015216868674522432
-0.1770663977978012,-0.04477824447590639,0.5822325442146169,0.004632406012560517,-0.13783225156491383,-0.17378393771089212,-0.007151187035027602,0.41759339538459106,0.012925709013126563,0.12489804073262972,-0.6146446827695453,-0.09668570021227563,0.5754593957336906,0.5547188553101401,0.503282845948932,0.8447479760333048,-0.20659584670361064,0.6800273330526465,-0.6435580835520929,0.16364949941267715
-0.020817879320683144,0.08169614695056315,0.2388856199909598,-0.15891897134805325,-0.07201869199980489,0.003753610777630728,-0.45766411619501296,0.05796008450700485,0.20361873877080924,-0.3828509391851157,0.30022572580302564,-0.09805680805527617,0.44286934747169693,0.6532202425944795,-0.9540113968752286,0.866554964742716,-0.8559800162941704,-0.30691376688687866,0.4832156491962296,0.8332729720151155
-0.029257462997986237,0.5448976997788656,0.1410173158847816,0.007035525441289159,0.0042750111358503765,0.0449406061250419,-0.12444159599031274,0.5340885821472753,-0.0033679483119557676,-0.0197474157105232,-0.8299461800687851,-0.32093557421950725,-0.34784731507477873,0.038503785247499867,-0.6902010473151658,-0.6827049713622553,-0.40126085758175045,0.7898451761799647,0.011919348435983856,-0.47292450117480356
0.22206083778332464,0.04688642804325885,0.5363624966245976,0.19021553857559304,-0.3015594514733412,-0.11642396093131041,-0.03705359059349966,-0.30976727358272294,-0.0861353313909527,-0.25257575498194507,0.5781406909013922,-0.8820643340895602,-0.9522682220532126,0.4391615256557282,-0.9034312761405756,-0.3401687402576332,0.3830509774487283,0.21019611421621853,0.04586584056411103,-0.8808433758310221
-0.6584027816625818,0.1324571452944628,-0.0412023233914054,0.08509190285746271,0.06969933069889403,0.16546938992067128,-0.054492231547908755,0.0071447004344826134,-0.17811359705563343,0.03662500049351522,-0.35673741236643597,0.7648718186417354,0.7623327329011493,-0.6368213584704969,0.7424383829381029,-0.9145270039438307,-0.9245397254712238,0.6617786217944892,0.27068659150900687,0.5032319784294974
0.34133531818880036,0.058409819214525975,0.5094409838997704,-0.037642296048673356,0.6137425429254617,0.09339589118758929,-0.1550575923779427,-0.17104299716081303,0.04746645387070225,-0.1665988290952744,0.7911574726771693,0.359996374575843,-0.38994531420721645,-0.3491151543930746,-0.5627271226487889,-0.06825708173224987,0.4627041861576717,-0.27100727348601383,0.743122092518337,-0.9453170376615796
0.5759006049297872,-0.15534444447462262,0.1107402141927937,-0.031893339047683905,0.1855058219633562,0.1959914118849448,0.05116928247194717,0.011267315898576503,-0.07212792143468083,-0.04382270837406916,-0.5857108758907057,-0.9602646576883789,-0.011148611724927981,0.19111545974486255,-0.608893791779975,-0.9198140555778316,0.6550932334641035,0.2570705227338186,0.3884993879358647,0.9413483590871585
-0.01333108313341183,0.04922793336707265,0.05218864999586165,0.09649020084656462,0.5731280032081139,0.10383888308291853,-0.13344474826072872,0.05446954094626122,-0.18807461432818023,0.04715843961544508,0.9323428000217078,0.5310575590041637,-0.41648098052224647,-0.13025525820869555,0.5515527558580564,-0.9160986355732814,0.9460420420204161,-0.5376183036482209,-0.6061880666350918,-0.7095882065637382
-0.026665227124647875,-0.5134367347349381,0.0031749547853858334,-0.02234341577220193,-0.13751021857485418,-0.21914153873267103,-0.1045902851199792,-0.08472982772775015,0.44950550616661933,-0.0067848569912102915,0.7697606614185375,-0.6935138531396396,0.8557747155876427,-0.8869918890938389,0.4635329589598096,0.6242950390928239,0.8595094067163078,-0.8290010273046222,-0.0017479789698124915,-0.4685409731489616
-0.3601405056619147,-0.0784203776109606,-0.04660272339090854,-0.14719170995759434,0.3127584083111584,-0.5292503348543819,0.051513066736513013,0.17220446221215582,-0.0275676251961086,-0.18492751980067773,0.8143374540759718,-0.2730067492401207,-0.3029370540091092,-0.2723970995816707,-0.059029950996092984,0.6877167062142755,0.19359401027734569,0.816092523044472,-0.9371253210313022,0.23875227757649187
0.07847880089109621,-0.08347756263991502,-0.3300427473014006,-0.1822649758911537,0.19630199360165268,0.10810187345290706,0.0093733185002281,0.0283962882718716,-0.13830634788998858,0.11772842063342037,0.7488323892281186,0.05842158084757232,-0.6907253597812422,-0.2332445961765479,0.7806837137026541,-0.3559516842351784,0.03447695083327518,-0.5689862197104891,-0.21821121189372228,-0.14878849516121728
0.3453827708779524,-0.7004574289053981,-0.1839745746414193,-0.19546265473225785,-0.34807612019614764,-0.03588675196233258,0.08855355721925781,0.05439080987602114,-0.07653059819284838,0.03360686444426668,-0.7632877736526131,-0.04714571588760963,-0.9697698120854863,-0.7369726105696284,0.7020910883668177,0.5245170368252554,0.5320235168103415,0.8982815418839916,0.5869460563616946,0.06652220692583666
0.05409607509842371,-0.678427644361139,-0.15718793531459913,0.009827910266547085,-0.05973860589295768,-0.024152025454208942,-0.11265565259507603,0.04226000087997933,-0.06268495013826152,-0.09254785187851523,-0.3274762899013386,0.6451316970757113,-0.2401815527063924,0.62200870428941,0.8189646033708067,0.723453186513509,-0.3527627903726849,0.7835578057878301,0.577798096399893,-0.028408215484386323
-0.08193604647627012,0.11697779583768683,-0.0820938250446468,0.02947535278686972,0.214838033918993,0.12052627165981139,-0.09540429762570686,0.3063352671496895,-0.08544054214589097,-0.3054363144099089,0.4221952039901704,0.6369498314714019,-0.5724560457866497,0.6772211723709514,0.9844921172321468,0.40456970274104265,-0.9620010841381337,-0.33250512363991414,0.09507158818439998,0.8843308422844798
0.029402159021960084,-0.2125530893488171,0.1860431517919675,-0.013511996108346858,-0.3817451331792147,-0.0169565829566828,-0.5033786156971746,0.056812062753185816,-0.1058749873774406,-0.1725683252924068,0.8563615920133099,0.48917631763544,-0.919906698012461,0.4556827278901716,-0.20295755953074512,-0.10961713293043407,-0.7487702289624345,0.43272127646422476,-0.9418369771136601,0.14157388979142738
0.007156989498331295,-0.03145195105786159,0.007231093693459579,-0.0015149007057225746,-0.18684127744625845,-0.017130816291439505,-0.0014460079492372678,0.027458026672820185,-0.8045096691454842,-0.032596860347688446,-0.8462963161070591,-0.10696147981279847,-0.6291875325940965,0.8011235373210608,0.7618117653647147,-0.6019328154676089,-0.17513575018110972,-0.8167823615382381,0.08489217512905078,-0.13403952058181523
-0.2192152079824664,-0.07202812986929073,0.3643040422397038,-0.28481854024612485,-0.13765754967909088,-0.06598141808713354,-0.400061156543138,0.10179700651333196,0.32315107444168467,0.3041372130239921,-0.21883819465457388,0.5953697875238582,-0.12622877934763288,-0.5395300530133287,-0.09332915363084249,-0.11628872623392494,-0.7942322806606608,-0.31870019637451574,-0.8244633798188998,-0.19816005310757734
0.1107802145940846,0.07151148434219085,0.0002648729682098658,-0.21015190561401037,0.07204311642946815,-0.26286570858809033,-0.36243552796028095,-0.5445554229500569,-0.018401903291079838,-0.16990425213852742,-0.013157157620130144,0.9798245417220603,-0.9987878802705654,-0.6001645312798578,0.04247977757891652,0.3685382422014629,-0.24294812582284453,-0.844365892570784,-0.29993845284224796,0.08502200544465532
-0.6435681807955598,0.1405176279338054,-0.07705221403755502,-0.041984865271502206,-0.4427474421200476,-0.03621859895196887,0.0345607737253224,0.39470933156942023,0.13294507369565128,-0.11889261748999787,0.5072283267975235,-0.3463827231208858,0.20462725464798126,-0.7085085015633457,0.5660823610403662,0.37204353937538737,0.8340473215704194,0.4964425670812844,-0.15628583294136944,-0.8999401354029974
-0.007372764208900977,-0.009092240081955125,0.3740657912048775,-0.42357893282244036,0.016868022062290877,0.05925375119668211,0.15197787630521897,0.09249869557592402,0.3320569241550201,-0.5050414890214404,-0.1869075215425069,0.958957278425155,0.5046182412933053,0.7015695384323626,-0.1772757533933773,-0.8030176362279586,0.3131477105037437,-0.8775650376889816,0.8545036797321555,0.9135035692162319
-0.019592484431267786,0.0036531491364371676,-0.514872438597439,-0.009882224188524462,0.17441017870552405,0.06403135401199435,-0.24648403847966366,0.08903382520079912,-0.0024773175318000065,0.5197153519385901,-0.2645148177040524,-0.6489960733607241,-0.7115912878137001,-0.8038607187052154,0.2552431578106191,0.5865334736613848,0.05122808673205226,0.7150089399280117,-0.9111679219922015,0.09505249423378137
-0.2289574815771799,-0.2294794949188095,-0.018380053393508858,-0.03168290473495436,-0.3310455906330344,0.16822696168784423,0.07652316949759974,0.2578297814678593,0.21479696135333748,-0.5305617469036602,-0.2437203924871576,-0.5335784278192255,0.38995284561953136,-0.7556548389330746,0.9151130138341153,0.3072158413991948,-0.5271956879938244,0.6364605277798474,-0.9742098810355908,-0.7158100562839831
-0.03247857087516903,0.163655178395093,-0.3051304067819543,0.3453012641493509,-0.06015301516820319,-0.22808420298408133,0.32854399369036236,-0.3487299695128638,-0.08362939376108904,-0.25172717712477133,-0.21340917981970842,0.2623350298991698,-0.3609804392846514,0.5427740247160133,0.7497467174746233,0.11636199786268975,-0.3003333118523084,-0.14775708759692763,-0.983958900467413,0.5868128580563405
0.041598511781864383,-0.21570219143617378,0.11808774436086736,0.0258683595536549,-0.0006232928312985206,0.6905107529033956,-0.013032588131278574,0.16230221244493165,-0.0351879890183296,0.050624257950366486,0.5032239545052501,0.27860107963511016,-0.5465986824214881,-0.6711255210865972,0.4209412372936472,0.43616205711507616,0.1145704570924293,-0.46444551274611956,-0.699855763603261,0.14678094560300203
-0.06500806027423096,0.2336282608400232,-0.274461161630271,-0.3306580197465351,0.25841953885350777,0.06638141571110526,-0.2262293468315404,0.006886837749752442,-0.26542658374816785,0.4375097169126031,-0.8518515546792822,-0.9278921810177325,0.3933827594366537,0.4368304854634977,-0.9322898234765788,0.6956596421555381,0.1705471208517757,0.5820707051207945,-0.0832873161261436,-0.5291886690499354
0.36080610721848283,0.5903037636855847,-0.26855695615788344,0.10413524925401246,0.0016742477993803295,-0.07743792188984168,0.014294642401279159,0.28417841647206665,0.016239944737163677,0.09539630890167153,-0.592528460373172,0.21220440956460607,0.6410523145021119,0.2583100117071073,0.7575433062702288,0.40610969970802957,-0.27204728994906313,-0.2237333925062246,0.8889697729739061,-0.810849435920058
0.014986669673986389,0.29119544635935846,0.10061596105701862,0.26209404447303186,-0.34870881638229556,0.047365087417928387,-0.17848977037209662,-0.08298356687140133,0.22155008443545054,0.09979761731619256,-0.28201612085895356,-0.893352175228703,-0.9871982405162778,0.45345532874379124,0.8480655173264255,0.03894873808627586,-0.8997434138353726,-0.5152944499836463,0.6323554119445005,-0.8488874525856558
0.16364644029638706,0.18857288092440072,0.0007912078993180527,0.039032988355666376,0.4104938821166788,0.24618081511922543,-0.6122817570086431,0.003771240285008859,0.11590122539972897,0.07905292350225002,0.8627949876888463,-0.8105139662562646,-0.1513729616879591,0.598960173784036,0.20239185164111628,-0.6258247413071611,0.3127251428898534,0.44834587268373993,0.848725974170939,-0.9239541030363256
0.3605714236416929,0.05756775138263537,-0.25092364720838806,0.20412882010570654,0.15381466648833098,0.23797234688254443,-0.0323490751303116,0.0758234196547456,0.5815946732871853,0.06652426911258169,-0.43687766145506,-0.5283632957695983,0.10051468968596522,-0.37273620369557503,-0.4565052469827635,-0.21023185647986442,0.7388735668055044,0.5958398904084157,-0.3710354733240533,-0.2589490258226679
-0.004129728998997356,0.07542677561775635,0.4532529895042564,0.004821145276388028,-0.030283158598317428,0.027302262980098916,-0.10370432702161697,-0.07750374279443713,0.7001641193650073,-0.3259719277552924,-0.5649834151847424,0.49445998176540606,-0.6876476199288168,0.9562005092369157,0.44553724082011015,-0.9835005751679491,-0.7451395110917252,-0.5817203837731739,0.2460507765345259,-0.732494136767887
-0.01339924136182712,-0.34357669505746696,0.6924610199484944,0.09567663389838435,0.19769724026999297,0.02140100863101092,-0.14173738991528198,0.30006517079124295,-0.08296079729407144,-0.05279270908289709,0.28186265648934095,0.39997589578077064,-0.7455714265473279,-0.6315018142967124,-0.16308927438722076,-0.0970096882490965,-0.12586397081210232,-0.07606155161017236,0.1794266905459092,0.325083014035376
-0.5129909989770827,-0.06101177989785933,-0.2841271397301971,-0.38768777838478763,-0.11992960121879775,0.06477326566255848,-0.02906546987966141,-0.11939574050629365,-0.08177135012302558,-0.3478321854608682,0.6536831416549553,0.5282617288835922,-0.5362670446285533,0.6957663207784257,-0.6293793881487546,0.26442359231228485,-0.14180488073345043,0.060752430172534844,-0.5757905888583996,-0.9482658587281374
-0.018518106280264523,-0.003333960534922832,-0.046034286134270824,-0.12975321340333767,0.0875812889914338,-0.12483521628061654,0.534253314977797,-0.2238453113342673,0.10241695620298175,-0.11507791891333635,0.45025526194608845,-0.5010019065875131,-0.8154129190190229,-0.7320928076439697,-0.8942116245057301,-0.14241043980232138,0.9223186183157772,0.6720922031188756,0.9411120266530741,0.020388669269822968
0.023232994256504547,0.043346658415577055,0.08156834872536611,0.288292306863708,-0.5111342980298361,0.2195625275270173,-0.05824117326454037,0.09568153129914117,-0.02932591742474433,0.13198636688695503,0.18696991964289178,0.5312591041521546,0.6060429018220603,-0.5015210962042065,-0.5413214965781994,0.9740855477206751,-0.0856726629591924,0.5991345509342609,-0.6243439370800157,0.8353654396744081
-0.12476047687980985,0.0063131452397596835,-0.36813445347414325,-0.35914039888753485,-0.5121963781191707,0.3346598091393713,0.12705939316915138,0.3360367013038259,0.00604050119838892,0.05138147862197305,-0.9366031084460844,0.7643483104330213,0.4234445506845623,-0.8084771112399285,-0.703870411503176,0.7352313846255036,-0.6961997396674293,0.37055252985052123,-0.12539334638762845,0.7256875635951958
0.5324304744127913,0.06410250241177423,0.24265769640790835,0.0735832095032477,0.03659816706913606,-0.1503588000433688,-0.09478414583747703,-0.09273952794974868,0.3876328266314464,0.02456392245546497,-0.24544920261603953,0.2613624703376223,-0.83887525885738,0.6688655581913197,0.9196468478908972,0.5632328807950204,0.03526782122190908,0.6791097964080905,0.8895814693810637,-0.16989042458694703
-0.11762292587966335,0.10260639525122689,0.11966083233755243,-0.2669169338739004,-0.09573966676075585,0.35857770752688567,0.3616721254061912,-0.07790789168346057,-0.016862663052210458,-0.5164017334351652,-0.5635764284596654,-0.7006226133069005,0.9652054615550398,0.355817574108247,-0.7940005399974182,-0.5451866518523139,-0.5582162366267263,-0.2988608073679586,-0.9963401806672547,0.37243593374275785
0.01092859787399425,-0.3801732052970066,0.08171469312517801,0.15057330856849094,-0.08130349661376325,-0.19504372424248217,-0.0012808780638171174,0.1291140510195725,-0.3421411943427129,0.09086094342530215,-0.13001359990063488,0.7689922386701595,0.6585063260851867,0.7261765971255807,0.480494582485403,-0.19111966046697848,-0.0958753907524934,-0.7574945551471315,-0.5708640925334763,0.7983747491716942
0.1131761473269478,0.17869723649878944,0.015288279479352726,-0.5281341066465458,-0.026589558591047294,-0.08903775651882906,-0.29690761238354074,-0.06231870758473976,-0.06951341175911471,0.5871047484882382,-0.17765945716219878,0.6232552886290728,-0.6117781276556933,-0.012241832485110349,0.5385605591250464,0.829663333220986,-0.4898348881543222,-0.11669093459370261,-0.09915186195103987,0.9912795905871601
0.05981318144728279,0.1539441287781259,-0.17024646443000102,-0.6034955108570645,0.011258825043669152,-0.08496309790289802,-0.113063031544818,0.1963295835851343,0.11786082191501018,-0.3479762825804237,-0.8770265918904336,0.582298203432825,0.3628906261249101,-0.04287642964240024,0.9617639846507877,-0.5506684397291819,-0.38619451717983067,-0.15285943235496124,-0.7885246101346965,-0.45002855907261763
-0.08917931693184634,0.009628008523975749,-0.6684354184635062,-0.052933002654739006,0.00599530410747514,0.3748812124294246,0.20187455948511016,0.34714756787766143,0.029635980074221097,0.04356361976244801,0.14523679618145935,-0.44737516536304756,-0.06878339405164557,-0.2594653492729737,0.03727866501388144,-0.48029366797654793,0.9887698839376515,-0.38792657957143506,-0.4705708258232091,-0.36378999724996386
-0.018683226983009518,-0.46616791336256735,0.005874516707810307,0.38989281115216723,0.24064494580121373,0.16700546201748878,0.07764102920192267,-0.28197131174122053,0.08192985317608248,0.09651774531953516,0.9835941457995685,0.04741067365071494,-0.7612349578443718,-0.5060724847421272,0.8157916962268912,0.544256148512501,-0.025477840380224936,-0.26608611853188346,0.5522436901870955,0.5996363953830159
-0.15841837523228375,0.03353765513788576,-0.723383405815405,0.0018512938639766718,0.21356747208977866,-0.06738635639188828,0.4549546804902733,0.11716819132321887,0.18247981783221945,0.11601582921338083,-0.2709590499039709,0.6290500861416204,0.9744738215160842,-0.9106455844928907,0.30541867732870065,0.9703123078582014,-0.7599550103414698,0.6655917173174877,-0.47287217098909906,-0.4066998718302506
0.07501652714395643,-0.18249628658532807,-0.025266231034295594,-0.020912366935221943,0.1580115130821093,0.19872210640178134,0.39704687651912485,0.14292844742538952,-0.31491139589203443,-0.342623217441156,-0.7969787733670106,-0.26813668569998317,-0.3824347021807619,0.7533429939715321,0.2623894811566716,0.15664987520938634,0.6336673754017379,0.715189064378164,0.7508361476279806,-0.2854333820851558
-0.3981061535633374,0.18146413067906175,0.0876131980570811,0.4140574607791325,0.11778489311222679,-0.01057775634975399,0.016600417751201246,0.0366548824319565,0.2488235943092859,-0.0405385311176828,0.3367206320210532,0.38313389217944627,-0.9264320937209174,-0.46320780529102334,0.6890222429209589,0.8962537274648719,0.7231139592631763,-0.0921842612930126,-0.0061340286527160615,0.5014987582012971
-0.06778818908056704,0.5629898086466012,-0.5072198638649029,-0.16068952996761093,-0.015406829553213139,-0.09001059153971061,0.21179426721906203,0.24422919399262463,-0.11394481295443548,0.13257543115125747,0.91969816647355,0.1290889865678051,0.43487150399814345,-0.20661446176390363,-0.2599073292044556,0.534430590147142,-0.1525170851977482,0.8315439502694522,0.31697694717084235,0.9913864313715108
-0.052111466656887706,0.027324676366276928,-0.2813482825012596,-0.1287835574228419,0.231359461463438,-0.030736227632575996,-0.03980068820680427,0.10554166858207498,-0.03752285291503321,-0.6681732012766496,-0.37925177423031076,0.9937764905933733,0.8538604047930289,-0.9247278484729522,0.6162057393036302,-0.7302744171805249,-0.646155755732813,-0.904466319754456,-0.6624559373076211,-0.27998877388603605
-0.045667973442626186,0.1797607400501513,-0.26565793008344185,0.02056746277331006,0.16343496110783146,0.07976724701665319,0.06288356459132309,-0.5388656485869762,-0.12201639468280778,-0.5523806045989295,0.6709606895835059,-0.6520128308591728,-0.5570536366250856,0.5965001547356434,0.052041269508094734,0.5647796622847527,-0.3052077724872253,-0.323805682120915,0.7817492502783683,0.6939326341334664
-0.16587644929443401,-0.35333969219526395,0.2397528319507638,-0.38022420138616486,-0.18739312193286,-0.16703027472809673,0.18414262441758078,0.09004584763955309,0.29270727728002166,-0.0424939495791159,-0.4895390304901952,0.9953535272835241,0.13487525359850805,0.9550170843098429,-0.48410457516019,0.24724502205093657,-0.07932565508271838,-0.27987042056266564,0.8618335393259076,0.04994044542625953
-0.3628051126127002,0.031392127750878296,0.562909102521697,-0.31376089812816693,-0.08267903249138034,-0.3281830807204549,-0.1658896347176701,-0.008148986611665965,-0.16985004088631786,0.029864257957199436,0.530182939977607,0.28128166436882496,-0.26844422670296764,-0.7588361640750982,0.40496132216018577,-0.5088584179695881,-0.7495794878960835,-0.893873001140119,0.048767001222807416,-0.8409376983731804
0.1709082777451253,0.1989860485131375,-0.06946659704466393,-0.027965937999271467,0.03980612217099824,0.6706374010150006,-0.07792504102377251,-0.023496046217792554,-0.10901247863462184,0.07977972648003129,0.07716394146446315,0.2837724670222137,-0.007171921251511559,0.3770058687497688,-0.19965137182697967,0.663914285800465,-0.996863638017004,-0.06566525921226973,-0.31765785366983934,-0.14616214711578834
-0.007969052533920773,0.01972786790119957,-0.08955247681125555,-0.058936745144303554,-0.2197695932782845,-0.0008807108329598745,-0.20594926677021197,-0.36393342343212953,-0.1630151889165211,0.10517958159203533,0.8123388191062073,0.6610021575133751,-0.5353796899406986,-0.5424933068289595,0.4291743769000578,-0.7388937166924436,-0.6834148087607661,0.4249366869329665,0.165663366336803,-0.8764062313234644
-0.030763248753804498,-0.3075160131468955,0.37510557161585434,0.05139833247365666,0.1497209687966387,0.08690175482549191,-0.316858269251033,0.5789099411747377,0.15439206743839762,0.0297102563531626,0.19541149303615302,0.65103017924435,0.7956598896015883,0.36244363099891586,0.04412844090749268,-0.9760707688908732,-0.5390281471052012,0.7274454384891811,0.8495167950742148,-0.9088547944223262
0.08219519090466648,-0.35924685449649757,-0.4200361751452096,0.08862043679478787,0.13229407111213484,0.2581330549317951,0.21991711606984587,-0.013067087174314818,-0.00312678109397952,0.30040702435536804,0.6813692219196659,0.8696788756751304,0.4177895477038971,-0.1980080584977535,-0.17742841242451202,0.6531150363265965,0.2940489686363863,-0.7447378636618387,-0.5713338808189439,0.5751333705816648
0.07986581069879473,0.24461377336722334,-0.2952104250455695,-0.4599793240190979,-0.036170923301266894,-0.11498730096105869,0.4340696457401829,0.08209639141764757,0.3907845451488139,-0.11879431002027069,0.6329167947089895,0.44192647525668693,0.8368384068890502,-0.608916283623459,0.7451473151881483,-0.05684411521794708,-0.1004661042580699,-0.851474792110023,-0.5048030366454379,0.5278523696970487
0.33341307032358847,-0.025109158872077254,-0.40521829144688915,-0.19763076996483842,0.07503244978539629,-0.15855629247664696,0.36410623197834324,0.12534749122738958,0.5229109088499438,0.09573140080139009,0.3481836422852487,-0.015441202957003242,0.5465143383471196,0.18998507729876013,0.5629776289730495,0.002650510600626488,0.5566081349766443,0.6373316570556506,0.7477591165619699,0.5550144017867702
0.04765874472757042,-0.0549540140254959,-0.14496257689678288,0.04197069123535446,0.049243587495367655,-0.4304112435674765,0.1684742734754101,0.12608313156160314,0.12832370198678214,-0.3188156848393722,-0.34978113645298525,0.7367635112643875,-0.29003671137670906,-0.042230077096934604,0.22082737504405903,-0.09226726164957477,-0.293672395144734,-0.44345151846654596,0.7466821234088101,-0.043682805730432595
0.008473573768977366,0.5097882084398376,0.2508762815260622,0.17786474312161832,0.1800251903173758,0.20520405043063233,0.004477868900063298,0.07881148317254459,0.11835400713489841,-0.6312985010667262,0.06510690115729689,0.8154365482118546,-0.6731382116553788,-0.09559919711032983,-0.19845725993501762,-0.2707949527983624,0.7798316688820288,-0.6092539129830132,-0.7472248507190731,-0.10699033216128684
0.3120135346093452,0.14298300004007106,0.17670219514804586,0.023986850698157258,0.039121874398874656,0.517141381336395,0.1212564439286769,-0.015091492145232463,0.5752481763340079,0.09202145891009017,-0.9356937969078891,-0.4134557152119662,0.8181217977001207,-0.30562670680063264,-0.22434366216615143,-0.8354222880138584,0.3685482544501071,0.8236333497584041,-0.5346878970539202,0.8292486145198754
-0.00823554654860767,-0.049482579367241576,-0.22841191629869206,-0.619728972898661,-0.3380763894751587,-0.0380166392267242,0.23385001412624373,0.013433364322909994,-0.08479655616377256,-0.03498300915692786,0.7414127308617757,0.9420984706293294,0.018809867945428493,0.42209658417037854,0.9538943010227063,-0.4083220561187848,-0.17376975436583564,0.5749971625786321,0.5086984394949414,0.4101465763686156
0.13805322009417242,-0.018483846417162983,0.11377603404676662,-0.15731791226998595,0.43803419105074204,-0.007314139919875874,0.014107282285821171,-0.45410144325124324,0.023688592863716995,0.04856869933140234,0.12200395452715007,-0.5664766436377586,-0.8077403493066586,0.8237328069500842,-0.1995648981587952,0.919155073465479,-0.36647263254775475,-0.6979151751903869,-0.47055958585349944,0.3347535154882184
-0.026471860849243287,0.006713571758038824,-0.2886119447314741,0.026695634151259175,0.18134520363161297,-0.4177859512819706,0.0023893914668854516,-0.5163220900547095,-0.3306198987258445,-0.2178895962326579,-0.7596236711521769,0.29897533518492403,-0.42343379876933085,0.07745425965875907,-0.8648831367895589,-0.26186973112052336,-0.4044412660550323,-0.8172944863797469,-0.8679425639246872,-0.6434596341029895
0.22552694504879522,0.3927757915360042,0.20167837070282033,0.09539686345164489,0.15040734160496422,-0.14316816748764905,0.32669166041613396,-0.1530838272247539,-0.12851502239397147,-0.16772816063922907,-0.0022583506535114317,0.43311150672732035,0.07264640987076443,0.8536238107262704,0.6167291723606974,0.3213262915506043,0.11285688603115673,-0.08003628366592341,-0.8202328386127482,-0.4693515682692919
-0.17700014074433587,0.00469543958542238,0.024933432703718526,-0.08706136165456141,0.2320963099071577,-0.11512055309564584,-0.22322019100165408,0.2490319829580694,-0.014544779547802034,-0.19123101016414204,-0.5922342833171288,-0.13024721584703758,0.954647735227242,-0.5642208015294181,0.8602238466231829,-0.5899515948518603,-0.8317347694049131,0.3734884085983339,-0.9315265585167996,-0.039204283917593674
-0.0654407557323254,-0.008004727816645144,-0.25781350365227396,-0.025795163520619724,-0.9339170748642647,-0.08439748329435215,0.08913341998493834,-0.07481040728745993,-0.015462842364338942,-0.03680440374585836,0.2064020841844607,-0.9699398228939797,0.9155476343944542,0.03755091307144642,0.21685228363247178,0.7805567993740241,0.548737375161543,-0.2702452104790112,-0.18772405877673615,-0.03943286473342411
0.1607047859651081,0.0288789923097717,-0.032572309551397144,-0.012598523654490074,0.14125963110748224,0.09963268230298403,-0.6881217289393331,-0.03493093821312604,-0.04229750019439167,0.02631336979662871,-0.9048958681949686,0.7882974022165652,0.18355282090004343,-0.8837290855153406,0.8058986922510247,0.9935422892975088,0.13710878716470942,0.03933262427727846,-0.3543529630527662,-0.6643005598397789
-0.04703414560248817,0.6954856067966703,0.2241652651691428,0.3848100097473166,0.002996175811858681,-0.01364595659096569,-0.07406247584596937,-0.010131545185926474,-0.032035006860927306,-0.2114781053703503,0.6079969964861718,0.2865749032071194,0.4067197877907667,-0.623590393132363,0.806114773584762,-0.24489591675503553,-0.0680545219866342,-0.9665490138916737,-0.10510424158162679,0.6596697821708737
0.13357694219802269,-0.017918913777352552,-0.002962906641524401,-0.0027735986990634134,0.5437065186925508,0.08924701278824602,0.008392775437896627,0.12497857192968698,-0.17887561866422397,0.4688203506281682,0.30500937889209734,-0.681876221293424,-0.7653577666552518,0.3829491875560811,0.6949135128591655,0.7598290043723315,-0.6992800598583784,0.8331436245244574,-0.9861920270131612,-0.763662712505552
0.09464350782707531,-0.2109713603772276,0.04618923240414627,0.0007984890145033077,0.055817052358944186,0.08054917144080964,0.6032645230807115,0.20488951607316802,0.12206136591411165,0.007489939776096112,-0.5745872458676831,-0.9573436633508723,0.20603500325680613,0.09565267119972365,0.9412876452359256,0.4254782974197795,0.8270706745197216,-0.8612669166938345,-0.25843129603998993,0.27454009318604
-0.6493835899053029,0.12658820444751234,-0.029790810774204705,-0.07578433090058413,0.1444428349062986,-0.38833574874254373,0.12834128180420798,0.013165062871874826,-0.19761883610533673,0.05304846180016817,0.3894555049693793,0.6072161592658543,-0.2196007315069597,-0.7854484428343715,0.3788464936682412,-0.10823193524818864,0.7493227753282572,0.5948542286655407,0.027086370942849936,-0.8323732535584674
-0.061288009338508476,0.39155849867160264,0.00882418282376865,-0.032168515479123305,-0.20545075964042409,0.021184522467109335,-0.061646241562103674,-0.26556941111473087,0.2456236622294611,0.1515454839867483,-0.01688117682802215,0.9478931333349214,0.05503615650576732,0.8352751866834767,0.7101391064570999,-0.6135272822601747,-0.8600863560990231,-0.6816601558401982,0.7851976931253479,0.03821709912295668
0.2713612407912408,-0.5140703019010759,-0.2075268883703837,0.07764937349509074,-0.0340928422123008,0.05413719322957872,0.003935228232788912,-0.3317697088122526,0.1304867642041747,0.10055988625617066,-0.5781840451800677,-0.43714729696977717,0.0896986137795599,0.9059361929179794,0.717037680922594,0.8689267284360846,0.719353759872827,0.5550078828342251,-0.613876966391625,-0.2306000279286584
-0.6696952508718107,-0.19862341360828017,-0.17265429596843063,0.04325913410240245,0.0850696393694789,0.05453307438395158,0.0752565486418244,-0.007612228638867347,-0.0256312950212845,-0.019125847801567175,-0.2693596583526652,-0.3368905879065658,0.21910594572363684,0.17763552634912783,-0.6158688913229455,0.9042459237569493,-0.09344170900191728,0.5835300582375509,-0.2383601059356364,-0.9391993215665
-0.26468949931476105,0.2237448503497682,0.2484340466915546,-0.5561642652721877,0.08149019901158086,-0.1308666114526248,0.07647231407196775,-0.0824454936835315,0.18572244926489684,0.16117558144254313,0.9580451641946117,0.2813011131974983,-0.08114479507490002,0.5975551119438878,0.36755928770346746,0.8592842944254477,0.7891820841442194,-0.5173426650765669,-0.5766794568608002,-0.6578345659226592
-0.013119989923850408,-0.524693899389877,-0.05896564331368574,-0.2756973630445889,0.14258187510969342,-0.10154435313499341,0.16317788977441547,-0.008009082987850125,0.12308209358845801,-0.008333138299750718,-0.033428332394926485,0.584591421655265,0.6726797292386131,0.7946187855330209,-0.23264944647002705,0.8976538221101358,0.5202747675902495,0.2279979288465761,-0.49440753662973025,0.18791055059428152
-0.0074199304562994894,-0.21836278625757619,-0.0017603868393760158,-0.07529150478140482,0.006637205678075686,-0.1395992935270547,0.6050980564644156,0.019423966622875023,0.1227130694377929,0.002877958729321499,-0.6267231212780608,-0.16733804755252923,-0.6864061817723244,0.9002922338614883,0.580495985313837,-0.6587659219658193,0.38788367067442375,0.528689314809534,0.7139852162023994,0.3158632866071376
0.055385538426806324,0.0598903649436531,-0.16988809335208072,0.14251688549270092,0.04075656046406089,-0.05501116269555848,0.24334909309238228,-0.0649403317818818,0.20412493532475984,0.10133330237726468,-0.4469903638671673,-0.5230622059761265,0.8322483879934879,0.708568209009502,0.8510100991961846,-0.19237253913597008,-0.36325874713202855,0.07097390085269417,0.19701854708268285,-0.13318313587537212
0.1578459509720948,0.10455780747521681,0.09102301708032631,0.10692202647899152,0.09477749923326201,-0.04213976200489454,-0.053890918404849664,0.7364727417171595,0.002086824097503777,-0.05258202568636998,-0.37946838531731064,0.058931209996356815,0.1394261855601393,0.7015470574431923,0.8544574966974647,-0.3750427457562533,-0.061504289871669116,-0.23645791837275,-0.7668365712214698,-0.393415508909551
0.0006421017149899622,-0.03602039765744969,0.20175414153567503,0.17063256796576964,0.04322745709008263,-0.2660470024581647,-0.004297850206296125,0.8636535360534169,0.19979803551171688,0.029329824348248518,0.04715507591439683,-0.8291509177205334,0.5296659671157748,0.9494677549715573,-0.9546732494168872,-0.6500833265523882,0.14146963664503742,-0.9801514267824756,0.34634844006045795,-0.298241994523726
-0.004450828704597162,-0.0883531390850439,-0.08697274928725662,-0.20067361947762846,-0.25159107830728367,0.37282102202242795,-0.22505097654019496,0.2039302799065668,0.1342657178681108,-0.10633353999588592,-0.039329834426849564,0.24140677119023124,0.6601019657268232,-0.575711319927878,0.788620581649697,0.662636194538534,0.08625494167773073,-0.2515177576048797,-0.04139532454560291,0.21723767620523748
0.06725027098813023,-0.5569003694476071,-0.36613995173693736,-0.08521183010372335,0.08172372600052659,-0.265391516054625,0.26534006440655566,-0.010942400669048336,-0.19349458010384532,0.07558943126861462,0.16652980635143355,0.5018653722650479,-0.3844464156412102,0.70365105461206,0.4777205033871179,0.452415394468765,0.26060754823764687,-0.916623999010681,-0.5483466706664946,-0.012636106090791133
-0.023883839344750843,-0.7301595246631304,-0.10198894152689277,-0.05759839825621327,-0.024769610991113404,-0.15346609124838184,0.24191992031596876,0.06277914728384835,0.15554664927531753,0.24553981784325501,-0.27234854406930387,-0.80309846718292,-0.7201319982578396,0.02537364405179332,-0.531453974699649,-0.7151537464516078,0.36173643002626865,-0.0411161554647006,0.9883673097123116,0.8933111460660343
0.6652647682175287,-0.055660027410917357,-0.12717611023282638,0.02386715535982481,-0.46818105220858053,0.09389506433712366,0.09965610379723427,0.15218985784584305,-0.1250822202146652,-0.05276123459656276,-0.19086544767129965,0.1815958695847788,0.8958024921743555,-0.8042812237141572,-0.23980019663136654,0.6286154205997194,-0.20412463621615995,0.8997324563789311,-0.4447818826267227,-0.3395045481362422
0.041820613663128337,0.4534713930598734,0.02576965726245866,-0.15785752863612879,0.173340447834997,0.10428378771401145,0.14066222331803166,0.5065779500829378,0.003023153599707235,-0.007846346139966558,-0.3872820344359371,-0.0885189719446382,-0.9182036951788533,0.487436672134381,-0.8862231670254503,-0.5827587327059707,-0.9574086761252718,0.9512996158142022,0.3242394192947198,-0.10274380278768369
-0.13359217955527858,0.3288625424643947,-0.35048319820773344,0.3731264731291227,-0.08709415803573728,0.04106935471668016,-0.43589509071218296,0.21260216515563243,0.04040554736259974,-0.01026044356901537,-0.5673807165735061,-0.4863849951729242,0.359033173683055,-0.5775695853566347,-0.5068093957200492,0.07979738238846124,0.5304852093668402,-0.8680597485673762,-0.3541745445884126,-0.707532872521847
0.2025789548181352,-0.15050564386662546,-0.19807532130653138,0.4657232349242495,-0.0789817815147563,0.03930678481474781,-0.031029618384859514,-0.31952653919704305,0.27544680150265155,0.21413294612781608,-0.8842334744755562,-0.49376664180463936,-0.6370145546087564,0.7951594004546769,0.015772729397257823,0.604593317736752,0.5830757888508478,0.7880403965842002,-0.23404704907311635,0.6954829468255488
-0.07707120210351294,0.6257382430938778,-0.02353300167029773,-0.040368522602445535,0.23004336557955396,-0.03483622704524514,-0.043712706681297786,-0.207747296368534,0.11273943468601617,0.23169853440046595,-0.25270045563340826,0.22563853408873702,0.9093460951875374,0.8334366576518548,-0.20346731804450413,-0.5312250059043868,0.007447771136763981,-0.3062232291182083,-0.12105999393545219,-0.14425595019478665
-0.269279785057236,0.45440332231021063,0.06744211457091329,0.07868277375106056,0.1493816391830658,0.12854954158384746,-0.6193139142635979,0.08596343519784033,-0.047925358851386005,0.018730082230579093,-0.43046727596889234,-0.6458098557837588,-0.7845890560352902,0.852688899010678,0.39124925784967135,-0.19110459826308945,-0.6627686982945453,-0.25800100999077835,-0.4796407718377558,-0.972451681089268
-0.03548920405402843,0.3577890145181461,0.07223419958007649,-0.6910201499149347,-0.2774560432011353,0.01507347438426981,-0.1643869963154686,0.09861364278011592,0.03044999757909278,-0.29139897840316353,0.4937626703923923,0.10078670181687288,0.4026433886929983,-0.02003528088274331,-0.4510780175041782,-0.5395550232958157,0.871358273225644,-0.6418451091805879,-0.49210155424154656,-0.10388728151989879
0.05816523635325119,0.021950773189445383,-0.008175967318334074,0.019571680233409883,0.12579383475121816,-0.3236107923874734,0.0723186647724093,-0.2922554307244931,-0.1788130145935748,-0.6889747025689379,0.6134899143063901,-0.9330486164576828,0.35592872206607806,0.29208148279180146,0.8406390191386264,0.4714001844766791,0.2971059118859636,-0.5027214513819187,-0.9951307625677941,0.2636153787515745
0.05235280741711816,-0.30963274220111425,0.22997569086316366,-0.07881728431948232,-0.0009967736655060733,0.2818876284376922,-0.3601266598347843,0.5312353737466143,0.06996386735254992,0.0068439598827239045,0.7374408054769825,-0.38637472106550885,-0.34930959252520344,-0.6747929944101487,-0.5158444442551118,-0.7455456897656831,0.6257847542850412,-0.993428812241103,0.8735583762451298,-0.6447629441557479
-0.12589615300999046,-0.6080256815032887,0.03306742413128552,0.08417049111151753,-0.4920639430766742,0.03145076792808987,0.0342499566910375,0.0025441063049615464,-0.03852882442977516,-0.21342988482906397,0.6510434375062697,0.9301911731760504,0.9878361342849713,-0.08756036820193525,-0.47439347681690913,-0.9147835253742473,-0.6709126715921352,-0.4919950900339771,0.9892524391543029,0.207059899252795
0.15972290849806664,-0.20412091129874016,0.0069677160600291055,0.6106433905096778,-0.08860649529129926,-0.007592420327583449,0.01712805212907334,0.40989211690062544,0.09209196125087506,-0.2213473070559464,0.695575052819519,0.8943838009804816,0.6749588099545318,-0.3787821247740404,0.0282508586658905,-0.7538191942359003,-0.6838350849817731,0.1897022102224617,-0.04579530145307498,0.5489725737747988
0.01377341279033728,-0.009539445183828404,-0.25302035240736165,-0.09552720034155154,-0.07497366603027152,-0.03366866991353873,0.7595590536883486,-0.113218490793766,-0.2313074181008986,-0.0273215010815413,0.46290092848624886,0.5537161877418033,0.6365646818025814,0.42441175382980334,0.9570228633881162,0.6015369177889287,-0.7170434720647783,-0.5332769398622477,-0.03508628730638241,0.9727606439093011
0.018042065792183398,-0.1706611514793994,0.16509184058145698,0.1018607797451353,0.09455261827136102,-0.25850801123758443,0.45051816183032933,0.1508733502276284,0.24195801789286117,0.1358966938483938,-0.3297271814920064,-0.3489297107443503,-0.7179810008283141,-0.9587259363646987,-0.7009521233953775,0.4641188430221306,0.3964844121385913,-0.8732279375462262,0.3183010505600439,-0.9987762529090289
-0.1345087719075802,-0.19340723182214442,-0.025424447063497505,0.036576600695290534,-0.01589618444100361,0.2372586572390219,0.6491753949242051,0.22739717328707715,0.03745500754285546,0.0020794455307894325,0.3008698283822633,-0.7429565466403623,0.5722765584270044,0.06976804865150221,-0.08973484350160454,0.9666034336154692,0.40993917686020453,-0.21403050128260803,0.1958058441803412,-0.91680127875294
0.1978007061192408,0.08897252346414525,-0.02275902641519703,0.43607653578772754,0.49855540648882324,-0.2504102308158982,0.19040792889887137,0.11803752114982885,0.04041843269023851,0.07540988648883462,-0.3319361455145633,-0.2045395214011776,-0.7935259232034053,0.6081543389408643,0.9779652404671171,0.005868230297259469,-0.7524003632216869,-0.8556535359007491,0.5614503963265756,-0.28445711215315606
-0.16110820633061734,0.19110534971722629,0.14247394527466484,-0.19591880650681662,0.07065314483284102,-0.4423232071328089,-0.07034674352959183,0.2091945806716774,0.3020232417918257,-0.0038757138328473495,0.36229267306726665,-0.462207729716156,0.13422934272718967,0.6820588874308084,0.034975559414520685,0.21992340022959755,0.09145344214019868,-0.5669177743352589,-0.6746440810639771,0.7823312820970219
-0.16175266148985673,0.007173517158158229,0.1280115600203468,-0.08077169421790362,0.16147292124850235,0.1352210599684901,0.07286823251659345,0.35180362263343534,-0.20837819633828938,-0.14919186683812,-0.7840508287296233,0.5575690658264914,0.8750399276876224,-0.8498363126182973,0.16068775870666596,-0.9238795652508323,0.6858299038236118,-0.13453391304166984,0.9580848227899643,0.39000128358263786
0.16671909093514742,0.019260889113399314,-0.07692078604317688,-0.3232217133178334,-0.0748260039933821,-0.6214205922330334,-0.013540073028837332,-0.13812652378452328,0.03681573267774779,0.060358283591058076,0.6931613177489626,0.6382855647484558,-0.4644864725441218,0.4164150402039901,-0.8374536041825646,0.6878321841843347,-0.11250033163391526,-0.9731944781206527,-0.20696680293945624,0.9814727850406433
0.35488837890608277,0.05834450243474221,0.09494608824233358,0.18046281447084794,-0.4187114719762895,-0.08868449445066501,-0.23048720894820657,-0.0010406062860217336,-0.2942198269505354,0.1759871329596101,-0.8225180705842565,0.4551564523652163,-0.7555377174381177,-0.3558453299112945,-0.16374974298785117,0.9083757612163934,0.5212855410549846,0.6410989198567154,0.339551988127089,-0.7260632942747696
-0.03085557276335716,0.057499085815875595,0.27427017047650337,0.0019030438591339962,-0.7124779572896357,0.08030203195910234,-0.36879709349440803,-0.11117965478975798,0.00849446767159035,-0.07499237790558087,-0.37614875903959244,0.8144687980084118,-0.2694820288605262,-0.9393934678304465,-0.29951021119436483,-0.9115763024926098,0.26524121383625565,0.4819075882678867,0.2943893945732037,-0.21298612641544024
-0.20885177985484749,0.48408219711489897,0.14929798749147205,-0.14663609315170273,0.43742543334838635,0.14622028786645352,-0.019249445406151283,-0.332164133104607,-0.021900367394116403,-0.029184763070987274,0.31364098767941084,-0.28685951083017636,-0.35976421420068583,-0.8065004015495232,-0.1347707297023073,0.483471501070625,-0.16392288524420162,0.22841266715814634,-0.6091484702125505,0.8126320816277952
0.1508509288975569,-0.18785185275557698,-0.0009823298920411672,-0.540655552361003,-0.3391159903378425,-0.2187359350170749,0.04384554679832492,-0.030490783006328907,-0.008134009253355834,-0.1687189076359876,-0.5347840424154378,0.4784808406757355,0.6085086845125911,0.42946382882899936,-0.6903408782344307,-0.18998438993920086,0.46903641149920405,-0.7324891683996002,0.03543637311767589,-0.3078570699236909
0.0034057786511455523,0.04096561112718704,0.7477840878050335,-0.002432139659062617,0.10198339847408036,0.28938615484315544,-0.10717509146206994,0.056681396997704823,0.16428707839851936,-0.014798752163075433,-0.5880285651505537,0.857462090984654,-0.45020511057436785,0.1678007375811872,0.3518627686742375,-0.4295531250858715,0.7184323096340979,0.5310022395392622,-0.9224926714047108,-0.019178678954049122
0.0275396324905994,0.004430540406892669,0.216923395770647,0.6558107250094865,0.20170772783707822,0.23487239208550478,0.15576848677595773,-0.007779357031274789,0.04221796303399922,0.009455022081565612,-0.8495227029531447,0.7128776776833052,-0.3975953268142196,0.6575928352345948,0.9614915922192735,-0.8803999698094434,0.0009279156313619641,-0.15662166941035238,0.1293670494646586,-0.3053743385762848
-0.0006813147851793544,-0.3998662477690362,0.04315543627728555,0.12084002256123749,0.4632941073500553,-0.317581217474714,-0.3072448236090004,-0.009818010409938719,0.07889399289607074,-0.0536797957296028,-0.9299548155698003,0.40780406872301933,-0.9906904770849159,0.48997654568551785,0.6083217980594791,-0.807176679848906,0.5687059772937608,-0.478633820795872,-0.8267923327272173,0.8057012110980797
0.18075217995718568,0.12969515005469998,0.13171653794702542,0.14675680009352937,0.14760224108246692,0.8135448230536156,0.03253605208822066,-0.016493742600040384,0.21981238757427057,0.011181043848988381,-0.008342490299910299,0.4073130666053366,0.43451450546398007,-0.07642623960450257,0.09127124975370804,-0.529756042419971,0.36954697158615324,0.17782790731927522,0.723691356791424,-0.9904312185301132
-0.5573668694356271,-0.009615322675924541,-0.005634333242819698,-0.10448812116485222,-0.4459924352243203,0.4256296107842874,0.11766328389899244,0.26338812325197963,0.2743857554921002,0.07366785687827088,0.035209299321024456,-0.9232803596327146,-0.7404043507387528,0.575528807892258,0.5702826007588457,-0.7217148290493909,0.5628775847687715,-0.5643665033961487,0.8301221628481426,-0.8198213446295008
-0.015173414514462885,-0.13998148410396094,0.5790709982612856,0.35570795428364516,-0.10024283108715043,-0.07372439157782931,-0.06965725153971933,0.022218096457577108,-0.1497425985993118,-0.09589391340822051,0.8035171366280347,-0.8195314330025465,0.7606481391847479,0.9498601643230158,0.09789569667022646,-0.8118955174736096,-0.6351252683553654,-0.4131627739151158,-0.8543104112041708,0.15149662172310996
0.03257837488963283,0.35833570384224167,-0.17444137563058065,-0.27954731116578185,0.31707438537675636,-0.06382164534664703,-0.022274574119862937,0.39486886886820394,-0.058705138817063005,0.018061952573056858,0.8797258922183542,-0.7626099201065779,-0.5921498248696382,0.7482558838864852,0.42816565823576713,0.05322076959343369,0.4252358419107767,0.5357746900233396,0.596300802998976,-0.9853373114468997
0.0804893926560401,-0.20504332340673218,0.2408661372010495,0.031201811628673026,0.21403467171707746,0.18463525657512847,-0.11299813264050923,0.6097739755232063,-0.11755365005615644,-0.12485875987892522,0.8327018621749749,0.764689567793823,-0.5749291315484419,-0.808581786885175,0.3403170187570912,0.8627707814510781,-0.9975565118384544,0.026946204198958768,-0.07652752349242697,0.1480574565848578
-0.01957971401533487,-0.33661726002300935,0.03404577559248803,-0.006527383862341509,0.02814525436811914,-0.10437245763923148,-0.041558653448186454,0.3931367382473226,-0.005793658847229622,-0.5235508934135271,0.14289179820960984,-0.9466504796340589,0.8163192365093983,0.15676069769297052,-0.2525984065204203,0.940130822524119,0.8653944168258099,0.4181121698612804,0.06061550572096075,0.08151884616851768
-0.14769234509585827,0.0853295300224563,-0.20163871875670952,0.36384420176702537,0.14778532569641978,0.44388834424889745,-0.26790613042785283,0.4718954575710188,-0.11238651819598444,0.12694360858707532,0.16553440598377334,-0.015903133221724097,-0.013493466150069633,0.061458674867419294,-0.11441714231806,0.2760780054845502,-0.530255271406413,-0.1291292081029738,0.5992054993353941,0.7259646469500984
-0.004465487242966172,-0.2758648183678313,0.11487088096683629,-0.1020287579640497,0.2720157689672298,0.1283701036313647,-0.30989071334439444,-0.16475516964597742,-0.03597771966426434,-0.6125466282370855,-0.45699568896665155,-0.3136320621628319,-0.7225713418724895,-0.1444526946196507,-0.7663386886259629,0.8605744236083646,0.3255901843674547,0.7062747372300306,0.649584045620639,0.2402458321883647
-0.10447707132498169,0.21383012359264847,-0.045192481052583056,0.15321041210409675,0.7796825103028518,0.23181287181959623,-0.19972265084142354,0.08513225753854066,-0.01345984554309624,-0.04616993480457715,-0.24710246076993658,-0.8846537714263298,0.595193196779167,0.974114384027652,-0.9140978581091277,0.2059789075549332,0.2504438441662866,0.0954104164939904,-0.7850422429317836,0.5886628333193595
-0.0821335397097161,0.04540995416451345,0.4468960144311538,-0.07541853398042726,-0.06690747277927722,-0.20613986806782944,0.2520854225196953,0.4614506987856173,0.007697397925367541,-0.21724360498704595,-0.785790990105754,0.17060433660804608,0.6188191802873502,0.4185482342172968,0.6965227962395748,0.03994483384775793,0.6089852124072948,0.13440443588760043,0.13000270416936988,-0.5171469893606535
0.23533389710241498,0.2628090850159075,-0.1434761500545257,-0.0015746635523710625,0.2468952387097283,-0.0325875823696444,-0.10917065545295301,-0.4707274728925399,-0.24368319670974026,-0.10119833983100023,0.19257868441136816,0.994949845158728,-0.2453587233994019,-0.9471132609397894,0.31178429046206824,-0.7551409598772083,0.954623627023744,0.18810695711487968,-0.9963722719789743,-0.44173122374951146
0.08228862455454401,-0.4371429375170499,-0.25805450327489565,-0.005628512276210279,-0.3181815473556304,-0.1578306400631869,-0.19292704564711993,0.3242819647276997,-0.008660962447812504,-0.004623624938513718,0.9924620428001325,-0.5420181942259108,-0.3324896107987674,-0.7175316375155394,-0.2732393191463145,-0.1982471676487516,0.43887880410826985,0.1821798734073954,-0.2069863894883588,-0.11958887720469247
0.03150539976057229,0.4742744423675251,0.04777718186366177,-0.007027354319936535,0.023361303651580373,0.6251288029367711,-0.13468884848272197,-0.01776298452331329,-0.17430265084052093,-0.14891544647098387,0.45378281570328083,0.1682561860711862,-0.3969561796183785,-0.6902304183739898,0.9580799087589065,-0.9904466264513354,0.6016243888171853,0.002993712322120201,0.03126190967543363,0.1831014032866316
-0.6683063738924825,-0.22000174601535732,0.042508525266318604,0.02516623547810804,0.0990799710731679,-0.029619101327633013,-0.00327548202371303,0.17397111835982793,0.24308835324462796,-0.23989287161386894,0.9936018085176248,-0.04831692303849322,0.6855742674447238,-0.6846001960272532,-0.9303538208547957,-0.3360551210045326,0.8744817379383696,0.43302048247362057,0.6018296309051516,0.7020426235773825
0.05890094418005559,0.8631676667395279,0.053238373955921806,0.08407261464433184,0.08557473924001219,0.1534057900843993,-0.01609475566595424,0.10791561829757056,0.007264391113973204,0.16287735379735624,0.9831312191224961,-0.3913008391031805,-0.5465142586093528,-0.5793140517755295,0.8033779489198023,0.5395726077334493,-0.999355633389102,0.09573536596347765,-0.228663203863114,0.5198117292352469
-0.13080182248500605,0.2541018979470765,-0.7318193885903379,0.09994000100672358,0.10262932502159051,0.09328221226765349,-0.006440675891793007,0.10147753418762918,-0.031081268413465285,0.04158056320215567,-0.5363371316832204,-0.44552875212885223,-0.3470898552626729,0.12040760869227118,-0.6804714407206949,0.14617909239977878,0.525548356525279,0.6475485333255162,0.21933903565725466,-0.4483962697426709
0.004032549877489577,0.34655144393899073,0.505998981902853,0.026900004155993806,0.011119971438713128,-0.27178075226676335,-0.23862815727023023,0.08527094030947124,-0.23777827825755243,-0.41336429463897384,-0.7817411965316392,-0.9410528907641971,0.49941687814021773,-0.10213281990264167,0.08441963709563827,-0.8082356072623327,-0.07374275782850415,0.8164883000828966,0.9097020125763122,-0.12051236727343406
-0.04632694982540357,-0.0017901683707774937,-0.00047554920980809323,0.5351169779577241,0.22676736199390285,0.06085304699898947,0.007161117955316959,-0.4785407563551414,-0.02242210416981092,0.036288851437010564,-0.943029780877326,0.4561311510560988,-0.6026993895881816,-0.9448055828537623,-0.6795938908693238,0.3607046960917242,-0.1775862872142806,-0.7281036503551026,0.8046798483655535,0.7865564100373881
-0.3109019485246146,0.15865774410409378,0.24728211907342007,-0.3162764163839792,0.052676955256563573,-0.03300300535635442,0.014673809458964071,-0.13239344833383146,0.1419321988861867,0.46371831990123885,-0.23932577465857885,0.032507989542552185,-0.9484810456950821,0.6277893634524383,-0.5588638752738562,-0.8896529326453,0.37752049228928364,0.5273598882739394,-0.6232688590966526,0.69276437697033
-0.03355923945351311,0.10472155814308438,0.13175858493592962,-0.011456560317581792,0.013875310571352037,0.01590321008335438,-0.02630622907768637,0.7894193935735915,0.17382813604309172,0.033331722820032765,-0.5864628907784433,-0.16672024061530566,0.3146847367057406,-0.08144896132032464,0.3413000528559469,-0.5105411362860701,-0.1228995500910468,0.33683653968105864,-0.9557651321172209,-0.2626961467393434
-0.05549913229439936,0.03474897388806569,0.031044991590831766,0.04230109165907528,0.30927507394189874,-0.16147256424571516,-0.35047241353841363,-0.2704825488524181,-0.20078424228700548,0.17208188073222874,-0.8894265242720294,-0.9532005693066878,0.460299195442502,-0.06595374836566092,-0.5625026184588007,-0.8747965478458899,-0.9231963096087683,-0.798020248507274,-0.05113238980230195,-0.8316812302607632
-0.05318016320109406,0.256974857888052,0.08159266688979255,-0.7804841678414548,0.018369657808545863,0.21981029047779932,-0.08644247609493788,-0.10287270395245374,-0.16184622489818865,-0.0550139185819894,-0.04481895236245559,0.5581263872560323,-0.5772828450218894,0.7663617917493857,-0.36034578557641583,0.07335580558938792,0.7659032878425964,0.16709293204557163,0.9700465219054355,0.6955166788215046
0.0049231463540719365,-0.2816609429949699,0.01826313631206865,0.626582417956468,0.0031660905848736043,0.24850327513367074,-0.038809169575906764,-0.002875590953846976,0.4044788356057183,0.00982856183175971,0.8615151495124562,0.8753882938232196,-0.03120613073991163,0.9667889885708769,-0.8635296070700478,0.26471420833244985,-0.4408986715048635,0.037913954078321765,-0.640188074444169,-0.7865164919535217
-0.01890001038779182,0.1209566284703596,0.0831488660284726,0.3206196845447954,-0.2529275140738291,0.41726751674097873,-0.058261326811060825,-0.3476996725523209,0.02661508767381761,0.44176786963268383,-0.32899492295459143,0.3934293234727775,0.7237147700037492,-0.24515951910023848,0.619074161561217,0.7688794522933724,-0.5839909152053837,0.7491519695731905,0.06026001573116324,-0.708611942303816
-0.052586326347600604,-0.00997259349102116,0.033087813993148904,0.4718111671661702,0.004696170586205584,0.132012372578456,0.5560696388145228,0.3117664908336323,0.016644694637550986,0.19217571549725243,-0.8782263052066082,0.33329268590010286,0.6803263218188353,-0.5258982302439177,-0.9697468981049322,0.7458865142741333,-0.1379392934421193,0.24474109245301712,-0.9499075150290077,0.6537875487635028
-0.4820211091373489,-0.011381170475079416,-0.16938010156701785,0.03627412946521041,0.05661766255273204,-0.06593332030482306,-0.23169887836240377,-0.26561727286111425,-0.03765660062669371,-0.3817804019737759,0.09082890310963188,0.5855990132968785,-0.14074149384352674,-0.7549832664660003,0.9909936607989207,-0.5693298349944977,0.6871135667947226,-0.540551562637082,0.47206291464944705,0.24793391223550998
0.006154134671267686,-0.7533412682064233,-0.09640685719527466,0.10309374033463559,0.12392886863495622,0.02210543803201878,-0.07033263187400333,0.019303863556281733,-0.0009200322447163456,-0.07490735821040517,0.8214397184423419,-0.7301661647739381,-0.5808455994807236,0.022382945017384914,-0.8821868629138394,-0.034576660299120654,-0.2163916417244265,-0.8242285770664701,-0.4540589164858384,-0.5121431591974328
-0.28616833141384573,0.09295510234721,0.02687050465704556,-0.026068612802558823,0.11419531378376979,0.6277838452262207,0.10166414997960736,0.3226534517271052,-0.2563619971145701,0.03851583906961363,-0.5092059523606989,-0.41364121803546205,-0.8871111802129985,-0.9736720718206613,-0.28851408008359547,0.5850306727411767,0.5406026819187386,0.30761888811216176,0.2814811993614825,0.49968236862196647
0.043729031244056776,-0.0293721010937818,0.10141731174617025,0.035117589247299436,0.4956184517014379,-0.028350226377320917,-0.025447828614158285,0.2157152999277854,0.586401422456727,-0.045598900491362865,0.20957115411639982,0.9396735226433741,0.028927927487993,-0.5743671682573486,-0.9210316659962097,-0.7805311293366568,0.46198503471927355,0.4202848680301998,-0.17974189299812626,0.44609260612406487
-0.02094370922715194,-0.10058871325681662,-0.22015415335626906,0.583610169385057,0.06181872708734111,0.002768476862312956,-0.2196533746451823,-0.1171386218693562,-0.016574901493075844,0.08238015675501381,-0.3487139335013447,-0.5945262281960395,-0.20020855265146942,0.9883451505290821,-0.8726178079375437,-0.19406756210589915,-0.33167651567278256,-0.07511985454485637,0.23054558045834628,0.943237420356597
0.14020412654895598,-0.14839219007672905,0.02285195506617265,0.01505331044497904,-0.0927971345097493,0.04999753542425108,-0.022377815356137618,0.0004563393892880827,-0.3656581105518969,-0.000986207577063256,-0.5071608486986285,-0.29259244753347846,0.13704031074864953,-0.1560887036042371,0.7154750148296654,-0.920172884283303,-0.11336455781320409,0.6969456993372083,-0.30867336825905345,0.6300947223964366
0.06420315726321602,0.16343712532455626,0.19093496485573375,0.04882264010546822,-0.4361259224262607,0.17755155776139142,-0.23484466910348065,0.014397314316597104,0.3172984927193573,-0.3030228021756643,0.3550802090953378,0.933584064135992,0.8158674995201964,0.44669230919086056,-0.36496324621126175,-0.5007054543753069,0.7828172657423509,-0.6175215152893945,-0.24279814152592105,0.38749423785702386
-0.15031538531858166,-0.4356457034199205,0.09457390455021475,-0.08130997688200858,-0.17138928881483717,0.6042532941748553,0.030289327866622362,0.01767257038600667,0.052557085701785466,0.02574337489130457,-0.725601458056734,0.6570742629808235,-0.8806953301141487,-0.927045877231716,-0.1323573520286716,0.47422335901258195,-0.9508701053998065,-0.9971038437841617,-0.7116573492575318,0.8063354328783592
-0.5585004530089388,-0.1037960264856927,0.15615778669392422,-0.11355806699272836,0.04792479410175421,-0.014631619107207783,0.5808406227491094,-0.1557582889854825,0.04181513454625563,0.1256508937220282,0.8832050448702633,-0.5774983279502968,0.6879673016411831,-0.8645570466480172,-0.20133384988705472,0.93170622683472,0.25027704451128097,-0.8058509794940005,0.7766578831191921,-0.5727401516718456
-0.6178857807097964,-0.011026908520263286,-0.008270021766512065,0.03458111496771997,-0.15438035283892337,0.0667580011937899,-0.12118950816756306,0.019667521978875488,0.2708797587385615,-0.05157903231539561,-0.6140865609596493,-0.8812577331467797,-0.8462072898844522,-0.6467584703575944,0.767083850113077,-0.3475711737505742,0.9223707095182017,-0.8596206489670095,0.22471989466602937,0.47757453003490347
-0.021726052558873513,0.003804026273285217,-0.34327875845690703,0.002030586749519194,0.298013594217892,0.09159650146214732,0.026930817776741462,0.211952033895195,-0.6388518911228871,-0.11497187797058503,-0.6992306729490549,-0.06682267854529678,0.6995477182722878,0.16524158043667692,0.49242385460112836,-0.24865219672894612,0.06329377393581015,0.1200025561608764,0.12302132529340937,-0.7977837062512101
0.009705352713710091,-0.7124435069704225,0.14064611031043298,-0.22072965951008128,-0.4242101050589234,-0.019271023319013127,0.06847850591842919,-0.1820845546808333,-0.06597342564800893,-0.04427648734329538,-0.9297518952092507,0.11224528982002369,0.7481188443612168,-0.5407814106642759,-0.6511104978412989,0.8068802418433392,-0.5553347707442489,-0.5018937984307812,0.6378642013202498,0.8732658667101927
0.3425078673547833,0.18093120362955642,0.0804367006794314,0.04243732721461956,0.0028804151623050694,-0.1378280963181439,-0.7367844208447429,0.004537159618384919,0.08583078426730914,-0.21546496613418029,0.22301457027720617,-0.10421376524607617,0.8205640720155583,-0.6786485364148289,0.002378906688321969,-0.512868511537202,-0.10282155726894837,0.8344263035446904,-0.1998416970767365,-0.8694842515697596
-0.0894437842460847,-0.360318975939423,-0.27556731531583567,0.25160038738924095,-0.1252700831627136,0.48352124313315853,-0.12843618623526049,-0.10615627906434802,-0.0756699967504884,-0.22618792680756705,-0.222363664567226,-0.6092696220503275,0.8386437713143919,-0.2879498993391596,0.05638664209847444,-0.2979955272114989,0.7472334583953695,-0.8342115307475675,-0.843213227030414,0.6332312229708128
-0.033526025806494726,-0.10188519522240835,-0.22960649602426053,-0.05920945434738323,0.2949990930850444,0.01638801572921577,-0.12384619011108267,0.48607690706541673,-5.5520370871864344e-05,0.44398256176892714,0.44481460490213287,-0.10975478956386064,-0.6439353061381454,-0.9401627311618277,-0.8487764595665748,0.41610444402614055,-0.14719455135956472,0.8078893901038109,0.6490836422129664,-0.3672313432682208
-0.19289498801939695,-0.059416129622855834,-0.30683718822469275,-0.028007823479823647,-0.0009085008894309174,-0.031455797335432925,-0.4550217061697886,0.17714711544981432,-0.1711608394055648,0.38016202844103425,-0.19328092842157463,0.5727543757606066,0.8482211117277025,-0.15853619399673025,0.6764367586525553,-0.7737851504043787,0.8053579601630279,-0.14004924617792103,0.9996550494578251,-0.7680057288210704
-0.05756098402191108,0.05361826477402164,-0.03949763379737606,0.05278347309479764,0.4336220460814627,0.14286264412350627,-0.002187862335836191,0.03687086625831896,-0.09387117747030421,-0.7671211426858812,0.07660531510139545,0.5619929376965498,0.5347836043803555,-0.7993492931516077,-0.8929319721762368,-0.8834947072040005,0.2534422717562441,0.8479928184191028,-0.7309780028155604,0.571221371946113
0.08144891480614103,0.03865508390301531,-0.04290123801222023,0.0631834452981076,-0.09475196021364293,-0.09265515446241468,-0.03358055088552159,-0.06130103037624407,0.3760864744001001,0.2884692218301882,-0.969679102936363,-0.5215837649720303,-0.23899786432278636,0.05167062124885624,-0.06393603940802195,0.6020602493894265,-0.5933650301305851,0.15496473438142244,-0.586683404434474,0.06589554983862844
0.004485610985495159,-0.41414342732342163,-0.12523877119455762,-0.35060673251765445,-0.2993793739279038,-0.1420448473513049,0.19229875805316787,-0.008800489046938087,-0.5232793193639358,-0.02847705200168868,0.10854372564915127,0.07140367172809858,0.6293868273021643,0.5660061750490883,0.680506465930941,0.9936682064815994,0.6252868378685028,0.2664664114996922,0.9200349251092268,-0.6221536293676062
0.5100194393187156,0.26322813529001354,-0.29904825607473395,-0.03997027020073862,0.3896775760164066,0.13907535264231285,0.00015630518765952228,0.2222408822216408,0.0012304213368097977,-0.05493660003141865,-0.800099664122482,0.9792214369231336,-0.6632175564783931,0.2549403375678947,0.5294335794428016,0.8589530931976506,-0.9342983557373334,-0.21976402200667255,0.589832782791591,-0.6312600696144248
0.14890339304585626,0.21035758248623954,-0.10995031559807539,-0.05257469117857577,0.06315103999012522,-0.40973958844077,-0.3643224447624481,0.26481767623741687,-0.035293126431852895,-0.09050206548673345,-0.8907931098914936,0.44818009599882647,-0.7943530124127214,-0.09804335790616703,-0.025288383756326693,0.5976209819709946,0.6313646308789274,-0.5827472441124315,-0.47134204928172485,-0.13123978560508798
-0.611175884723233,0.00871455985848977,-0.09254111896432987,0.03012803918412595,0.16225024660025117,-0.05301072764001073,0.08075029357538129,-0.19296622928174265,-0.3226210644572259,-0.013666912095046557,0.6995440077239015,-0.6328234457803872,-0.8245490034860914,0.8126494168385621,0.4106346569307584,0.6183472465447775,0.8209349253913891,-0.9933265363772041,-0.9644499495154464,-0.1654077750061027
-0.1415844763320837,0.17118979089401035,0.09983457626638378,0.045527595604459986,-0.02692177090042496,0.03254196913234736,-0.06787672395482555,-0.09744524637789671,0.7996811120705349,-0.11028378551142054,0.8632286256425301,-0.22379599037271758,-0.2102427294928113,-0.35387170087053854,-0.6934700217997194,-0.3159009913862998,-0.2656481964372359,0.6583908174942474,-0.8074614638240643,0.5268904158129291
0.1991341227926846,0.13492644627637718,0.055444301909372634,0.13578059980903417,0.18175221060364355,0.010517031077932781,0.16766005840049636,0.023708878389853943,-0.6938368755324914,0.0963394550797255,0.1883866036075832,0.41213477234404094,-0.159695428256319,-0.1446704049785783,-0.09694397130705568,-0.3743224151515405,0.23928207451250993,-0.06405153019996734,0.8183869551786851,0.5021561809978201
-0.12748301289103464,-0.021192708927470907,-0.6891401727363868,0.010789587186040159,-0.00138653143274374,-0.17564896590078177,0.1980496777122594,0.02120810570243285,0.007293453909562219,-0.17136538653042943,-0.16304011438965738,0.9184227795720765,-0.8804748085480323,0.2510577305603705,-0.6492698380149284,0.1597705445058717,-0.5076272233941286,0.39806604394791334,-0.14714822973115904,0.1963254334895146
0.015683132515244943,-0.12594842370467124,-0.39449277492397616,-0.058221385623042604,-0.2605200388792717,0.0551673218812021,-0.29783152040171235,-0.07074453301355416,0.6434977108470166,-0.021170665786134413,0.2517927776591231,-0.9712487842660906,0.6724982986576487,-0.43734969189690065,0.6360163456329657,-0.19947997920566585,-0.6880070123721889,0.8726290066136169,0.17403725106770462,-0.2825212052810091
0.23381886505339733,-0.2572410729788669,0.24980297557402986,-0.04031312591572537,-0.38588270422579435,-0.05492697357163015,-0.33464057142829473,0.25949988390057493,0.2616394216262131,0.04288505311213808,0.26913525554872675,-0.5222117106636193,0.4687251116275102,0.5194828389898596,0.5763523792389351,0.9937786647304883,-0.652433997716485,0.13175120824098152,0.9165156349554604,-0.32691442834353257
0.17274050298185697,-0.04930764714033459,-0.035071501120965805,0.04962284195341671,-0.0971009582292811,-0.02458042319070341,-0.7329860049620371,0.3072438019282706,-0.05735593916018371,0.00022665512724991121,-0.6577738859303857,-0.9309316656798599,0.19770550718144952,-0.18784139889290974,-0.06339022065193611,0.7856334067532649,0.37468018129285663,-0.10709909237611925,-0.12953852442111957,0.7517945830399879
0.028219841347154676,-0.1887996899826045,-0.22174089359145713,-0.29922128321965125,0.2578901805416327,0.015386120319358432,0.24234390145931772,-0.3080811558216352,0.16511111166107037,-0.059122451449200475,0.9596337512734445,-0.1624785276908578,0.26418641544193777,0.6984416650373406,0.4546795062553559,-0.9976162976405853,-0.8111926333444492,-0.22189109457235467,-0.7389412292063071,-0.5787698652703301
0.18654317336735216,0.025676401697494466,0.049822411705090164,0.1342640090442626,-0.06977881750517151,0.2668851954315792,-0.4107164030761226,0.09691827895857133,-0.2771316270709233,-0.48107086284878,0.5593655951257219,0.5602262376736513,0.8420140367137869,-0.9191218653707491,0.5119290816112354,0.03400054766305005,0.15733895711124868,-0.9816272292464889,0.48690801203770495,-0.05034333766231036
-0.11064552912803455,-0.17116829136970307,-0.48964162960384944,-0.47490631082672374,-0.1397286629541447,-0.24842064623706883,0.0986434155131552,-0.06657740466937201,0.3383722198925551,-0.1515139138008394,0.8725391428051321,0.3659721527622788,0.7694696098490303,0.9214268015638822,0.09971645083254632,-0.7682082968177713,0.3150253821397997,-0.7206082152326228,0.8043778365612124,0.722098832687635
-0.049008462869562355,-0.0542475908696427,0.04270428368365865,0.0902222701098544,0.14690474102715173,-0.12441562326174258,-0.5179301200606213,0.5628082644554693,0.23989452532225958,0.04965648203692247,-0.21417160757192133,-0.8663461327882949,-0.42004729912992667,-0.13231881016909708,-0.6202273925404946,-0.7188403475527956,0.25313201964784837,-0.4036918070414308,-0.6634229446652891,0.47734683198488836
0.08430060191318911,0.15967805725262196,0.09318062272809752,0.10977843343730953,-0.12161722192376356,0.16751057235672528,-0.1960496789962528,0.5935806327243315,0.13188628552009657,0.4591334704488974,-0.12465996637536958,0.1781587718444957,0.4170328369343985,0.7093635488465968,-0.8358146516100649,-0.8071275370240116,-0.17128727118467424,-0.012764836187920903,0.2967919708124054,0.6591868015734059
0.024136365344211833,-0.11073193032239301,-0.2883821258694988,-0.006425045919316585,0.3771021424834612,-0.5521024532695735,0.38894928703003273,-0.02728458262606598,0.057522669151213485,-0.14498293520369127,-0.4717015323600353,-0.8730019709818408,0.3828047378835786,0.6756178476099046,-0.26850257971354186,-0.09146821336902589,0.5999229907227799,-0.7193648831204211,0.3109191506597211,-0.09673648786073641
-0.018245455818337752,-0.400485947611367,-0.018314812225927728,-0.11427312578859339,-0.42497470740960747,0.036608391629316187,-0.3058121505851175,0.1425245912841972,-0.020538053679437576,0.4019640303107743,-0.5625850029408506,-0.07682701236186551,-0.7172542745177621,0.7331683704147214,-0.29909540769383836,-0.06649479806901604,-0.7701401265355861,-0.5636204297404181,-0.7012343999019444,-0.10993959227918881
0.010526491209880695,-0.06018381401841565,-0.0729532461373017,-0.1923997472602986,0.03455122940270362,-0.4353435734812652,-0.2668504339653917,0.13977753615142174,0.2471965714547969,-0.010441918131604867,-0.5660681282715423,-0.7128701383236542,0.5986784080441176,0.937289922846662,0.7941466435350235,0.008472518330812528,-0.6613688008238012,0.47303242210672525,0.011862608704348743,-0.6751893151275183
0.347392772324959,-0.26001182167192194,-0.16843703183401015,0.4446474453559936,-0.23298099658674587,-0.09951028305778835,-0.10163042220291912,0.03696089457972308,0.10086206690195565,-0.06532930566451439,0.1968542468703116,-0.8483759127824786,-0.8687489958382728,-0.511521559154331,0.7943034079719968,-0.8197662219422224,-0.9178774001445096,-0.6756907348914105,0.5246928074312143,0.5046098733399131
0.10807331496463013,0.07407409082476982,-0.17136524937654138,-0.005970858461619988,0.029964588606185172,0.2888034229435419,-0.0691191396002705,-0.35850597985809074,0.1699145000535886,0.08104262175671809,-0.3940950907234062,-0.4709724207920769,-0.37289554428632776,-0.6556940682941905,-0.4011419729034875,0.16350731699575993,-0.2723820834430828,0.4598293721906699,-0.4005936887121482,0.5291883279064475
-0.018680421793202243,0.06946095533560165,-0.18242084666459701,-0.7224639922147008,0.022148237219697164,-0.03477983063119863,-0.014381319611897647,-0.04951125195278516,-0.21934668319158018,-0.026035573396964377,0.12461490376739603,-0.3452375352943342,-0.18471507324839975,-0.34982698243426125,-0.8860824818330695,0.8254914161510023,-0.11030649121752178,-0.963852872173895,0.4851132265726792,-0.05906053354295171
-0.002662977064619085,-0.2868318610426593,-0.19197413749084713,-0.034726500979908426,-0.0022667010513591455,-0.4120810672216936,-0.014626434295749419,0.3609669992020511,0.005575634201120296,-0.39525054689814243,0.3093987976443744,0.029847518343749435,0.25921457400717074,-0.4860195984381803,0.11257730651376874,0.6012813469263927,0.7465764802425097,0.9326083921869444,-0.0055807709498421065,-0.7089065062654272
-0.0833685694242797,0.04987873127458165,-0.08740398788839747,-0.7095797373360396,-0.12937145788071658,0.018537437533375084,-0.08317878620336484,0.011660060670524691,0.05551741742836738,-0.28912067186209667,0.04375891567603829,-0.5268699379792676,-0.6778417523769347,-0.9745306123392401,-0.6148091417337689,0.766835786029598,-0.9675835693847525,0.5675096391927827,0.42916544024115133,0.5354708616223127
-0.05462984552551964,-0.16112179965582668,-0.7202409700481562,-0.4689439636875621,0.07572004146335864,0.1502431374270332,-0.03167734961812706,-0.019515148960140116,-0.07765079104717021,0.14947102660573242,-0.12405112230794524,0.5903172316829188,-0.16609604398659683,-0.45778813514331507,0.7167652522947507,0.7092270092265704,0.08209169634900326,0.22180936617545566,-0.686959634421092,0.7210070984015287
0.07047131389852943,0.09497450878647107,-0.0039044236617528927,-0.0393194642227893,0.034203887415825335,-0.6529546672505131,-0.5488142688193434,0.04485769207843221,-0.09621010522988602,-0.20846222863377198,-0.43243244694365424,-0.19525810415561007,-0.10877714715823417,-0.8626165465121058,0.9781569129239811,0.6388619214174054,0.10006581769327094,0.06851252842418476,0.9612297862116794,-0.9021407128501377
0.16471824782158995,-0.21288796114029385,0.2851934637902318,-0.03780626727190127,0.22889707162651418,0.03579999334340381,0.175046548566354,0.2479718289424836,0.27121205136896964,-0.0080340138357195,0.4316736173554132,-0.794544470180119,0.06795417051775066,0.7634565745179831,-0.9966108218232352,-0.3996753067789296,-0.5951804157615401,0.5724855129059785,0.7946904887322148,0.3613364691881864
0.3799066260654935,0.1849936265172012,-0.069205579447247,0.04348224102570081,-0.07653820483943904,0.25735063997877794,0.10871616533351293,0.7696393043601166,0.005078890548419479,-0.017925590171108632,0.13196992870169,-0.9700843992724311,0.4974468014233433,-0.25756818031342466,0.6681443832972171,-0.32081070756346364,-0.3224544181703686,-0.4915356795946684,0.7280294250539208,0.6138187573863749
0.13624260644945563,-0.789371866555912,0.022961130624411463,-0.058020068211104614,0.025748472738529926,0.048895038634611566,-0.004245995566570321,0.026603085730585674,-0.0753347714021388,-0.13893772718843173,-0.7697625717825809,0.13627713409222397,-0.18529622583235206,-0.14783078523292548,-0.7557943576623574,-0.8765430330949824,0.5628430993037814,-0.7490387380730108,-0.8149247950934451,0.6872130153368665
0.07592716604781208,0.03273980951818633,-0.09140487253558058,-0.2900295526672296,-0.06600320263388071,0.08364903613154659,0.12316135787019626,-0.2293134412111444,0.6409826416042967,0.15739667872684326,0.5365155504271,0.8154443428966482,0.8631655743620752,0.3216398576110242,-0.7134556585210006,0.3535384380071209,-0.5778944539736173,-0.9196466681961653,0.9638220223508778,-0.2046554642117262
-0.058942467545393784,0.061621565822026714,0.06408170935547738,0.40083279360132873,0.12164900453903438,0.25614972626777144,-0.3552000835375842,-0.10827656369129521,0.060481112589505004,-0.1509088627939723,-0.13072431096596282,0.9417088272716418,-0.046952938993046756,-0.3878075909319003,-0.4578725467283211,-0.2121323974927809,-0.24247068376282122,-0.7970485173896673,0.9726556686243044,-0.274682000184719
-0.01912043847911702,-0.02170578788474916,-0.07230980383761193,0.7355772258490244,-0.03419190959124813,0.07942536326811271,0.11391695677490415,-0.27391777010178364,-0.031494017331013736,0.014304858930703487,-0.8639404901375924,0.9350378490508917,0.1649570119711825,0.09474904217078062,0.8865934791823875,0.8700086048683695,0.058494704045706225,0.7927867483865596,-0.1817753852763202,0.40445689181887423
-0.0772021953527075,-0.06621786421346759,0.16605042257050107,-0.043641535028938416,-0.17919128051130728,0.2630126162621198,0.05056590676952205,-0.33986453385733917,-0.05083256794978264,0.057376577124410466,-0.668691322194509,0.2683661503980943,0.8839663648606126,0.4388562999752159,-0.28506091151081847,-0.8602980306878469,0.5799348405675904,-0.7178107215632232,-0.8113774643181881,0.6747709888765507
-0.16639079640810348,0.36022701756568476,0.03211198247982573,-0.3183687110532407,-0.06355130145295138,0.006976256613432735,-0.02471322604881032,-0.4652406203313908,0.026902942681168003,0.02224174890061601,0.8075850381305385,-0.24732466755896354,-0.7440829754445935,0.9488961609866384,-0.620721479398942,-0.10809057579625359,0.29235434907634605,0.17446216583297303,-0.5462153949387485,0.4025452532356595
0.007421026602660058,0.08065539931636045,0.03978742239460198,-0.018568546031984434,-0.6000302852521845,0.348296911282579,-0.1419076454697655,0.0010525620757007546,-0.45629096409215847,0.026452932827427354,-0.09802282194860101,-0.2608467465299067,0.6386028359944298,0.219675713491696,0.8784160299751269,0.8614655185866349,-0.784549729273744,0.4638567241044429,0.7081209384552971,0.4861843839552151
0.020588687198959565,0.6926836183715406,0.09925237358417355,-0.31169612574280847,-0.20049751600680565,-0.012867148690898306,0.06937457480129677,-0.028794730678996044,-0.12717025381799624,-0.03988008640530455,0.7367410834276307,-0.046675559017191004,-0.5017342057498924,-0.34942469275984034,-0.2621743597995889,-0.09400559282010135,0.11158113733938557,-0.34864689272046734,-0.19138466691783007,0.12724207092074535
-0.05383155226415981,-0.1322417218925478,0.26783163626112066,-0.0975311944014909,7.378769980496969e-05,0.05863048971713821,0.4134057864058911,-0.05056481158039676,-0.011895624777573499,-0.08312562484314855,0.6513867990504316,-0.7170929331968954,-0.6519164591259616,-0.17140169748499146,0.10435205296730565,0.6307021527368466,-0.876136456578192,0.5300299006631903,0.23988326629002032,-0.5830488525266662
0.05503967030834189,-0.15854650296586908,0.0032158404667508023,0.06517654647357413,-0.27863835776649154,0.06860781514402386,0.8478695137624309,-0.0577768206185718,-0.008886002349795308,0.1937996109572237,0.28466279489677593,-0.8840459483287699,-0.7934974531854828,0.9668901756748132,-0.03961411114927227,0.30460464834901035,-0.0049822258626663896,-0.018176886179115392,-0.3789107420371387,0.24976574098778004
-0.2654844584607956,0.06520910277865213,0.002830779741712669,-0.7207785625876648,-0.04735187864315088,0.09319388996568018,0.07352275802507846,-0.1873516084548733,0.0662180760106662,-0.21896433708579577,0.9855386199928222,0.21740411278591432,-0.4584451563997267,-0.041189663352953154,-0.755080265451018,-0.3196028404185438,-0.1216900918126318,0.5281527063669609,-0.32045221325654905,-0.7758540632148778
0.32743549307150643,0.22993318273497765,0.04527448101901671,-0.09235836313972091,0.09636709973253532,0.054199534785452266,-0.28463913216056524,0.15342097063359766,0.07372938220205005,-0.3455304451431084,0.6327201834731078,-0.43316095024432366,0.3792522139664607,0.9305768792771067,-0.13207344818587097,0.8370609808777758,0.9251914213700765,0.4512105071487227,-0.12279203161224594,-0.03085275589787373
0.018501351401360472,-0.021549962911311837,0.16597692110731976,-0.3925993111342336,0.10444534136413056,0.10655446279094066,-0.07544767429382687,0.5508491561419625,0.03810739860385966,0.2448046569120394,-0.3245084893244772,0.9525831236297548,0.548464039160244,0.6494743956194367,0.6308317145764042,0.953579793762455,-0.030292526971661626,-0.07603716647530012,0.7411621181152215,-0.6345152642845944
-0.04284614730701486,-0.011604123454434373,-0.014048922808601705,-0.2228344307150928,-0.10184745714415053,0.30042728864373913,0.5791733788492763,0.4737228273494908,0.21893154392017777,0.08140525948032801,0.03345085886573962,0.1630559848188351,-0.4545055701312246,0.12114213932674045,-0.7410930434626122,0.8726262745324194,-0.3768220744711055,0.38849707848830195,-0.3377795282740488,-0.041865732429780644
-0.4025259259620863,-0.039106330059970495,0.04768973271565169,0.00020186735946096934,-0.06816486807906011,-0.43463794909897874,0.3177088994540686,-0.1824319804634335,-0.33335886253457403,0.22055635010527264,0.003759258418540634,0.4059120195379551,0.4139613411983789,0.5467022464031264,0.17303245095903996,0.029391276429144186,-0.46312205582993893,-0.43007897047108923,-0.4512174335863952,0.47237312707217205
-0.4640838982097604,0.022940899532222725,0.13763071520154663,0.019567002418701573,-0.10854957457984574,-0.3260579397817783,0.26115213391631253,0.1358893284907418,0.1657746555188358,0.2972843924430306,-0.3249563160938429,0.6636773827605682,0.08779567340964034,-0.6907732579713817,-0.3813977922374654,-0.6621986194151732,-0.10826016671057936,-0.2655595762556131,-0.04834938633691044,0.884304920630721
0.33341941758170957,0.11666297486169958,-0.22364849366594933,-0.20713741350605352,0.4904839522016081,0.04224045991696441,0.03369794021693534,0.02178034719724,-0.25111225350292743,-0.3828108878876444,-0.9501639574972738,-0.14497780121039994,-0.1596720051191456,0.5093696909307639,-0.9844154000682555,0.23526910232487075,-0.7564161802886575,-0.6279457580667347,0.46586603215631994,0.7067205147737252
-0.5090292603274607,0.014413852556785678,0.013501854792297464,-0.257604532694675,0.23226696637913288,0.490036230667678,0.06382607371670138,-0.08448300175963369,0.2242930205462302,-0.03296738114642097,0.5144852158851008,0.6528018047931128,0.4203434916862421,-0.9650652252410572,0.6432295175942668,-0.878363277589346,0.7749961703429549,-0.13949199379870025,0.3286741782277467,-0.6635376808408529
-0.003956534482002647,0.09199183873114974,0.2785774413885641,-0.09117300705230992,-0.01039355782779735,0.06976793053023345,-0.14004196372488947,-0.08583696108605038,0.20179042437671144,-0.5396324267047703,0.08313237109194116,0.23452775046250518,-0.5181378966892936,-0.9632238721560238,2.9615320882303564e-05,0.06406223503955122,-0.6005258767909616,0.7015706125391559,0.7358293377768279,0.11295486478616712
0.3340484823974983,-0.3083874196833743,0.2148187827244929,-0.0901643587562117,-0.3180392588785729,0.45845009944379167,0.08702731370170569,0.37735249144909727,-0.22316550182893713,-0.1238816553585671,-0.01234160442563903,0.6720512878032052,0.5286236688133195,-0.7420304671077895,-0.0507532716449115,-0.6524047407010964,-0.31980228530181054,-0.9482584978123834,0.5987007029422453,0.7394575341011489
-0.03587452289939813,-0.036068935964385485,0.13868293431138046,0.007302288011678981,0.36634299281496985,0.06080217606917793,0.14207702661108568,-0.006425680494674624,-0.2213281598666927,0.45028251153068277,-0.46238400385392864,0.13793350265097737,-0.926199488598527,0.048108359501658704,0.8410312075798971,0.14189729880189716,0.535739751880334,-0.5969076823850381,-0.42189029389389177,-0.5501489305145992
0.11416450232118336,0.11502006670925391,0.014722951608353296,-0.23503440998461161,-0.14195650716149819,-0.5063607519801377,-0.1406917239831555,-0.4520673847931736,0.06232779867502347,-0.17599597160090652,0.22122999110372676,-0.2232467911206868,0.6170618809413739,-0.8429004094331589,-0.9309198496790689,0.16950329241013695,0.6246338534008047,0.36115722739735223,0.18071165436949888,0.30670372181574557
0.5366243078132708,-0.34220747867128404,-0.2002205066871475,-0.2989770299297837,-0.07864453394521392,0.09424150787603983,-0.10439354190643435,0.08163506560369077,0.07724727750179072,0.1325854896334835,-0.8713933481063751,-0.8274536292929986,0.7202182855709043,-0.39294870101537316,-0.5985183571311743,0.35946294456419947,-0.9017740587716925,-0.43021478046779715,-0.7941003818283112,0.7758383958122317
0.14563407947033413,-0.25170956999919025,-0.0011802071764330235,0.27696908733370695,-0.03713384885294511,-0.45044548176688826,-0.17800033218942293,-0.06356070269231573,0.3727461358501231,0.234195044807615,0.7442390704012436,-0.509621719774612,0.9994080760653148,0.7431060631728379,0.7345106296460031,-0.675390191365709,0.6417729547787359,0.18248089335172168,-0.0921804605263119,0.9038169388658355
0.5022098842721388,0.034368711829025365,-0.02375070319222314,-0.12323756534684267,-0.1103808746574084,0.2244029433691762,0.05949114235661401,0.3163873574185516,0.3371279342925745,-0.16018477203878145,-0.6398639536118857,-0.8477990250743641,0.0936796521372778,0.05844995765344829,0.9066688714365636,-0.7693821741339308,-0.9058720385256536,0.2823345390443903,-0.3746121750028475,-0.36321625306941585
-0.6285722663653807,-0.04498343013258976,0.06763851045165495,0.06966040640862331,0.037410252604266545,-0.07631773878997303,0.011528578200355494,-0.0381181419281682,0.4361112515204374,-7.035797300475322e-05,-0.5684147449575518,0.09381017021028315,0.984808205217552,0.16780363459109982,-0.6964383261284712,-0.7440508899827492,0.7851158362775026,0.6633263070922957,-0.3246240004867069,-0.7122427392385529
0.09353034800788051,-0.011680723358333167,0.3452432396550623,0.1413566712068952,0.0025523374627300296,-0.3076447539224991,0.0036736070870948823,0.2861470917000808,0.43910669801648905,-0.010931492660742555,-0.9023179022639003,0.5081821210034714,-0.5565274953094939,0.12298905773586166,-0.7150329273742384,-0.08509698026989732,-0.6958155223841118,-0.4401026405877324,0.30316479296573884,-0.7963069208780886
-0.4376729899167784,-0.019504172955694295,0.03167528936693782,0.11041626725053022,0.30898531374635274,0.6167856525790821,0.1475141086111222,0.07077094553318408,0.06674696826853849,0.11136782646858767,-0.963021904514026,0.32403504121995086,-0.4541426123534258,0.821904266343664,-0.31428444945851286,0.21570809496173915,0.7498842896833724,0.8970084949550838,-0.496095472921787,0.8365807822944997
-0.07581208165197093,0.08648227458763247,-0.4562389541693695,-0.056839757374092956,-0.525521264877719,0.05624657330260245,0.09918613107572916,-0.17342902779406233,0.1072040780190946,-0.07804043993247299,0.9347688780838803,0.27991218739830837,0.678855440866788,-0.5739232411361086,0.8384800363688565,0.0080824781313098,-0.07380219786653774,-0.6437434431674378,-0.5860035384931479,0.8497691163429024
-0.21236901594452134,0.20580492215183907,0.017208613138780415,0.029191677229741697,-0.08949198933791608,-0.26967454174390004,-0.011488577256195731,-0.6530599974106935,0.12563955353779743,-0.20358635468674702,-0.8592247323446951,-0.7445188108499863,0.11121528099568256,-0.6770244438642323,0.628529719839007,0.43878169930002486,-0.39336237134000474,-0.9626122446251433,0.972831441493514,0.970160840176989
-0.016706030868923666,-0.011015633548416622,-0.778678662436634,-0.0795748693026877,0.1880944757284827,0.03456048785941495,0.17181066955712648,0.1566074956479147,-0.10258255282763865,-0.04292649013732472,0.05063063013668345,0.7948246342777636,-0.4353008427567373,0.2909321588406293,0.08866878948924084,-0.4495475807823477,0.8672463009817679,0.8432039062078323,0.31420358154562167,0.6764785561386859
-0.050952490579892984,-0.01387017748556052,-0.3805049912372301,0.25074654973831556,-0.559290890846968,0.060008275785899914,-0.02586437743662917,0.26025745438966386,-0.25242260494261237,0.30704380367613093,0.6289416286798863,0.09827321718120219,-0.9589072418190099,0.5115568037300398,-0.24512755438557066,0.3436241000372082,-0.9788221780902087,0.6430066532907694,-0.07304639524350409,-0.6346565930149355
0.1939643195220443,-0.5872569244931,0.30609973359469494,-0.15110456459505134,-0.4555497367955546,0.04355027775674079,0.17385547614189406,-0.22578464584523913,-0.22713123054845966,0.10361432406063797,-0.781955488310242,0.3168813799274621,-0.679018812844743,-0.2531542397459039,0.3351241282848174,-0.6264129748016214,-0.4893331111487971,-0.36251116858023935,-0.5813743494447776,0.3682035469702831
0.017861413130674506,-0.23229256767107792,-0.04807569055343136,-0.021339462519184234,-0.04470853282884523,0.09614417055372029,0.07561072693303794,0.35247069416197097,-0.7492021527336659,0.03397110719454384,-0.36766131505645694,0.4483384332147917,-0.1246840822126778,-0.9489357415834838,-0.48607381837682784,0.11452034665864219,0.6855607045023335,-0.5591025975934982,0.3964861760911551,-0.7602023950924703
0.045221350990517856,-0.698887902446186,-0.06327415800228757,-0.0648817996583132,0.24015043248728424,0.015147339212959493,0.02239827629646542,-0.0023276277615546202,-0.017481806851925713,-0.0397501661110381,-0.4459099403729614,0.5790274429397255,-0.05634812695622471,-0.9165579560970221,-0.6460727162271891,0.656746536872141,0.3560079515138195,0.7308927243193704,0.46875356721353745,-0.6105296453534597
-0.035695732851439475,-0.10475647961901968,-0.0017315486853736184,-0.5158555960795754,0.1711652877824532,0.11876439188960125,-0.15748254028285172,0.14753511615260329,-0.37000843277319734,0.18357069065564235,0.05148441474034349,0.13172548489166025,-0.14444127119653793,0.4416493841788136,-0.18838147605399347,-0.8954807280015171,-0.6241571012910587,0.127894029599807,-0.10986178438249716,-0.9430499018742613
0.27200603524694966,-0.17723608868237803,-0.1620579230752631,0.5787861010301543,-0.008873531076523673,-0.007762902991778707,-0.001997491796526406,0.20057201473901892,0.042586893567464854,0.2148071339610026,0.683538583402532,0.5840280704009078,0.9668180819943126,0.5280489574396146,-0.7609752153768985,0.12699148873189037,-0.07942915855381139,-0.14206560749882047,-0.6894769642428022,-0.06571102147555918
0.00776401068576061,0.7471662120815116,0.3789599296256326,0.010639411121598481,0.023234501809078427,0.046290230635579355,-0.09463107222399116,-0.31064890436020554,0.08172526538273005,-0.13457738809068517,0.24777640321467653,0.3145303420611518,-0.46641356539407486,0.8179779765737689,-0.5786766068337943,0.22079713882295993,0.7919548956789508,-0.16440419503226988,0.551791663067148,0.42535323606180264
0.6126553396033505,0.03393673800486857,0.077678283453268,0.12476347992167136,-0.13104068425299553,-0.32317405925592213,-0.05803181580058636,-0.12996945123150422,-0.322585640013825,0.07594063671572748,-0.0003719119380634073,0.5059864717733604,-0.934712044253855,0.4505060766282427,0.47729147973630504,-0.5445113724839528,0.930613377266106,0.7804401679709763,-0.8688577042260168,-0.12145772791887444
0.11598358401924436,0.07219523673532863,-0.8968065896365167,0.0379710502780774,-0.09422218167946464,0.04836318348450236,-0.06340547638869651,0.062227646847920814,-0.13246081215883265,0.11801513856812193,-0.5479329086173248,-0.443703842817476,0.4367875773725951,-0.10719358831927916,0.5672851836938464,-0.7400867038316483,-0.26913841095647384,0.37324256029735614,-0.5954538068579958,0.9940323730894705
0.7345936129632648,-0.015180653521684566,0.20159653236990638,-0.032584979631784305,-0.12041164176124841,0.32500374402199206,0.3900864437996412,-0.01455261085873754,-0.24664584987267266,-0.043712303786041934,-0.9697666145199257,0.7252316571010078,0.6116139040578803,-0.7906116914725065,0.4259878580670393,0.6199128512369234,0.5653911960689169,0.7891083599849491,0.41260699323105476,0.6944969574274871
0.086230306923118,0.24694149794997342,0.12345852735588086,-0.7746763109547465,-0.030085074664059526,0.15617803446876025,0.19593798308265697,0.011002566567744926,-0.06547119405450408,-0.09241125952944176,-0.8786170778190459,-0.9002743038962466,0.7178530455395224,-0.3707857738091136,0.20828064333956076,0.32644759896359,0.3337071382621073,-0.5821532458204668,-0.14402988809569428,-0.7114607669908319
0.018253029363174356,-0.6749363327193654,0.00729117117079757,0.034218192027776456,0.08730765875900026,0.20797050642590575,0.023010331106374904,0.22342068960001385,0.09710760537703558,-0.1509435884675811,-0.5524012813824464,-0.5529018423883763,-0.7635436824515291,0.6179310293781595,0.9103173412441392,0.668251653470014,0.3593569805042882,-0.07727226170322221,0.9069634659407348,-0.7662972918000368
-0.2371618283774578,0.23992360479100044,0.36935683776993666,-0.06279474785361286,-0.029363113071315783,0.21307853110544384,-0.5434253695244841,0.34288659337531646,0.06309184789624855,0.07332089794076616,0.9847032281655563,-0.9907617840023446,-0.49202658512343445,-0.7922991968663029,-0.5704885015824455,-0.3214836127280325,-0.7930408497805117,-0.21632956852700214,0.9055167927421757,-0.5109586424633772
0.19647437000217938,0.40548690319624947,-0.1471093956591652,0.14422530502419717,-0.19511814612028075,-0.07842545081772492,-0.4504285220629791,-0.03948718608279844,0.2006321130160328,-0.30872957839498993,-0.3999059083814145,-0.13789977251218621,0.1834474654508813,-0.6038769308622396,0.43325648035832787,-0.3827749583318891,0.16227237968410346,0.8572510415094885,0.6625676964574494,-0.5140111648501537
-0.5010387644748556,0.17998155351032907,-0.265890499006422,0.072352521517272,-0.06448935641508535,-0.03007827089130294,-0.08521809346842413,0.11628523343451405,-0.01645274892962961,0.034695449004878455,-0.033734763039857674,-0.5502277888518741,0.6390868358296815,0.328892774024667,0.13192209819860445,0.053200989709730306,0.4430273366461237,-0.372937493280062,0.9032999293057591,0.9854260219925053
0.14450873438423756,-0.09257177012046736,-0.021169906785833414,0.033635138700956135,0.11527289995514689,0.009464150026722185,-0.11284283978414511,-0.3926419893415496,0.20593450822542375,0.30486553894745727,-0.6387412206127572,-0.5481883219241961,-0.17119569771851095,0.20306846675132384,0.26656591894732196,-0.5012316378086463,-0.6958281895639185,-0.6618483888278948,-0.8193327470813465,0.7939738046606302
0.04958627773880879,0.017675078427160984,0.23294121243168364,0.6425159056974431,0.10485147466817257,-0.010313410982825011,0.18255073326259996,0.3082460835502818,-0.1098978316038298,0.07708628526684524,-0.9915643604306845,0.7828358395683856,-0.9106866279993915,0.01377894720948869,0.4598803225630137,0.9272334600369936,0.35535711610339105,0.07154533473297153,0.6219710175627726,-0.9625816210673324
0.05310154355503616,-0.041376622569752705,0.02856229279509251,-0.009275451643252788,0.2619182408903451,0.42409839419784645,-0.08380640697448544,0.5758981125403395,0.050606706755286106,0.043603520955536955,-0.2411019131704042,0.5355751812447545,0.6726633861548386,0.7758209678637706,0.7412449978175204,0.9636674788427262,-0.8829612939543514,-0.9296822908580438,0.04088586107135184,0.1786519568695748
0.34867501405819346,0.2350635146428539,0.2307878859022052,-9.76009114882978e-05,-0.4983941556101866,0.02523182480864955,-0.4933241085451261,-0.15405951939268206,0.011902617811949907,0.24159998369053448,0.0748238241846153,-0.7656596087624632,-0.5337713133659059,-0.25387005669941387,-0.7178423616479714,-0.4490279627902096,0.1814069921594461,-0.44153026639033977,-0.32702765224720864,0.9051982090095856
-0.15960504966486705,-0.030037575202909284,-0.10264881756880093,-0.17601770633182773,0.10780185835620601,-0.0265248750861502,0.010409620246375928,-0.10999786650214968,-0.08288750526968675,0.3220889482375641,0.5882456141597723,0.07825056128182628,-0.1936077193761656,0.05619927215040699,-0.20920341408716348,0.6191834254122661,0.076181367900511,0.006452480947666928,-0.6301291462903988,0.826985067841645
0.13980689348241382,0.12635854835294844,-0.14697935868648587,0.09096500817229847,0.27813243257900766,0.12151838045441682,-0.4714898763971257,-0.01293130429524035,0.22104544269879906,-0.5053597881908837,-0.8662335497377116,0.682509161682116,-0.09358078064999242,0.9682290777296609,-0.683636748267582,0.577938939759983,-0.5015784179069782,0.37165601083722355,0.9217500790196993,0.007859968543449058
-0.3025784799264086,-0.16499466694401402,0.10207047812790579,-0.6632431137244035,0.21423128853664336,0.07903834671094596,-0.027330881345846013,0.03464482514667129,0.03755548164589996,-0.04383288885281255,0.9812141555487193,-0.20912435265442086,0.8204194813803016,-0.013934110384467013,0.12490322238248552,-0.8244978393033142,-0.9175786948733804,-0.5507827730092645,-0.13234101275092458,-0.6244130556074103
0.0871124216728758,0.2717992041505758,0.03191721013853579,-0.3314153333232285,0.008749874461538996,0.1961310219207295,-0.09357616879376422,0.3579272687673775,-0.2699428507062931,-0.043631053537574564,0.7375508487557463,0.8119272559962825,0.6263122199129447,0.5528605581863824,-0.9357113611825318,-0.6777368812581441,-0.6140583958720065,-0.6637357118320089,0.08307451439022806,-0.6407656828442825
0.09149658533117905,-0.760554568005806,0.28558196249387824,0.002561027844519226,-0.07428806995818699,0.0346673124212131,-0.004100967389343929,0.06187326432695597,-0.23055966469396666,-0.1307795429635602,0.04534578597877803,0.9207510240810299,-0.2965997205831086,-0.4727851944381918,-0.31284489399427384,-0.08868591325893882,0.9292803518546262,-0.35210522585501125,-0.21968341229232147,0.2938875225055626
-0.3527232217220011,-0.05744832133917077,-0.3564225943278357,0.05000484987246151,0.011254580904081019,-0.029903949941473097,0.15321486372886772,-0.6561726274003311,0.037765583749040196,0.013113477967903494,-0.6279386949575847,-0.6354669019704229,0.9842803799738233,-0.9960962897229342,-0.12919366944692245,-0.400856277245069,0.3299710043731616,0.4837732667700343,0.7266385215070108,-0.6332772811007013
-0.5905558410338252,0.0341571463784533,0.013943379451041113,0.11442705815103743,-0.022766732522130947,0.03267780721727418,-0.05927209860100796,0.4885036432340444,0.2370470237064068,-0.12973203792850552,-0.3911393425628993,-0.7416047159888881,0.725675052978215,0.1228967569508781,-0.65240558694975,0.3027531544051858,-0.5833333639193818,-0.6226843632761614,0.4048394082818778,0.2000243672303259
0.09737037217021866,0.474677859214402,0.29052514625431086,0.005927100418773423,0.2568520405178708,0.21865203828734747,-0.12224442619364628,-0.29483928313128416,0.43699631334108346,0.041794692063558236,0.4357270497366863,-0.4560936027450173,0.8073100742781592,0.07495963605556821,-0.18169841553737176,0.44316120100410905,-0.08214903906551196,0.11474065553508161,0.6992153029271453,0.7011110998631249
-0.1971015210205029,0.3684354848452015,0.6526352379076854,0.032316996536200876,-0.045059281755638725,-0.1315709418461073,0.016282283992754498,0.1347177294843183,0.032153832131934526,0.03990109941487741,0.5716383985327476,-0.15642087564047213,-0.03408213660824955,-0.938646629195909,-0.8567308704615895,0.3709354878159996,0.8840692383205002,0.7813414360505513,0.8618641573385226,0.4841359849398845
0.16753366277748405,0.3387678861641334,-0.0744077911441568,-0.4360751234503628,-0.1526643179824972,0.17845502475696395,-0.14131063253978665,0.24899522034593585,-0.4505564878392675,-0.09598471877319315,0.6617550798439247,-0.586267185788016,0.6293259148367514,0.5294115151144596,0.9428512347821734,-0.10694729191918562,0.7407114409702835,-0.6144977712117192,-0.20265467781927948,-0.44851535641893037
0.07924995212478705,-0.3922180050580729,-0.06116355957757699,0.10029988052405675,0.43987163209689417,0.4355427434053527,0.06030330916005482,0.12175007543430197,-0.37721384290717863,-0.0020329827581995683,0.33312451568940493,-0.09616157429050798,-0.15146934753443997,-0.3038147282165744,0.29436884741952185,-0.37879927290188564,-0.3588153931828968,0.9144666877248342,-0.9238899033409067,-0.6458482925134477
0.2073658826849742,0.13754303055869505,0.3112410598941984,0.028652031249415677,-0.09530709336522064,-0.3108014682491802,-0.3955153369861799,0.20449141884348532,0.24030570510528304,-0.0067680265055932165,0.6231222185280576,0.9044815048009989,-0.5733248232878607,-0.4539220532414807,0.9811449794190523,-0.8259731968319926,-0.5176232067230742,0.5097782640497917,0.792662515379571,0.45266971980509796
-0.23669019351930987,0.1083610789686621,0.12588687886000488,-0.20580707719135183,0.2721719670972371,-0.49626194115572864,0.22236253348469498,0.48388086245986983,-0.05676753661775291,0.15909623252756055,-0.28484076015059157,0.8216382792437098,0.4714225119789268,-0.7486272672983942,0.8878875563606978,0.9818498458454623,0.7333205646380834,0.051701793260337636,0.7898604516349679,0.5989109401488386
0.04040261240889473,0.2264042254318227,-0.4199060152839097,0.28055386577332553,0.046464735679442024,-0.33662969552640787,-0.34479925133531053,-0.07552070715325976,0.011785176152620591,0.20869443126926168,0.31915492011987334,-0.1323295620008491,-0.7570486032921928,-0.09586709526438963,0.26784277232994746,0.3287006301630542,0.4078661005897186,-0.0001854769033950987,0.7446792280717303,0.9918086148007246
-0.0037196642411022303,-0.6565108465756808,0.13728232069546223,0.42095595552628307,0.011872247482367915,-0.016528199677773178,-0.07580142700449208,-0.08209909558740316,0.053219815489081196,-0.015610934560128645,0.8029350009364846,-0.2640092613360807,0.162767339415691,-0.5598797460598783,-0.6696684696460691,-0.5544269997818616,-0.8954805659643648,0.8608860605618445,0.06717190961594555,-0.34456275035171835
0.55542055257685,-0.16600100822363198,0.37148359575830225,0.025371269669889167,-0.0680506072600095,0.05294929876771702,0.08566338974255572,0.00435510481594038,0.2824079466452873,0.09792597051648724,-0.6139114288975345,0.17441804168467767,-0.11836963502294995,-0.27528628609108297,0.049363498419857654,0.804636401826949,0.8710619659925074,0.5131892046132907,-0.7923086836738917,-0.0983247639685434
0.1345825893305404,-0.7147643540440228,-0.25532762923614066,0.010066117763904397,-0.07994838787101924,0.029710732128016257,-0.08559779227235559,0.05961929401771407,0.06418383283134725,-0.0004872272024578836,-0.2333099472319735,0.8516423537321451,0.31244273506071085,-0.8707486712031549,0.8248382185620637,-0.4170012687839528,-0.3584758660866201,-0.6532089713852314,-0.6500292449390603,0.9864751749398215
0.2144967093025994,0.15412276016164983,-0.25975296547830706,0.01064766550213192,0.09097764888904275,0.8187682098452089,-0.038747403135588256,-0.0012418221379980263,-0.10928751390226343,0.04381982029640606,0.24853960886319748,-0.22854088299279596,-0.4502854694217009,0.21086022478840438,0.5979436942777636,0.492817792061792,0.3779196251989998,0.6904514761613958,-0.14064984453029683,0.23852646656312282
-0.34330241813389467,0.2645801447750733,-0.09151051938221287,-0.21608442555439406,0.14699294547905475,-0.19419506841078613,0.19332641600234585,0.12587620601911587,-0.238384133603724,-0.17194304490146708,-0.9729741031536967,0.4287502038388167,-0.2432256747836019,0.5078948240366981,0.37043606126366524,-0.3768297087259209,0.4145288692871585,0.49270520992029887,-0.44552592855884043,-0.46393384886848055
-0.039823783850018564,0.12495219684918896,-0.07249342324029678,0.017206092025309642,-0.13410772993850678,-0.2147156204001205,0.22238069828964804,-0.2589136647284833,-0.6482088879127558,-0.22893171836808424,-0.8262471667151152,-0.1893368964623483,0.2196452904625803,-0.26779055715306455,0.27605912436188107,-0.9804883147511843,0.7917050057729647,0.23163735560614174,-0.0336859694154894,-0.8948584447316621
0.5454306714988704,-0.015668674566964677,0.08256064373423899,-0.06314155307746337,0.10694688484128212,-0.0888440806926241,0.007206057418082057,0.36821151990196266,-0.17034712357866466,0.02772071451179102,-0.23494277957869691,-0.8889060916024796,-0.8543939700254162,0.7061323894782876,0.11209688360006242,0.8729028384838811,0.7783557323427073,0.6672696057091272,-0.5456299509118199,0.09606150222610821
0.15042232767795166,-0.03612997846938005,-0.023211569619117967,-0.31438884557929914,-0.6245828252028255,0.09775567497863974,-0.09056410953781692,0.0023658229160491012,-0.03403057919221347,0.49812743393233283,0.8704917485954384,-0.14739204229217506,0.8401732763793885,0.123170611440649,0.9879188979348343,0.8393991803583618,0.499589689050254,-0.1949157919170954,0.847807432347113,-0.1357247792308447
-0.1433681196458283,0.01948264592002369,0.041273212666868564,-0.09821257897102958,-0.27838411585409395,-0.38700000834007264,0.17551048089917975,0.38415395765604543,-0.3864935603093678,-0.23465666997359946,0.15846692572127608,0.9979878901079422,-0.9882901608264651,0.25081491655347654,0.030490261057852797,-0.8520975265496469,-0.6578048587145,-0.05069912403106214,0.15388578715523304,-0.5832487525253522
-0.7760534060027324,0.15170543243274492,0.06770611430546364,0.30133500094574794,-0.0430902013851915,0.01965854228009415,-0.11492212796920023,0.009497513626051862,0.06922329150171988,0.02620065258773758,0.2940619142604184,0.1276481923210877,-0.18652076630754766,-0.3192392974900322,-0.9983564901768764,0.739391741874345,-0.06275172742996427,0.902211939126091,0.17765674747293514,0.529226637894421
0.008200831976099998,-0.12253730362428517,-0.32549674908873716,0.6055309420220384,0.02721656107982015,-0.06133997204712814,0.2785108010970331,-0.08466196031351686,0.314575997077526,0.12548260302318745,0.20988117554363073,0.43533069680725767,-0.021365360548170953,-0.35837378845421086,-0.16715890331620398,0.072156490247127,-0.9756559765628705,0.26797939869329657,0.756241607124118,0.8398973824788425
-0.0042003624111262294,0.04454619676374316,0.020142892717012056,0.11766241581722747,0.010005391727174323,0.6303932969525065,0.09763847747098858,0.21476425706022156,0.545693250703784,-0.05679742947352204,-0.8886111126708698,-0.4019732846135464,0.7547248928749555,0.2412889985407709,0.5501638033626213,-0.7992588411817443,0.47140881124062917,-0.8971854228319525,-0.7229455456883134,-0.8006459087777518
0.0029320240470801645,-0.16197334086100929,-0.06822945207820731,0.44661863773345534,0.08523184595203424,0.25202599378175916,-0.29031497685297875,0.019283898594144856,0.4742314552819884,0.046908978386607236,-0.7321361418009433,-0.11732678657179685,0.06016631605661216,0.4433543655179759,0.9261795524535834,-0.1726038136663799,-0.7400539430655826,0.8751580449185037,0.1123359260028578,-0.3985106853165532
0.07015335025991787,0.791039529139529,0.03282762944133112,0.048503555583171716,0.021103608058604457,0.2303784062207736,-0.07028544966625311,-0.07851098179362347,-0.015360981402052186,-0.017607543642456383,-0.3436251875579983,-0.6856676007891396,0.8192754763569865,0.573278908303523,-0.13701738219000714,-0.8701049914976995,0.3632815115171937,-0.32287855225295314,0.8749703420259125,0.8608610829673209
0.2646884227806437,0.10066792270109581,-0.3316082043907589,-0.09476800349574929,0.057977204547980804,-0.024102909025035008,-0.27645407068552674,0.17918719584937826,0.3477369730799883,-0.17915239345324785,0.9792193746356945,0.5468111123820107,-0.8727948027060115,-0.1795527790725242,-0.3876172337787831,0.660026546531836,0.10858010819209851,0.8502360849972481,0.5064030070969692,0.22105629082545053
-0.05013563787533393,-0.09685406140616051,0.03246112991218636,-0.1796117861143327,0.10163513823498474,-0.4880485261222737,-0.14269102262343505,0.27158275024749023,0.28583775496985553,0.00701517412445744,-0.7170449757908408,-0.537281354138673,0.7773595159940694,0.03144287358765263,0.5475346667181955,0.885491965985213,0.9548621272895412,0.5639490175103361,-0.5683349177230155,0.7005905433599278
-0.23026147432639277,0.23600279959401216,0.05975521049864127,-0.283320651954442,-0.38772947997001056,0.5068626145720682,0.014003628972994134,0.32641752189476303,-0.2275191957686756,-0.07745152650114961,-0.5951566829159807,-0.714655279056001,-0.6553986801755887,-0.8074571188016884,0.38451665919505884,-0.2667525853776014,0.6081009686580614,0.8751111202261062,0.2961497094654595,-0.7002429108630497
-0.029820373357715292,0.4594758523675714,0.013670990387961351,-0.02099889796765425,-0.3150320377077439,-0.0025232892073651465,-0.128164391846561,0.0027643006683421775,-0.03125672747202565,-0.6899962949812585,0.7832088678400824,-0.325450228006712,0.19030553491734037,0.13773163732646254,0.09053986658616897,0.37160347347407585,-0.10128538577515434,-0.780923574592832,-0.9848325244387404,0.20849544107950035
-0.09183212164109716,-0.18928856507864875,0.040757341304363454,0.16206217770677075,-0.6597842131166393,0.061763547646637273,-0.07244316613374491,0.10483131911082258,-0.1328689603089276,0.02656659396256049,-0.387208774425313,0.7009128747157329,-0.8806038552333655,0.9523917029930618,-0.44660239313559846,0.9939989270697254,0.48828490660990065,0.45031391526442754,-0.4202365963649397,-0.030791419640316953
-0.11115485577810924,0.07524761124152016,0.006485428316690045,-0.07854623424261507,0.20590807423442303,0.07644703930397986,0.01003943077268896,0.0532234686612101,-0.047185085999255416,-0.7363446949107187,0.8033802338060121,0.016851603277411975,-0.6341108027145468,-0.5184500098339404,-0.01203173655544143,-0.8586070031512085,0.8427281707663661,0.17154409239926416,-0.5808441655269809,-0.31233306300132946
-0.04200820119224923,0.014660865058350288,0.04276285623742667,0.6121561040314277,0.016633687626153082,-0.02005375298011839,0.07440194234986214,-0.24400065200480126,-0.2366398293143372,-0.16478838949369817,-0.8552463904309604,-0.9442601942070576,-0.7181399775055759,-0.2701233502098601,0.7583934870089342,-0.2448573920408219,0.24079530853587805,-0.7205067259149831,0.6382015349033352,0.8849082391562999
-0.21842383893734982,-0.005481054939474567,-0.0045587620112032545,0.6693802871693109,-0.239849400878567,0.1200175027406105,-0.06368905247328402,0.08617254992303697,0.12467417013424342,0.03646328309921426,0.8079355040611362,0.03792572780534642,-0.796660930533343,0.27716318292043196,-0.47992131020622497,0.9903288464272773,0.6389953117292719,0.1786513045881839,-0.6898654818459795,-0.7632628907762964
-0.00030788027015082875,-0.1530400015860437,-0.24432250390948757,-0.4367708379271905,-0.24461768163543557,-0.019473668518993265,0.2597535591547524,0.007766878421878953,-0.0843647479735753,-0.12580869770449774,0.5923888244283431,0.32923218268878474,0.8494353165012587,0.8978498390430731,-0.4870928708656954,0.411768227296446,0.10002675432465225,-0.36182054659246954,-0.08691238222712094,-0.7298619007362808
0.21928870563770225,0.4415791128860693,-0.03658497687460448,-0.07032238120867018,0.16500372016379328,0.6314849671710441,-0.006257476490347906,-0.012776737218711982,0.050699202858592515,0.03227480644590813,0.9247048501331931,-0.9446569742146489,-0.6586485676912988,-0.21881901606937038,-0.26087890424623317,-0.6942486826654068,0.2882896557956873,0.2917012498974101,0.9255246556824821,0.39566640775964057
0.20239608874854334,0.49368446308627845,0.28006329367286176,-0.1436361230274188,-0.24865062244329839,0.22949605138751356,-0.12636719623302162,0.046346463821121175,-0.1500383174825093,0.4610620161958582,-0.15060239121513508,-0.3120685726224912,0.2694464850768423,0.5450906947423477,0.5877376550088864,-0.5616686622925737,-0.7718709744906767,-0.6020622543065319,-0.11983763716031715,0.5495959664189991
-0.21006525652340088,0.1643152176957034,-0.01587587182161071,-0.13630226814034432,0.707944095037697,0.014201990856806679,-0.15168137518535904,0.05612210492805586,-0.005023313542755342,0.031237444479532125,0.3005895324904133,0.882053792565147,0.2657090915988589,0.4908690076324116,-0.5936659721098221,-0.8243401438520648,0.9995880083665374,-0.6526857296433846,0.10300634814790577,0.9618873584793117
-0.15800900260923098,-0.02518684061397869,0.00590155945031598,-0.10921910306348831,-0.010428075940617676,-0.11380540680327841,0.24125488919347415,0.15611526519350427,0.051105350895694276,-0.4728496554348048,-0.785590508084739,0.5048507541513978,-0.9541530575604651,-0.7415840680151375,-0.4500870885443049,-0.5334333147192833,-0.4105110141090247,-0.1930389356837967,0.9519568726624597,-0.8734408642591356
-0.10129418036423615,-0.08620458003018378,-0.2747401791919576,0.003863301049751248,0.10512334975080305,0.015101236469157361,-0.45076188570462217,0.07486371050382275,0.013207359122174609,-0.4443798849481718,-0.9958934693637089,0.3070107313166599,0.4481249303120791,-0.008710270952075216,0.04271771592593665,0.9094867625280996,-0.3992793523080995,0.08070919139263055,-0.803372298796881,-0.39812993192726887
0.20834897064116858,0.007078094138451285,-0.0587756802943738,-0.12990684860218463,0.15622638650732915,-0.243535131757564,-0.03682068029293606,-0.2541516828997963,-0.5556552913373957,-0.4710182693919498,-0.2225594095429373,-0.22136223269459765,-0.958244781905796,0.5669236761979031,-0.531630920991258,-0.13269436934454926,0.6222302631602235,0.9355550547315861,0.8674375414594626,-0.8552299634263947
0.22532107924825717,-0.05229558462730771,0.2045051666610384,0.03880614776996047,-0.23963895064350538,-0.3268436092795173,-0.19472000452358107,0.12449624423344077,-0.18072630596944253,-0.35751253383709236,-0.15775734212966075,0.8131589231550298,0.3327366033322017,-0.5867407738904764,-0.1277457812802818,0.7729775482868013,-0.588200455217466,-0.9042754146124306,0.5159422266176812,-0.1410854166416664
0.019128051534555872,-0.016694304423716673,0.13824140615165045,-0.003397822957796631,-0.03710956546112877,-0.12522578602265055,-0.08410815877452665,-0.8637779708295106,0.03612034522383731,-0.0158518363951086,-0.9543992554052361,-0.9481737365982099,0.5188648123001358,-0.7143102006743018,0.16131943541558047,0.0977181282056101,0.7338771326516005,0.8025439201704601,0.970532840291725,-0.7439631362338757
-0.5228193386088635,0.08528628380846215,0.14418340365837826,-0.2411721349760404,0.20243509407103505,0.09222865276712254,0.28625212652805343,0.14662539571288982,-0.01358044671841524,0.37791481081290856,-0.6246424613563226,-0.040940422903038565,-0.5237722982435646,-0.8706983780226814,0.7939407136061827,-0.15503685698280467,0.17238696523898644,-0.5601584272207312,0.5305511014089257,0.5016254534252067
0.08610323079770843,0.22175107019842122,-0.3232974833967306,-0.139193822880598,0.3860998474691937,0.11277780823120115,0.186197595383094,0.14588875953404593,-0.012206161486151612,-0.0065569203849477065,0.2677014242769391,0.18590855076818125,0.6985717345955298,-0.5213007965079224,-0.32126136484839685,0.04985783035280922,-0.5007913537490571,-0.9103089985507475,-0.7783508720982009,-0.5676281443869959
0.2791822337500037,0.08174249303236877,0.09333537202905956,-0.613790390770745,0.4170042342865634,0.10835088948247512,-0.16118258789207437,0.04499631447906832,-0.0629120588400478,0.07914708461861919,0.24484631175754346,-0.8394071001901644,0.9101183648262556,-0.5129760520703459,0.8503728233809456,0.9222364604808237,0.49990840614662235,0.3779746314284729,-0.15564762443264302,-0.1498337711000428
-0.03438829515025155,0.30978716740257006,-0.6378209330742484,0.019304091928369627,0.16001979850522785,0.24540259998909641,0.004753782121452277,-0.14014001790376948,0.02048394567280437,-0.19802030705285006,0.026115138174330088,-0.08255305797359025,0.9751634633692754,0.8171051414740029,0.4391557466180125,0.8044593029141103,0.2172185043523216,0.07541536098832813,-0.9971395931372578,-0.4519844304308438
-0.05859021778160049,0.04291483311911289,-0.4777828785476378,0.027288642768245157,0.13453238091893993,-0.012717390527064554,0.10949973044205977,-0.2661387359434923,0.023515249082502132,0.08095516427734928,0.9466626913949396,0.13368838750253187,-0.3395903537334879,-0.5790496667085907,-0.2916405482935336,-0.2285437151797669,-0.7620674598775508,0.6122873328505993,-0.6542503888020317,0.43533270897817933
-0.04019272570386359,-0.6301828371520247,0.11118353311582233,-0.4713413739780865,0.006967915633619176,-0.13560025775000972,0.07161209156583156,0.1617915162532157,-0.08592467416440372,0.15512706099940654,0.36756174379636497,-0.8902690355176557,0.9782700867360181,-0.3952034255116603,0.6816456963194817,0.09919935653798295,-0.9498146750998753,-0.821397765690173,-0.18557664276489927,-0.03656337513083896
0.14291065250604454,0.11832939597395326,-0.018295557278710656,0.5435162130002673,0.005818581577769127,0.6405523226421701,0.029545126683791223,-0.04994855222210466,-0.03739988389003273,0.21810910930724614,0.8574318417033902,-0.024886935291999146,0.3639461750320878,0.11352806207175203,0.5951362947955714,0.9669238892509464,0.04860329843847366,0.18031965520202786,0.3296876103742987,-0.2624620665066506
-0.0033762468602278103,-0.12546978932190536,-0.29335476401540744,-0.18631996215480598,0.29253148094117176,-0.11620901430314336,-0.010776002405820488,0.572622979352979,0.0037509409615415767,0.3329225881182418,-0.7480554348446526,0.7016676167266012,-0.29600498823756993,-0.05875480758574736,-0.5949915603259937,-0.8032006185783933,0.03837488360584662,-0.8316973243096328,-0.3651041322506168,0.7583753246322054
-0.28246066810840553,-0.3291083924740894,-0.11695468454188251,0.3521133597668067,0.1037211850598248,-0.09311714471337945,0.03656020571630775,0.272839295121698,-0.06654919008705829,0.01556609067046133,0.6066819215061872,0.9659440033908495,-0.3805312443096156,0.7093606479950156,0.621008376374014,-0.09992229604681624,-0.5605938406377562,0.8668346234138455,0.5911443743237605,-0.5848540317414852
-0.026941653786135944,-0.057096112329702714,0.1039457909578754,-0.008682156017742094,0.04407301272833841,-0.11219211807079774,-0.022519420319814958,0.5414908776125884,-0.5629663403254692,0.10045322807463841,0.03087177297471544,0.8528271780069723,0.9815774909938637,-0.01748217451546097,-0.12030478414845835,-0.3044775314394379,0.0823464162306613,0.909547225877241,-0.47117667944885344,-0.10448795831488988
-0.3025657439748127,-0.3683344218264485,-0.14796480453620736,0.1422160385206288,-0.11710424714622447,0.46114687974071034,-0.0108056182228356,0.5290896848867288,0.03299312031917512,0.07565767925983873,0.36711534578766836,-0.5817724292628583,-0.4117377770921591,0.9007789504850066,0.4654289663361526,0.9896696472712783,-0.06687315781103931,-0.4809718832979266,0.9554788716941376,-0.9789706828787723
-0.01914287724683314,-0.1867601152873651,-0.12147502509081852,-0.07835374351378777,-0.006430012292253817,0.502167500993958,0.07612312013503324,0.012404231685947065,0.2415468676856699,0.1533904387530008,-0.8122689528238114,0.8622279476408057,0.22083133597425775,0.9296500431991204,0.800701862163893,-0.5832911913612224,0.7044760540822286,0.47614156146945574,-0.4689797992166953,0.26710815240345687
-0.04021029496321171,-0.09523094346109233,0.12464845536519958,-0.24021723602694578,0.1447256055286918,0.0888326510886544,-0.6434562976589029,-0.055335949382539246,-0.04538920446498505,0.027500777484954733,0.9576245083626691,0.6098072746597558,-0.6764365173001787,-0.6080110675697403,-0.6178391854322756,-0.6119494680960762,-0.5411921835113431,-0.4259053745299499,0.4575692925888921,0.17569015258355747
0.20930603356427524,-0.021332284161282432,0.09462538845915423,0.03188059751303923,0.5715482660516453,-0.08727746001663107,-0.11125844693293502,-0.51937058394011,0.012155565919687313,0.009029040214036173,0.6273687715429885,-0.998226187752191,0.3001552832188503,-0.7847872922799968,-0.8896020952315533,-0.18753517188977664,0.6548063209278101,0.4658787981735586,-0.4836074923145246,0.3557759852409168
-0.5658381006072186,0.29891440904488153,-0.04293146187081426,0.20107871254986764,-0.11093073438659257,-0.05998564552262639,0.33149013958512874,0.07152098796584067,-0.23167115791257764,-0.07606049454276796,0.3725419751029784,0.6658148697599988,0.7734237760043714,-0.13949077306994195,0.7838829729398005,-0.2121027022148887,-0.41725080102510836,-0.5691891127744166,0.26649525669173535,-0.5519698078746251
-0.028248730658937123,-0.28628224085361925,0.05818428571131251,-0.13819824819822996,0.282434176392354,0.02726003643192937,0.08858607480505151,0.44057729206149365,-0.008927450574627151,0.6177728164642939,0.830242728276227,0.9106259344920655,-0.2377633984267813,-0.9735621117541733,0.569254911039333,0.5835776322508692,-0.6057615786668742,0.6146963852706306,-0.8886794021963378,-0.47440747000689876
-0.09511387282435672,-0.04214223100953961,0.24422844046542258,0.11905519761904182,0.08500345036273105,0.04821232249389265,-0.04616614447615866,0.14323414273656782,0.2161365003571203,-0.4183997792632632,-0.7190942132225473,0.5614588683250863,-0.389693731658181,-0.3247979030474579,-0.805377850140794,0.48674191960659763,-0.013368170317682893,0.07757191829385435,-0.46892723674849646,0.25124308230253134
-0.32130585050965205,-0.19413326353205373,-0.05872690003635801,-0.07034805908437766,0.3416032522115555,0.11511904245810735,-0.4068253764089604,-0.00634592053925799,0.2126596644596807,-0.21109731274864818,-0.16736500362967432,-0.35744993494420974,-0.07522778353757453,-0.008318045783850536,-0.5247316394869062,-0.9410348548907954,-0.018162175316073892,0.5178172898879643,-0.048386211503877785,-0.5594282606960634
0.20667255073307428,-0.05269916591802955,-0.67324746998133,0.14905352223607415,-0.003228349817063464,0.14774242322357617,0.4110993531802122,-0.017458052400105853,0.0932669315726582,-0.001762905557433414,-0.3371851945397908,0.9805204233779878,-0.2817727176175451,0.6309812032159288,0.672350420550972,-0.14411632950472142,-0.4572847017648809,-0.479123648086933,0.29610525640761454,-0.24830578869680164
0.33031631662267313,0.21650872700268586,0.019993884445817775,0.00600199845393874,-0.1843026930974069,0.2295214953584404,-0.4457702584156132,-0.38284076204643547,-0.0065289742776099904,-0.45714993803421644,-0.6939534117073269,0.46714877408868394,-0.6079487090917941,-0.39704942868829396,0.1788044740494097,-0.6353732616961341,0.5238345038778998,0.09688965231391977,-0.6262951586475654,-0.1664837868525697
-0.022250080562701835,0.0007381941148239396,-0.0011561001176855629,0.27804491027984235,0.5294519207378943,-0.05058211277283592,0.1524763455864216,-0.2646177961138576,0.1778892386018368,-0.12611025963006134,0.8214205281053233,0.9302606967364204,-0.741926379040494,-0.6619052066193662,0.21016716692733906,0.524930445477864,-0.7950772885593151,-0.8542038769180809,0.9988494006741426,0.5642777685222977
0.007120468307241445,0.15950084180106572,-0.06239191930005943,-0.04708514171860766,-0.12823987421332073,-0.49552484065901237,0.2561183652060304,-0.4390610940204841,0.16445975229036894,0.08164768890548801,0.28110459673996435,0.3979742786678837,-0.8948721324121656,-0.7906277962025781,-0.511603718037493,-0.7862069758359675,-0.5094326216552203,0.8306003416864118,-0.9992902954280358,-0.3411097840123831
0.07904829163656912,0.0368862349237451,-0.07082096736450684,-0.42750903544774127,0.1985351341288149,0.2852924091639868,0.05733902704442394,-0.15442300010948795,-0.21142311157589022,-0.015980306430821267,0.6212910520693304,-0.49734131120031333,-0.8009914545698127,-0.4087671418571872,-0.5812445340881973,0.5731618327064185,-0.8233321764980457,-0.32447408659355625,-0.25728506818106367,0.7414656383290339
-0.10365530351802049,0.3352445271802942,-0.1692437116223161,-0.04263743120639868,-0.24435798713872336,0.05476936731412718,0.14490861933407406,-0.45934215247014254,-0.05398011820934201,-0.37756766213140736,-0.7016127395743412,-0.03488632072219344,-0.5260318025861692,0.9882096749984259,0.5022615078825896,0.3622836613521436,0.2729742252134222,-0.6505863342662053,0.5538648021741726,0.21456526774248674
-0.270296985593109,-0.17850935974224458,0.3739343872629468,-0.014599938980405569,0.0153097032717453,0.16845717546262723,0.1741752510960376,-0.19783774664688614,0.3016746672541246,-0.36710495254384745,0.8750624111910024,-0.6292773336008124,0.023862490040470696,-0.9064079155503162,-0.472590080326478,-0.28988250346664657,-0.9608603309560071,0.2641197997922251,0.4574959614865568,-0.30602286984414584
0.5666826214673534,-0.2968895837769888,-0.13073250660778768,0.10106473898694146,0.08664464894459231,-0.13889448726441594,-0.03843168348183504,0.0235406415220306,0.0898198268533002,-0.1653324913098834,0.8500266084491979,0.14704303622398074,-0.9930250701696244,0.20295563684443096,-0.8790787237626301,0.10969762579210962,-0.6902618134136314,-0.16551816790797402,0.42524921528197,0.20393984185935077
-0.14563094166523294,0.0013012641252019286,0.01344302990188695,0.03576484893044818,-0.30615182715996864,0.12907055845921098,-0.27204860812260534,-0.4449807736952196,0.1238747711287922,0.020384513972986157,0.5130648097835402,-0.37476390238702284,0.08891919483267574,0.0644775215451916,-0.9024005937543302,-0.598777024241604,0.8757900738410112,-0.3230336920792505,-0.5506275620209979,-0.11028021908101726
-0.0015543179006127644,0.35764151414410517,-0.28399691851309705,-0.0572773952438414,-0.02872522518043978,-0.4597329077869108,0.06520390592832301,0.27786285590071036,-0.29340467961833994,0.0011704542093589065,-0.276136229194047,-0.8240273406472405,0.7591526863510603,-0.5521217750428999,0.46622141806214046,-0.44063870292388163,0.8985585943498349,-0.25871933146176596,0.9695130063746824,0.21506437729509176
0.03218387804466927,-0.06601335296383748,-0.0070098089460284285,0.06145239739063574,0.1260983918568293,-0.053855508107598093,0.2296535156152398,-0.46354836450142384,-0.39499481754217347,0.4022999822122434,-0.5042341755888344,0.6007168964674894,0.3857864564867137,-0.8230258058064588,0.7439696521198143,-0.6911421503527642,-0.8075848341619876,0.48866869137649793,0.7225716905948549,-0.3433400614655788
0.222368076606699,-0.28949048685701734,0.0392743759082565,0.034447247996151634,0.399439944405666,-0.15598280727120117,0.47992177205681497,0.1624551928926248,0.06783768320414957,-0.01674428149890374,0.3392532312098835,0.6116157070460895,0.37864275639910616,0.08973083705085116,0.46369675931042265,0.21350572403431967,0.43518806448026437,0.49584683497183857,-0.33386137929161985,-0.7624277830965802
-0.12671329759879812,0.21309471208090225,-0.5042602394682238,0.4527581846029212,-0.06042336671563192,0.054132931744602625,-0.0675963641518135,-0.14552599108957018,-0.2945936212777053,0.043969041367961426,-0.7898275817578366,-0.20991683865158617,0.2917585946444441,0.6089658923635086,0.5843184385868361,-0.5943037942012777,-0.9538209320619839,0.7787839517943655,-0.18801722802447363,0.7080297789725472
0.07738332267027323,-0.016412839070722635,0.10153810590504311,-0.044869079091151634,-0.03208174341223202,0.4316603013258916,-0.04953701537757774,-0.06813096566405466,-0.0888309679987001,0.6478511536799366,-0.4766231626639388,-0.3054832424681653,0.26585728747474513,-0.37482403959211497,0.6242137272082653,-0.4947908878849143,0.16122825263534923,0.37661485185281496,-0.08518703714477094,0.8427012672458478
0.01639189529336088,0.04157163524856933,0.5489538345097416,-0.09700101359067126,0.2872397713146313,0.052461889583892585,0.06950118591375151,0.3323802602165789,0.46690917753847405,0.018255341571289732,-0.5113975085086324,-0.21977949852098844,-0.4432446253179958,-0.2179026112806044,-0.036449362162621624,0.4973050329930442,0.6757500986783862,-0.4054130950371444,0.13339362020135992,-0.08164912432062121
-0.15024408098632158,-0.01369463809589297,0.36113130766925466,0.02098253278835932,-0.05639055119738112,-0.23528745468563428,0.03376530475831685,0.5606370747023015,0.005705340357289479,0.10052803159142776,0.8454308044476957,-0.24760358716123054,0.6438222567231904,-0.7915577961432225,0.170575982609525,-0.9839065727976177,0.9926437456233914,0.9461645904688729,-0.39612706668648334,-0.12903383565603432
0.08035333949831736,-0.0833803273095591,-0.35141055482369266,-0.0009284318151218432,0.0621938232947925,0.20314453069727798,0.007062873235284445,-0.5129808338462062,0.0398277647425207,0.2538623120213015,0.6185052999428198,0.5882751327046309,-0.21747287361072032,-0.9595791362534025,-0.18795154339954756,-0.67603006678794,0.997117103074971,0.35538153321260024,0.05156381287015699,0.8326424084954649
0.010257046974815864,-0.315424994338763,-0.38937123582189187,0.4565056244946436,-0.0785901495248897,0.11138672138561445,0.0004639628899053144,0.19786320749322722,-0.4180111034428959,-0.005194043646266459,0.4860703938582933,0.872718964561813,-0.7628595945267942,0.40058805617941284,0.21375478713748408,-0.3785043790078524,-0.646267123302142,0.787758349412548,-0.586582407650502,-0.12302029342994314
-0.3827550443445265,0.06450754502903067,-0.26032766823327613,0.5863525220866206,0.01934571793876809,0.09938629581055636,-0.27168985369975174,0.020413667791345735,-0.16670703952002713,-0.11185244418931001,0.15733831473899107,0.5536797457676361,0.7473285141024073,-0.8447593476744601,-0.3964857678311997,0.09545006112602805,-0.23420143364827894,0.7843089646679362,-0.06226692965369285,-0.7270882126315048
-0.041620486684486695,0.0440834653065956,0.014186742368822058,0.7790051349624922,0.06039811511066,0.014416327357524773,-0.07197475928515776,-0.008078363344470806,0.03493415034006827,-0.19124309712910342,-0.5785899382643096,-0.22672822410111682,0.694844053406237,0.42400512741107055,-0.855221376396631,0.7861148493939414,-0.08276189855570126,0.5214278914132453,0.37733815674458815,0.48205993931617175
0.11501156399427626,-0.5097537516827946,-0.46920913554675214,0.20822290544389255,-0.059056378992495315,-0.023803702650517768,-0.0190019436079162,0.4784756760612064,0.0500368958203652,0.02361714502879836,-0.9342602982282318,0.7333434741326008,0.7628681078777291,-0.10504115848386353,0.7338636128058631,-0.08662219413404659,-0.7635639984843712,0.6535650066645493,-0.8625087122566646,-0.8792278775750273
-0.06239690083471683,-0.20694673850902323,-0.02992566119417045,-0.04043379930030486,-0.024476308565842778,0.4107278832669412,-0.2649854209795531,0.37448062144368044,0.023718742087775274,0.014774060838355696,0.0036815076124738777,0.4799989685434112,0.26345872126800485,-0.8286712594830372,0.7743835036092079,0.8348567499529713,-0.015008969426968832,-0.37799437530146096,-0.37812809754981647,0.3144372174254786
0.6346899901959642,-0.15231102127649518,-0.016900893988686105,0.02120604444963045,-0.2576212132203279,0.08802583448157299,0.28067400490213146,0.3188821429484936,-0.04346846866488968,-0.10256393718830131,-0.35514977095978684,0.6364387058586116,0.7776910892190516,0.09108044190553244,-0.19648124673373224,-0.64038450709207,0.09307493444405934,0.5344068155818413,-0.1432909497373065,0.6406068342305096
-0.09135006175792137,-0.09002638761327032,0.011866505975158682,-0.08445068915680173,0.004166831286019385,0.7277544951039959,0.311600029855509,0.1625420603017578,-0.061636283697989805,0.03896483500839256,0.671024700236676,0.4514853509295442,-0.3662442127783454,-0.7320904680776072,-0.1940431206931872,-0.3447545635840237,0.42511996234529215,-0.8228361343711144,0.7526476796251285,-0.3127274347096145
-0.02886199794055784,0.3760498150463578,0.1284720139365223,-0.18513588361583966,0.47380183453690117,0.2191978201860124,0.22805629803520444,0.4083221356591613,0.23227103158774942,-0.1451790220053173,0.9372128315244155,-0.9699990963151788,0.058000826879968326,-0.3123952887560335,-0.44067945246583196,0.6539551852171321,-0.5282533900586541,-0.9385937995062485,0.5532635555477454,-0.4017107163846205
0.022266558063696956,-0.521086783321644,0.17252752860449622,-0.09692649677394843,0.063854272983785,0.07211775015963418,-0.07572988764970714,-0.09837348900023263,0.10928462140487258,0.0703033875324394,-0.5189486707250648,0.9681319834542568,0.49462695801798495,0.8623527998743417,-0.09040852177521841,0.538157990264454,0.9227633761806848,0.0943459739273409,-0.5913675474443261,0.8408863897821288
0.29819508454756005,-0.038787080718115555,0.02454456297360698,0.5163557268668446,-0.46380487017174965,-0.032117783758069174,-0.2554090789611506,-0.18962055508921882,0.3443015870504271,0.027359437127877057,-0.2209342056649215,-0.0933329440966395,0.8659016620504179,-0.9477995503091048,0.5111290714112784,-0.7966933132802858,0.49994343399925767,0.128043484246533,-0.4631906151102261,-0.42569953616444245
-0.031625653183458904,0.056033087315098276,-0.2504886660992194,-0.08948656572944858,0.05254502043424536,-0.030612343389621766,-0.4015690347976892,-0.09283214188081831,0.2064183895464537,0.10198599684922849,0.38650825303851444,-0.6917771902863488,0.017086159750282492,0.9551275157464341,0.8497979044676014,0.9819744801770511,-0.21419567103807013,-0.055201930222592344,0.8436929458967746,0.2500922513035626
-0.009590807874309125,0.018142844783778367,-0.5033221396906592,-0.10797698727300498,-0.15517231903904077,0.4901130134656728,0.0031739030449443317,-0.16520969350708692,0.03884834793093034,-0.3198703446973197,0.7833389441245351,-0.22749937541566623,0.04801071653135458,0.7538549028153441,0.019729752156085523,0.8051845722428608,-0.8337484680253178,-0.6903784502503205,0.8004949916917568,0.6915432675725395
0.050174859532862826,0.02811519923581937,0.07635501099387731,-0.08796520890071946,-0.43293278370581817,-0.38267470534586456,0.06868825268712278,0.01679706455468885,-0.48784518470387556,-0.08587692100396002,0.2711362981044856,0.22780831920183942,0.2147372337804243,0.9406817994216787,0.10650973649165452,-0.20207018614651262,0.5718311802914007,0.6357325394774185,-0.3420396612195591,0.32512271591984576
0.08500818025066903,-0.17099555432303623,-0.05819163962401436,-0.15814758704370496,-0.4292640930034212,0.14716387316421128,0.06881814543698085,-0.3120499499369294,0.09030943944177275,0.2341573710849265,0.10179962890929661,-0.33499331697490664,-0.20555755361055583,0.31486338222073584,0.8247020757713586,-0.8365713800995898,0.8869615943101368,0.0805593870753527,-0.8293571649177458,0.10730006446288809
-0.07363000222805166,-0.6172184284264817,-0.1044413534270121,-0.042645681837714416,-0.08492992025644173,-0.2865601559596996,-0.039786784076253814,0.4632228717242679,0.041258715123611914,0.056267868215391995,0.8942673903122538,-0.02714390002209699,0.9976799420443543,-0.48721389407221305,-0.4553627819960666,0.028738843868361785,-0.27528456520038325,-0.8771079689718919,0.998141352621968,0.2830305802458686
0.09028957290143957,-0.14363636636150467,-0.03520652383161749,0.1719649991406817,0.21973874423815504,0.057091689084524555,-0.013462816890118523,0.3589564758491821,0.45271826130414494,-0.3790083867889625,0.43196238426708433,0.7590862945477619,0.3146231744551282,-0.41633182165484306,-0.3483846147657905,-0.5819363711986456,-0.4296254126501422,-0.9890378220849425,0.11501961379071934,-0.7436207147810692
0.07981732246168911,0.08326767144877037,-0.0079085355003937,0.06272716178054955,0.06634172977933608,0.14518838750702176,-0.0745217333543367,0.773670423548037,-0.021393182376817726,-0.03145866771912234,0.8548830012789306,0.9453468097121902,0.46995409539952315,-0.9892129789679336,0.01684212358451087,-0.7420100349414656,0.691017315854537,0.7672405124947166,0.5786310775818182,0.8439847201406012
0.21354285663064387,-0.2500011222987583,-0.046946682479986734,-0.46326265389706306,-0.04404518960520623,0.10512068698907703,-0.24603382802902662,0.22737600392244178,0.0554005008341799,0.06499377863992878,0.13052706757377242,-0.7362056103167773,0.28387079257490133,0.29455169515843327,0.8261944315367638,0.14267398162908562,-0.3131837235481121,0.678677064368773,-0.6311251867367695,0.8906213053648746
-0.25646067517026483,-0.008903049465929527,-0.16184659547733454,0.14591725715701737,-0.11739225523727287,0.10153803598213432,0.23112931125423575,0.5058893625703208,-0.030284788479238545,-0.4829732087211036,-0.4872879641120156,0.7311008547322493,0.23482847135939644,-0.6319664313208462,0.8241824262879078,-0.5490140440103706,-0.00293762299571787,-0.027532432117903793,-0.05733793971800627,0.03861336414687089
-0.14261667891611648,-0.025578840383895046,0.003676012028799719,0.21257399029944135,0.04266728119379437,0.5063749869619147,-0.0010500624638082878,0.09739456336181682,0.4729313585427387,-0.38936480705252186,0.6183090531413922,0.5526368802380301,-0.6582475848343441,-0.43049119721753093,0.6588364425639825,-0.022121042826473314,0.6865937183305404,-0.885127903654241,0.8279898237142447,0.5097115575972455
0.07741614950544337,0.22030582655815567,-0.27046950824084504,0.5532953454204842,0.30635650587027047,0.043875502293681576,0.003791001682259758,0.12476044835258143,0.03820582252546753,-0.0570575004117208,-0.5972360931386032,-0.20288773729258747,-0.3360685684102598,-0.13940302812140448,-0.62417246879459,-0.6367441665878142,-0.4573474116724736,0.15663928157655982,-0.4078170083483348,-0.7503746845486636
0.5811630797404517,-0.24627871036525611,0.1074003879574263,-0.1048263838794457,-0.1515992863812922,0.20488223852881815,-0.1785806425720795,0.04660363851710886,0.037001288836611246,0.24280380087569164,-0.04762477329642656,-0.02615687510948339,-0.674635335924811,-0.10528285227873191,0.16021637840545844,0.5658151702623617,0.3074334561390786,-0.8137198300346282,-0.6487413776065811,-0.7881793670576733
0.3092972612249736,0.08810533393622486,0.2255853455795216,-0.1940816390981586,-0.1751309369056669,0.602787177889044,0.05518559817120669,-0.202436726583258,-0.11580157306563099,-0.13075822710213603,-0.9220479197623497,-0.5809943236209747,0.553055565794548,0.23759291555927242,0.18412962700812252,-0.16722395239190613,-0.6880758587848541,0.45677759199436063,0.14207094328073255,0.6600772027139383
0.13978477033949643,-0.21739317696326055,0.12081764493015434,-0.013425398533831165,-0.018307572714763354,0.012861312775227729,-0.5087481863852303,-0.009361316241861456,0.02624568373900743,0.006434856453857121,-0.9781675613154117,-0.2392002037263683,-0.25788700306165335,0.42506850901227367,0.5854276877105433,-0.24822841967159004,-0.3443384462149284,0.31074657158125674,0.16569078746449595,-0.7779421590275246
0.0021320813033293695,-0.0009320088485116548,0.0455655414275663,0.04130435881609135,0.027902586127229623,-0.05347034696502681,-0.6742832590521091,0.43529870959644423,0.24737702357355434,-0.2781497436332269,-0.5879905641386336,0.1987789093814052,-0.6258846679560286,0.7722502077773001,-0.4680749466055103,0.31272131797971814,0.20094340844951697,0.13604414063874382,-0.9611638717657258,-0.80188865914843
-0.06992030069789577,0.06434495646869424,0.004601377178321438,-0.7388283399400647,-0.2535401388459734,0.0196960850245137,-0.10108611389506156,0.0024661435654736164,0.03694471140107889,-0.21640243695874284,-0.3258684962937959,0.042621113048325165,0.784525858736395,-0.17668696224795188,-0.0389669027745323,-0.9357202095075765,0.04237329373443588,-0.03735867639112067,0.34781447697579004,-0.21413615160922528
-0.08590804697965998,0.08618864093646558,0.19779461949804938,-0.03701803637679019,0.513222764711264,0.37366403950709925,0.20808549599674797,0.06979191795940659,-0.024347003420288352,0.051566930047249104,-0.8040015967045333,-0.7886928178793515,-0.39997968871425615,0.6041306584106432,0.21432975627482254,0.7491033104370459,-0.7140132308845997,-0.8094506218145423,-0.42818795476987237,-0.4983683794028757
0.08655064427511966,-0.04736714592823854,-0.28285730279021737,-0.032043568984069896,-0.12190656858246902,0.01243167934390444,0.025946259128533336,-0.31987059972966736,-0.4581581424327075,0.01166459915180943,0.7466986451183499,0.559126575795263,0.03730409657963407,0.6696540328922247,-0.6231227243528643,-0.584001425033452,-0.4467162248217915,-0.07766377948490666,-0.9180952906601874,-0.6870827394626631
-0.17355295347835176,-0.2163963627558063,-0.013356486574136739,0.014311278785397397,0.0007896875682957827,-0.47501071467200606,0.05464073955282377,-0.008451922536697368,-0.05409461204339161,-0.05223557833130699,0.7523048798837411,-0.46011239668546744,0.0432417204740454,0.4499076198793537,-0.3094967698292739,0.7156631697998761,0.5973915140035642,0.5106543265024845,-0.8466015035494394,0.5843016644815566
0.027534578996103107,0.23399628583587506,0.19815701250616685,-0.4485554306419793,-0.46694311484285805,0.054211267170620324,-0.10284700891507553,0.0303811737388471,-0.47803692035616485,-0.01382509317637772,-0.7182969355198527,0.36002297462791955,0.38984328154841696,-0.8560725698795115,-0.48281380538431273,0.323995279014369,-0.8589418746198221,-0.6722129976302358,0.5672441945774342,0.8999888074491753
-0.01834152079513711,-0.6097324129840342,0.08108167109792999,0.10306916475417005,-0.04197913516711227,0.07169022840954452,-0.43237671317945703,0.10765656081399018,-0.10412114438855512,0.01745872369042523,0.06278375754464238,-0.2108057260689018,0.9748003181658702,0.34932638924069215,-0.7914952293396071,-0.290386810860108,-0.34387570403698375,0.9022203451714659,-0.4784432783635473,-0.6313415228925103
-0.0029720454663410556,0.2597174665441638,0.2690132555225848,0.5263354769199892,0.15665586785559227,-0.036638492114245524,0.1707998781714395,-0.19711613381194695,0.057735889110458655,0.3498820889302665,0.9194649295112316,0.8481322054679705,0.08603016765776839,0.11726794583996147,-0.9328952970713136,0.9354400817161759,-0.8544354700611037,0.6206544069978512,-0.3087196195635311,-0.3041696645590508
-0.08598247933420988,0.5317543037071042,-0.09309131309382379,-0.12379930881521808,0.0346576962351402,0.5455777005367419,-0.13714078527665577,0.07099960261222327,0.368422728858792,-0.1172904057469831,0.9637932669087501,0.18734533406574516,0.5463413136314836,-0.41362791880557515,0.29656657009775445,0.2928774400595744,-0.693140069249149,-0.3216096327291911,0.9970612750102488,-0.2667559026242978
0.02957709514641548,-0.04248791538700368,0.020982905631364984,-0.047577532895426815,0.12827991506248565,0.10648145829132943,0.15174711729808552,0.1605416822500163,0.7155336916415452,0.034330032402406965,-0.8423907647869677,0.8117516473507604,-0.8882634669063096,0.3157730433646164,-0.36318851595076085,-0.8880939463453816,0.2350066283933956,0.28544703592384213,-0.6895561414980966,-0.9489744600002896
0.010190132942258706,-0.12739085050423124,0.13119988257646645,0.00042235707952193585,0.019220929205839486,-0.7557785908996297,-0.09656050695735849,0.020045288374462067,-0.020538547100578813,-0.055435146043819584,-0.5896904429560708,0.6422227584289395,-0.6504051239563919,-0.14288429689784055,0.9825549437107262,0.193934948427261,0.3688951639659548,0.8265754010386901,-0.9616033705710743,0.19149894490902253
0.022701644038547977,-0.04501650411306536,-0.26807923847352494,0.10467285502651535,0.04835871419455191,0.15893813813736307,-0.06746841064392273,0.05514641986871566,-0.6804969641693781,-0.026540317261563334,0.7355039355999553,-0.04073457343663556,0.5776570376468126,-0.5776825501979492,-0.1592882171848038,0.3327844355193237,-0.12367110501893186,-0.41141695287416735,0.32079572719363525,-0.371104349782442
0.7317626029744505,0.12391687782071405,0.0011587860897949581,-0.2553734376113264,-0.2029616625033568,0.05645120569438274,-0.10584424710041171,-0.01141905041703027,-0.01571566731833805,0.11313462781815598,-0.9055906609764117,-0.7762374516035417,0.17601524412429947,0.7022776853874533,0.24747453929992536,0.08882222623219671,0.21167174654870946,0.5788501941814252,-0.11455059974073523,-0.3583511569939395
-0.23405002296826877,-0.18486761719148614,-8.604457442329405e-05,-0.0708343560928908,0.0895995389233768,0.48010702533901484,0.15675537944544365,0.0765589725019693,-0.3819587540097841,0.25185865148945785,0.9742136761462552,-0.8901612605764686,0.08665151011803074,-0.4172546047377792,0.44659768963346225,0.09205632263123609,-0.15444464945421665,-0.244530241864241,-0.7412275917461795,-0.0303577802720727
-0.13689053448470373,0.1961056223387819,-0.2841125989907329,-0.09732698143680224,-0.1555507811063864,0.3899268581877504,-0.6178415649673483,0.13177685555855911,-0.09819312462799779,-0.3833864695655955,0.027987442824410236,-0.5690437191757451,-0.20285788238074942,0.8737758581045332,0.5027265903719733,0.920263912483759,0.6335150656630317,0.9992173504063377,0.25944622376025106,-0.19754538044793768
0.24625011322536494,-0.07593741659747288,-0.14291453085435854,-0.4651263852172791,0.1967871900499285,-0.04459197407576604,0.07202262777889912,-0.2785500144914309,0.3629976180109552,0.021423343208306453,-0.5825723997117795,-0.29010868055521444,-0.9289781556379559,-0.4963594138208096,0.1662917538279849,0.4662294222775092,0.8149973657317064,-0.09250825262987195,-0.05984541520029807,0.42702984018042955
-0.044232127337107296,-0.01575414730479434,-0.621851758698805,0.013763430910117586,-0.14102168689543826,0.24513657127817984,-0.025159518817361698,-0.010536990221647044,-0.053710345079186275,-0.04900607407034704,-0.33692867077771127,0.6412045819492989,0.38185076643443794,-0.7916817836232419,-0.9229615533807096,-0.9196792807100442,0.38810267205466453,0.46543544601147047,-0.7086409240306286,-0.8208636781038083
0.02091385699366327,-0.4033317625164142,-0.5048775834481719,0.06877075004898656,-0.02708714697623013,-0.11501576066529129,-0.09780157637560077,-0.15479896503454887,0.01643269990704648,-0.1296529224372035,-0.7423498449918029,0.2844836462192797,-0.7855310784705345,-0.7518557661207057,0.21567502615880696,0.10759157105026884,0.6282137173508353,-0.8898321366390654,0.7069002189726248,0.8056903912552427
0.3951378832295578,0.3074429294050607,-0.16848486701442633,0.3388240646557767,-0.1914656885183173,0.053618545423842534,0.24610768173003605,-0.18837039099339017,0.03648790573983901,0.11946561637170977,0.9671871653973201,-0.9575692023537636,-0.6928558519584183,-0.32054811400756966,-0.6545884726797786,0.04458615951856171,-0.2804433808930642,0.4179569780842167,-0.8804672268652409,0.1818234802039811
-0.09822066901167958,-0.601629827240482,-0.363329343367916,-0.0642601427287973,-0.3099562171815139,0.1742737983188416,-0.09559462010462505,-0.19859754422859044,0.21586215045573798,-0.07322782893875746,-0.8529240170828798,-0.1616097972663042,-0.34755656218450315,-0.19755432894232094,0.44698063030630086,-0.4607058787959555,0.9096064068125143,-0.2935423659132861,0.9397206729209358,0.35710380951128173
0.013876055092362172,-0.20668681974676334,0.14008281020345575,-0.020884210919576634,-0.20067781287664752,0.31664685765903156,0.03719083427598497,0.05242884683807,0.48698022418781717,-0.04762872508098846,0.7617856871915301,-0.9940276024571881,-0.6011326961930099,0.5415021936811701,-0.25246003132570505,-0.013313695957251959,0.778667332402331,-0.8527895929797604,0.34549351063012135,-0.3559032516287286
-0.062036182508817594,0.21433486609445346,-0.01668912746185068,-0.018053152847621795,0.377409132399203,-0.11027340870290742,-0.14308195629795994,-0.6435989753416859,0.03136921573746407,-0.1575316474857737,0.533299015410446,-0.6181001729618023,-0.31581107611824755,0.7152440847300421,0.16642817322917636,-0.8076820195956156,0.8405864662716693,0.15369810601299205,-0.3553357843475766,0.39279256046964117
0.07941296553051044,-0.11948325795053982,-0.22958375957397054,0.49505641999830863,0.3121577053720668,-0.12383267252247249,0.0436682583180501,0.18567314044360866,-0.05116762881120096,-0.23445472993598587,-0.14242753534892083,-0.28014993357663376,-0.16666974137666735,0.8684604833213028,-0.24830542958932855,-0.511422723451173,0.4850685629625613,0.5379247781855263,-0.47069675819741397,0.919986294556413
0.5375357679345653,0.1443832859419937,0.5318003551574916,-0.11976191866701257,0.020112045675887244,0.002298334360168214,-0.10320159833395984,0.23641656591497673,-0.13936334700090636,-0.019627518576779808,0.605150413766294,-0.4920977095719823,0.5304552628225427,-0.46233114581391743,0.8278361372004355,0.4739814930908546,-0.7961308115271386,0.29589087237038947,0.16414544630248606,0.9206988904792843
0.05509129254454807,-0.3887840405130623,0.4255129263083055,0.059784728981176316,0.39541686074390403,0.13859600671638994,-0.24795831629752513,0.21522633391359547,-0.017045802090124365,-0.1359509466056687,0.705029330218953,-0.6559537688116137,0.19282087991751795,0.9378816980241891,0.018045414979943608,0.7788803259575565,-0.49938345431835685,0.8896711921586642,0.9505138472380708,0.9797344057529109
-0.03327250658258192,-0.6202480801818511,-0.19948488898956157,0.016527436253273742,0.09033291581286584,0.3644702525114637,-0.04670619701638204,0.27421236625297646,0.021052614693127678,-0.007785596690609624,0.9642760237002472,0.2880206874974416,0.09310117541364793,-0.3900195595754379,0.03090741866537483,0.9827331644781612,0.08727809054824065,-0.7778378120502294,-0.9081066306153436,-0.26794956997824304
0.020542779592048754,-0.11030337391976332,-0.16374558936051142,-0.03577987162966567,0.5092605253274936,-0.5175858282547311,-0.059055653092766086,0.3543265443759188,-0.02129106178359319,-0.07394683810315554,0.19316795630310568,0.35883750089898925,-0.6094270760820908,0.19853706731383025,0.40350235247390787,0.8237861499468153,0.6307670287314273,-0.28402326059053395,-0.5464132740622445,-0.5787728651411568
-0.06696514565423313,-0.014887151970044987,0.40618974276520836,0.059118460200695805,0.22229693975883746,0.6368168102831142,0.031636627540433435,-0.22842310885849113,-0.08302560674367107,-0.01902818515922376,-0.9171779017981099,0.8311804477609468,0.3244519135348838,0.1640955210823949,0.8276086205867554,0.8066095627393648,0.19257853524157942,-0.07047514011686018,0.348710954742659,-0.14406869788707155
0.05284047626733768,-0.06664970693612275,0.012785963233389264,-0.3406189326833341,-0.18158823728353388,-0.17960202509020848,0.020983006226803935,-0.04433654596077723,0.7162421497037821,-0.03170025285513256,-0.5474744728450756,0.6417285030012547,-0.7737204469259793,-0.021800960416447746,-0.10980746131333685,0.5638778216840776,-0.710370263423898,-0.14499922438458057,-0.19710977360942583,-0.8368290806077532
-0.033855480943719506,0.03993104493250325,0.01458903483179308,-0.02624928446710347,-0.002361571580685227,0.1024523379763298,0.8039384155159647,-0.009759179669420432,-0.02308933808145249,-0.04231363099429178,-0.6753206142040464,-0.18794793415171385,-0.7153480377553643,0.9182656907945066,0.7252127002046416,-0.8229188565215875,-0.310940180994151,-0.38762386824993844,0.3778804345506914,-0.7592146475277881
0.029046531898395817,-0.25699680568676186,0.0586779805372907,-0.12360811441427824,0.0741369340806867,0.5857447493070491,0.059316327331974034,-0.010279172023754127,0.09676167479262632,-0.2764244775077019,-0.40930405873155484,-0.33285423310520823,-0.27574630024228064,-0.9750935046593034,0.3750654739857988,0.3709487669094105,0.5353281262590734,0.26471735765098914,0.8584871690209024,0.15893968536273717
-0.05535882537501383,0.40948981533556494,-0.013757567579686058,0.013409857468384023,0.09577135282368808,0.5566483350750965,-0.07497467402104896,0.5689670821345223,-0.004470575631907003,0.05456370260000705,-0.8328317083254426,0.7267326766613098,-0.22339508997153534,0.1381132785499113,0.3973341570544435,0.9541060344146002,-0.8385569458968372,-0.6940097427646861,-0.3048541847604489,0.42280506270153784
-0.03381180701077194,-0.08632218803154212,-0.41649329761367754,0.4599436118101764,-0.01592280498539212,0.3674015431958424,-0.06604424319045814,-0.011934279916983002,-0.03502493702973582,0.07205261107816563,-0.9957203157785439,-0.2844332512763006,-0.43293111108270543,0.4351580836370974,0.552979045840138,0.05370618562571927,0.3519059168223406,0.5698832534408877,-0.8332373383906992,-0.009098505565388937
0.01773999335469012,0.22013959240516634,0.26774291341683054,0.3954739440405023,0.067943180079189,0.010795084549356813,-0.2997094977544896,-0.10004065961539495,0.2603999108143989,0.3102458099956079,0.48120347568153,0.2194351174892064,0.01965485559508262,0.8611657326950535,-0.4175105120612901,-0.04267778646824327,-0.6013329879671621,0.9452048964985174,0.488286570751411,0.30002904415872034
-0.05232055790612211,-0.04599599046750098,-0.9511651427254881,-0.05365891452998612,0.02457354399091677,-0.003386059138241193,0.08542836491849815,0.00997170276081813,-0.08467619744444498,0.14664327222206797,0.1256298259991422,-0.3727787079796394,-0.48265424620201003,-0.3416616319835528,-0.0834102744742169,0.8288966494014611,0.42188825608164016,-0.21751841193128363,0.5432092284880652,0.15557374761042908
-0.2702060301019059,0.08895550721027701,-0.11993080707024617,0.1936423446067287,-0.030892606899725908,-0.1316212359078158,0.057724838714551474,0.2549985634008981,-0.4235212741581814,-0.3587617858688038,-0.16803565750210048,0.8559335088712292,-0.5816401162019382,-0.32039084094277004,-0.9859930274368411,0.16885619353814252,-0.2479791547090906,-0.5935605529049064,-0.14940047522659494,0.8084305590999314
0.06261204928701572,-0.5661503382870603,0.06977684764755888,0.0116221176576628,-0.15620027535588088,0.19723916315984202,-0.39657221237891294,0.07176850846694319,-0.07270317995905849,-0.19873426508382847,0.5812154037007273,-0.4739837009129957,-0.13971887220019585,-0.9235867885219857,-0.8215270013884073,0.14505961609319717,-0.35579405642426765,0.2430385536955304,-0.6037069498208216,0.5943360218985017
0.07667147008851241,-0.31903277644287953,-0.11346063489779633,0.1663054784826553,0.10723415597986519,-0.11928823935348798,0.03910922101183023,-0.017850001517117825,0.3351630914091521,0.13829904324597558,0.4800903436629582,0.7836552091316353,-0.5899579075492372,-0.237154138993646,0.2940141099517979,-0.290714214451693,-0.08942671439302274,-0.5853996872550018,-0.4032986842726849,-0.2844612521567018
-0.07296835674843144,0.1596323476605851,-0.3261368649533238,0.015388576231028114,0.2854025547352923,0.3279055686399001,0.06847987448495446,-0.28869760719160964,0.44889344015698296,0.20463183793882564,-0.27270957452195854,0.5763888871912188,-0.41099902542622324,0.10300623936412046,-0.41631601015799324,-0.6800008351745539,-0.7177753932940851,0.1567562184546485,0.6740137431098898,0.45031955078758923
0.08075547169403857,-0.1858626692907503,-0.5500326777227325,-0.015163570240356056,-0.24327596188712847,0.03878838371721759,0.03588100895697802,0.04608898595335016,0.09373785391759482,-0.012182958192014872,0.4267571749500514,-0.3225396252568853,0.48912848325121505,-0.6425942825524535,0.3059971336123053,0.8489324798464422,-0.19867561371120623,0.8769784606738276,-0.5996720516139507,0.9332798829363085
-0.08622273276915826,-0.11458078294573659,0.3572989987474813,0.046525093541957,-0.14839989420688762,-0.08205783343111728,0.11152327664677208,0.04357985406092568,0.5251769240563295,-0.026885018289457663,0.35583184067718077,-0.33182637736374865,-0.7640815800652716,0.9598866152918419,0.40877188832276423,-0.09774246824611965,-0.2929135836335288,0.07296758637982492,-0.6741847977320514,-0.5246273084496156
0.375377185036275,-0.04904600602735404,-0.31041626147880036,0.08423410178605706,-0.48425483896388904,-0.12083182008648587,-0.3564889175152657,-0.04476096201739775,0.01816384774746098,-0.11152262454548328,-0.5235332821726804,0.3122920032045555,0.14718997862629202,-0.965972699660107,0.9332759144496052,0.39747468472089653,-0.9853831920644252,-0.5614595893264949,-0.27947564479597764,-0.763226026869946
0.07513284987295624,0.04747516428883142,-0.2634649072493461,-0.018771241807903682,-0.19805546302856442,0.5914375234155533,-0.10361972173605405,-0.1403531328329328,0.2291255502150823,0.04400494186209786,0.13815613255481796,-0.36564684236573464,-0.2081514822628241,0.7938109051782372,0.39682572350816625,-0.14224130165949744,-0.18670052387984515,0.9853726397691076,-0.010936661984481066,-0.8850414925726737
